name,date,mean,sitename,greenhouse,city,cultivar_id,site_id
height,17021,31.505,MAC Field Scanner Field Plot 588 Season 2,FALSE,Maricopa,6000000277,6000003184
height,17031,31.505,MAC Field Scanner Field Plot 588 Season 2,FALSE,Maricopa,6000000277,6000003184
height,17036,31.505,MAC Field Scanner Field Plot 588 Season 2,FALSE,Maricopa,6000000277,6000003184
height,17040,32.827,MAC Field Scanner Field Plot 588 Season 2,FALSE,Maricopa,6000000277,6000003184
height,17042,32.166,MAC Field Scanner Field Plot 588 Season 2,FALSE,Maricopa,6000000277,6000003184
height,17048,32.827,MAC Field Scanner Field Plot 588 Season 2,FALSE,Maricopa,6000000277,6000003184
height,17049,32.827,MAC Field Scanner Field Plot 588 Season 2,FALSE,Maricopa,6000000277,6000003184
height,17052,57.945,MAC Field Scanner Field Plot 588 Season 2,FALSE,Maricopa,6000000277,6000003184
height,17059,71.165,MAC Field Scanner Field Plot 588 Season 2,FALSE,Maricopa,6000000277,6000003184
height,17064,73.809,MAC Field Scanner Field Plot 588 Season 2,FALSE,Maricopa,6000000277,6000003184
height,17022,31.505,MAC Field Scanner Field Plot 34 Season 2,FALSE,Maricopa,6000000278,6000002630
height,17025,31.505,MAC Field Scanner Field Plot 34 Season 2,FALSE,Maricopa,6000000278,6000002630
height,17026,31.505,MAC Field Scanner Field Plot 34 Season 2,FALSE,Maricopa,6000000278,6000002630
height,17027,31.505,MAC Field Scanner Field Plot 34 Season 2,FALSE,Maricopa,6000000278,6000002630
height,17028,31.505,MAC Field Scanner Field Plot 34 Season 2,FALSE,Maricopa,6000000278,6000002630
height,17029,31.505,MAC Field Scanner Field Plot 34 Season 2,FALSE,Maricopa,6000000278,6000002630
height,17030,31.505,MAC Field Scanner Field Plot 34 Season 2,FALSE,Maricopa,6000000278,6000002630
height,17031,31.505,MAC Field Scanner Field Plot 34 Season 2,FALSE,Maricopa,6000000278,6000002630
height,17037,31.505,MAC Field Scanner Field Plot 34 Season 2,FALSE,Maricopa,6000000278,6000002630
height,17039,32.166,MAC Field Scanner Field Plot 34 Season 2,FALSE,Maricopa,6000000278,6000002630
height,17041,32.166,MAC Field Scanner Field Plot 34 Season 2,FALSE,Maricopa,6000000278,6000002630
height,17043,32.166,MAC Field Scanner Field Plot 34 Season 2,FALSE,Maricopa,6000000278,6000002630
height,17047,32.827,MAC Field Scanner Field Plot 34 Season 2,FALSE,Maricopa,6000000278,6000002630
height,17049,32.827,MAC Field Scanner Field Plot 34 Season 2,FALSE,Maricopa,6000000278,6000002630
height,17050,33.488,MAC Field Scanner Field Plot 34 Season 2,FALSE,Maricopa,6000000278,6000002630
height,17051,47.369,MAC Field Scanner Field Plot 34 Season 2,FALSE,Maricopa,6000000278,6000002630
height,17052,49.352,MAC Field Scanner Field Plot 34 Season 2,FALSE,Maricopa,6000000278,6000002630
height,17053,51.996,MAC Field Scanner Field Plot 34 Season 2,FALSE,Maricopa,6000000278,6000002630
height,17054,53.979,MAC Field Scanner Field Plot 34 Season 2,FALSE,Maricopa,6000000278,6000002630
height,17056,57.945,MAC Field Scanner Field Plot 34 Season 2,FALSE,Maricopa,6000000278,6000002630
height,17057,59.928,MAC Field Scanner Field Plot 34 Season 2,FALSE,Maricopa,6000000278,6000002630
height,17058,61.25,MAC Field Scanner Field Plot 34 Season 2,FALSE,Maricopa,6000000278,6000002630
height,17061,65.877,MAC Field Scanner Field Plot 34 Season 2,FALSE,Maricopa,6000000278,6000002630
height,17064,71.165,MAC Field Scanner Field Plot 34 Season 2,FALSE,Maricopa,6000000278,6000002630
height,17067,75.792,MAC Field Scanner Field Plot 34 Season 2,FALSE,Maricopa,6000000278,6000002630
height,17069,77.775,MAC Field Scanner Field Plot 34 Season 2,FALSE,Maricopa,6000000278,6000002630
height,17070,77.775,MAC Field Scanner Field Plot 34 Season 2,FALSE,Maricopa,6000000278,6000002630
height,17071,73.809,MAC Field Scanner Field Plot 34 Season 2,FALSE,Maricopa,6000000278,6000002630
height,17076,75.131,MAC Field Scanner Field Plot 34 Season 2,FALSE,Maricopa,6000000278,6000002630
height,17066,77.114,MAC Field Scanner Field Plot 679 Season 2,FALSE,Maricopa,6000000305,6000003275
height,17064,68.521,MAC Field Scanner Field Plot 829 Season 2,FALSE,Maricopa,6000000310,6000003425
height,17064,68.521,MAC Field Scanner Field Plot 828 Season 2,FALSE,Maricopa,6000000310,6000003424
height,17066,80.419,MAC Field Scanner Field Plot 674 Season 2,FALSE,Maricopa,6000000311,6000003270
height,17066,65.216,MAC Field Scanner Field Plot 675 Season 2,FALSE,Maricopa,6000000311,6000003271
height,17054,50.674,MAC Field Scanner Field Plot 718 Season 2,FALSE,Maricopa,6000000312,6000003314
height,17054,44.064,MAC Field Scanner Field Plot 719 Season 2,FALSE,Maricopa,6000000312,6000003315
height,17057,76.453,MAC Field Scanner Field Plot 87 Season 2,FALSE,Maricopa,6000000313,6000002683
height,17057,78.436,MAC Field Scanner Field Plot 86 Season 2,FALSE,Maricopa,6000000313,6000002682
height,17054,68.521,MAC Field Scanner Field Plot 686 Season 2,FALSE,Maricopa,6000000313,6000003282
height,17027,31.505,MAC Field Scanner Field Plot 687 Season 2,FALSE,Maricopa,6000000313,6000003283
height,17054,68.521,MAC Field Scanner Field Plot 687 Season 2,FALSE,Maricopa,6000000313,6000003283
height,17069,83.063,MAC Field Scanner Field Plot 687 Season 2,FALSE,Maricopa,6000000313,6000003283
height,17027,31.505,MAC Field Scanner Field Plot 695 Season 2,FALSE,Maricopa,6000000314,6000003291
height,17054,69.182,MAC Field Scanner Field Plot 695 Season 2,FALSE,Maricopa,6000000314,6000003291
height,17068,82.402,MAC Field Scanner Field Plot 695 Season 2,FALSE,Maricopa,6000000314,6000003291
height,17069,83.724,MAC Field Scanner Field Plot 695 Season 2,FALSE,Maricopa,6000000314,6000003291
height,17027,32.166,MAC Field Scanner Field Plot 694 Season 2,FALSE,Maricopa,6000000314,6000003290
height,17054,67.86,MAC Field Scanner Field Plot 694 Season 2,FALSE,Maricopa,6000000314,6000003290
height,17068,83.724,MAC Field Scanner Field Plot 694 Season 2,FALSE,Maricopa,6000000314,6000003290
height,17069,83.724,MAC Field Scanner Field Plot 694 Season 2,FALSE,Maricopa,6000000314,6000003290
height,17038,32.827,MAC Field Scanner Field Plot 517 Season 2,FALSE,Maricopa,6000000315,6000003113
height,17071,83.724,MAC Field Scanner Field Plot 390 Season 2,FALSE,Maricopa,6000000318,6000002986
height,17054,55.962,MAC Field Scanner Field Plot 391 Season 2,FALSE,Maricopa,6000000318,6000002987
height,17071,84.385,MAC Field Scanner Field Plot 391 Season 2,FALSE,Maricopa,6000000318,6000002987
height,17047,32.827,MAC Field Scanner Field Plot 245 Season 2,FALSE,Maricopa,6000000320,6000002841
height,17052,56.623,MAC Field Scanner Field Plot 245 Season 2,FALSE,Maricopa,6000000320,6000002841
height,17047,33.488,MAC Field Scanner Field Plot 244 Season 2,FALSE,Maricopa,6000000320,6000002840
height,17052,57.945,MAC Field Scanner Field Plot 244 Season 2,FALSE,Maricopa,6000000320,6000002840
height,17046,34.149,MAC Field Scanner Field Plot 539 Season 2,FALSE,Maricopa,6000000320,6000003135
height,17046,32.827,MAC Field Scanner Field Plot 538 Season 2,FALSE,Maricopa,6000000320,6000003134
height,17051,57.945,MAC Field Scanner Field Plot 538 Season 2,FALSE,Maricopa,6000000320,6000003134
height,17054,63.233,MAC Field Scanner Field Plot 538 Season 2,FALSE,Maricopa,6000000320,6000003134
height,17021,31.505,MAC Field Scanner Field Plot 575 Season 2,FALSE,Maricopa,6000000287,6000003171
height,17021,30.844,MAC Field Scanner Field Plot 574 Season 2,FALSE,Maricopa,6000000287,6000003170
height,17021,31.505,MAC Field Scanner Field Plot 548 Season 2,FALSE,Maricopa,6000000292,6000003144
height,17021,31.505,MAC Field Scanner Field Plot 549 Season 2,FALSE,Maricopa,6000000292,6000003145
height,17021,31.505,MAC Field Scanner Field Plot 550 Season 2,FALSE,Maricopa,6000000303,6000003146
height,17021,30.844,MAC Field Scanner Field Plot 551 Season 2,FALSE,Maricopa,6000000303,6000003147
height,17021,31.505,MAC Field Scanner Field Plot 571 Season 2,FALSE,Maricopa,6000000241,6000003167
height,17021,31.505,MAC Field Scanner Field Plot 570 Season 2,FALSE,Maricopa,6000000241,6000003166
height,17021,31.505,MAC Field Scanner Field Plot 584 Season 2,FALSE,Maricopa,6000000318,6000003180
height,17021,30.844,MAC Field Scanner Field Plot 539 Season 2,FALSE,Maricopa,6000000320,6000003135
height,17021,30.844,MAC Field Scanner Field Plot 538 Season 2,FALSE,Maricopa,6000000320,6000003134
height,17021,31.505,MAC Field Scanner Field Plot 562 Season 2,FALSE,Maricopa,6000000376,6000003158
height,17021,31.505,MAC Field Scanner Field Plot 556 Season 2,FALSE,Maricopa,6000000379,6000003152
height,17021,31.505,MAC Field Scanner Field Plot 557 Season 2,FALSE,Maricopa,6000000379,6000003153
height,17021,30.844,MAC Field Scanner Field Plot 558 Season 2,FALSE,Maricopa,6000000248,6000003154
height,17021,31.505,MAC Field Scanner Field Plot 559 Season 2,FALSE,Maricopa,6000000248,6000003155
height,17021,30.844,MAC Field Scanner Field Plot 543 Season 2,FALSE,Maricopa,6000000392,6000003139
height,17021,31.505,MAC Field Scanner Field Plot 542 Season 2,FALSE,Maricopa,6000000392,6000003138
height,17021,31.505,MAC Field Scanner Field Plot 554 Season 2,FALSE,Maricopa,6000000255,6000003150
height,17021,32.166,MAC Field Scanner Field Plot 555 Season 2,FALSE,Maricopa,6000000255,6000003151
height,17021,30.844,MAC Field Scanner Field Plot 533 Season 2,FALSE,Maricopa,6000000410,6000003129
height,17021,30.844,MAC Field Scanner Field Plot 532 Season 2,FALSE,Maricopa,6000000410,6000003128
height,17021,31.505,MAC Field Scanner Field Plot 578 Season 2,FALSE,Maricopa,6000000271,6000003174
height,17021,30.844,MAC Field Scanner Field Plot 579 Season 2,FALSE,Maricopa,6000000271,6000003175
height,17021,31.505,MAC Field Scanner Field Plot 565 Season 2,FALSE,Maricopa,6000000275,6000003161
height,17021,31.505,MAC Field Scanner Field Plot 564 Season 2,FALSE,Maricopa,6000000275,6000003160
height,17021,31.505,MAC Field Scanner Field Plot 589 Season 2,FALSE,Maricopa,6000000277,6000003185
height,17021,31.505,MAC Field Scanner Field Plot 601 Season 2,FALSE,Maricopa,6000000283,6000003197
height,17021,30.844,MAC Field Scanner Field Plot 600 Season 2,FALSE,Maricopa,6000000283,6000003196
height,17021,31.505,MAC Field Scanner Field Plot 614 Season 2,FALSE,Maricopa,6000000289,6000003210
height,17021,30.844,MAC Field Scanner Field Plot 615 Season 2,FALSE,Maricopa,6000000289,6000003211
height,17021,31.505,MAC Field Scanner Field Plot 637 Season 2,FALSE,Maricopa,6000000291,6000003233
height,17021,32.166,MAC Field Scanner Field Plot 636 Season 2,FALSE,Maricopa,6000000291,6000003232
height,17021,30.844,MAC Field Scanner Field Plot 627 Season 2,FALSE,Maricopa,6000000300,6000003223
height,17021,32.166,MAC Field Scanner Field Plot 626 Season 2,FALSE,Maricopa,6000000300,6000003222
height,17021,32.166,MAC Field Scanner Field Plot 605 Season 2,FALSE,Maricopa,6000000316,6000003201
height,17021,31.505,MAC Field Scanner Field Plot 604 Season 2,FALSE,Maricopa,6000000316,6000003200
height,17021,31.505,MAC Field Scanner Field Plot 585 Season 2,FALSE,Maricopa,6000000318,6000003181
height,17021,31.505,MAC Field Scanner Field Plot 629 Season 2,FALSE,Maricopa,6000000319,6000003225
height,17021,31.505,MAC Field Scanner Field Plot 628 Season 2,FALSE,Maricopa,6000000319,6000003224
height,17021,31.505,MAC Field Scanner Field Plot 595 Season 2,FALSE,Maricopa,6000000331,6000003191
height,17021,32.166,MAC Field Scanner Field Plot 594 Season 2,FALSE,Maricopa,6000000331,6000003190
height,17021,31.505,MAC Field Scanner Field Plot 607 Season 2,FALSE,Maricopa,6000000377,6000003203
height,17021,30.844,MAC Field Scanner Field Plot 606 Season 2,FALSE,Maricopa,6000000377,6000003202
height,17021,31.505,MAC Field Scanner Field Plot 631 Season 2,FALSE,Maricopa,6000000381,6000003227
height,17021,32.166,MAC Field Scanner Field Plot 630 Season 2,FALSE,Maricopa,6000000381,6000003226
height,17021,31.505,MAC Field Scanner Field Plot 633 Season 2,FALSE,Maricopa,6000000388,6000003229
height,17021,32.166,MAC Field Scanner Field Plot 632 Season 2,FALSE,Maricopa,6000000388,6000003228
height,17021,31.505,MAC Field Scanner Field Plot 597 Season 2,FALSE,Maricopa,6000000396,6000003193
height,17021,31.505,MAC Field Scanner Field Plot 596 Season 2,FALSE,Maricopa,6000000396,6000003192
height,17021,31.505,MAC Field Scanner Field Plot 620 Season 2,FALSE,Maricopa,6000000400,6000003216
height,17021,31.505,MAC Field Scanner Field Plot 621 Season 2,FALSE,Maricopa,6000000400,6000003217
height,17021,32.166,MAC Field Scanner Field Plot 635 Season 2,FALSE,Maricopa,6000000258,6000003231
height,17021,30.844,MAC Field Scanner Field Plot 634 Season 2,FALSE,Maricopa,6000000258,6000003230
height,17021,31.505,MAC Field Scanner Field Plot 622 Season 2,FALSE,Maricopa,6000000409,6000003218
height,17021,31.505,MAC Field Scanner Field Plot 623 Season 2,FALSE,Maricopa,6000000409,6000003219
height,17021,32.166,MAC Field Scanner Field Plot 618 Season 2,FALSE,Maricopa,6000000265,6000003214
height,17021,31.505,MAC Field Scanner Field Plot 654 Season 2,FALSE,Maricopa,6000000282,6000003250
height,17021,32.827,MAC Field Scanner Field Plot 655 Season 2,FALSE,Maricopa,6000000282,6000003251
height,17021,31.505,MAC Field Scanner Field Plot 642 Season 2,FALSE,Maricopa,6000000285,6000003238
height,17021,31.505,MAC Field Scanner Field Plot 643 Season 2,FALSE,Maricopa,6000000285,6000003239
height,17021,31.505,MAC Field Scanner Field Plot 678 Season 2,FALSE,Maricopa,6000000305,6000003274
height,17021,31.505,MAC Field Scanner Field Plot 679 Season 2,FALSE,Maricopa,6000000305,6000003275
height,17021,31.505,MAC Field Scanner Field Plot 682 Season 2,FALSE,Maricopa,6000000308,6000003278
height,17021,31.505,MAC Field Scanner Field Plot 683 Season 2,FALSE,Maricopa,6000000308,6000003279
height,17021,31.505,MAC Field Scanner Field Plot 674 Season 2,FALSE,Maricopa,6000000311,6000003270
height,17021,31.505,MAC Field Scanner Field Plot 675 Season 2,FALSE,Maricopa,6000000311,6000003271
height,17021,31.505,MAC Field Scanner Field Plot 686 Season 2,FALSE,Maricopa,6000000313,6000003282
height,17021,31.505,MAC Field Scanner Field Plot 687 Season 2,FALSE,Maricopa,6000000313,6000003283
height,17021,31.505,MAC Field Scanner Field Plot 695 Season 2,FALSE,Maricopa,6000000314,6000003291
height,17021,32.166,MAC Field Scanner Field Plot 694 Season 2,FALSE,Maricopa,6000000314,6000003290
height,17021,32.166,MAC Field Scanner Field Plot 665 Season 2,FALSE,Maricopa,6000000378,6000003261
height,17021,32.166,MAC Field Scanner Field Plot 664 Season 2,FALSE,Maricopa,6000000378,6000003260
height,17021,31.505,MAC Field Scanner Field Plot 667 Season 2,FALSE,Maricopa,6000000380,6000003263
height,17021,31.505,MAC Field Scanner Field Plot 666 Season 2,FALSE,Maricopa,6000000380,6000003262
height,17021,32.166,MAC Field Scanner Field Plot 693 Season 2,FALSE,Maricopa,6000000382,6000003289
height,17021,31.505,MAC Field Scanner Field Plot 692 Season 2,FALSE,Maricopa,6000000382,6000003288
height,17021,31.505,MAC Field Scanner Field Plot 644 Season 2,FALSE,Maricopa,6000000390,6000003240
height,17021,32.166,MAC Field Scanner Field Plot 645 Season 2,FALSE,Maricopa,6000000390,6000003241
height,17021,31.505,MAC Field Scanner Field Plot 659 Season 2,FALSE,Maricopa,6000000250,6000003255
height,17021,32.827,MAC Field Scanner Field Plot 658 Season 2,FALSE,Maricopa,6000000250,6000003254
height,17021,31.505,MAC Field Scanner Field Plot 661 Season 2,FALSE,Maricopa,6000000252,6000003257
height,17021,32.166,MAC Field Scanner Field Plot 660 Season 2,FALSE,Maricopa,6000000252,6000003256
height,17021,31.505,MAC Field Scanner Field Plot 663 Season 2,FALSE,Maricopa,6000000263,6000003259
height,17021,31.505,MAC Field Scanner Field Plot 662 Season 2,FALSE,Maricopa,6000000263,6000003258
height,17021,31.505,MAC Field Scanner Field Plot 652 Season 2,FALSE,Maricopa,6000000264,6000003248
height,17021,32.166,MAC Field Scanner Field Plot 653 Season 2,FALSE,Maricopa,6000000264,6000003249
height,17021,31.505,MAC Field Scanner Field Plot 702 Season 2,FALSE,Maricopa,6000000278,6000003298
height,17021,31.505,MAC Field Scanner Field Plot 712 Season 2,FALSE,Maricopa,6000000293,6000003308
height,17021,32.166,MAC Field Scanner Field Plot 713 Season 2,FALSE,Maricopa,6000000293,6000003309
height,17021,31.505,MAC Field Scanner Field Plot 742 Season 2,FALSE,Maricopa,6000000295,6000003338
height,17021,31.505,MAC Field Scanner Field Plot 743 Season 2,FALSE,Maricopa,6000000295,6000003339
height,17021,31.505,MAC Field Scanner Field Plot 710 Season 2,FALSE,Maricopa,6000000298,6000003306
height,17021,30.844,MAC Field Scanner Field Plot 711 Season 2,FALSE,Maricopa,6000000298,6000003307
height,17021,31.505,MAC Field Scanner Field Plot 725 Season 2,FALSE,Maricopa,6000000299,6000003321
height,17021,31.505,MAC Field Scanner Field Plot 724 Season 2,FALSE,Maricopa,6000000299,6000003320
height,17021,31.505,MAC Field Scanner Field Plot 718 Season 2,FALSE,Maricopa,6000000312,6000003314
height,17021,32.827,MAC Field Scanner Field Plot 719 Season 2,FALSE,Maricopa,6000000312,6000003315
height,17021,31.505,MAC Field Scanner Field Plot 703 Season 2,FALSE,Maricopa,6000000278,6000003299
height,17021,31.505,MAC Field Scanner Field Plot 714 Season 2,FALSE,Maricopa,6000000385,6000003310
height,17021,31.505,MAC Field Scanner Field Plot 715 Season 2,FALSE,Maricopa,6000000385,6000003311
height,17021,31.505,MAC Field Scanner Field Plot 701 Season 2,FALSE,Maricopa,6000000387,6000003297
height,17021,31.505,MAC Field Scanner Field Plot 700 Season 2,FALSE,Maricopa,6000000387,6000003296
height,17021,31.505,MAC Field Scanner Field Plot 735 Season 2,FALSE,Maricopa,6000000249,6000003331
height,17021,31.505,MAC Field Scanner Field Plot 734 Season 2,FALSE,Maricopa,6000000249,6000003330
height,17021,31.505,MAC Field Scanner Field Plot 740 Season 2,FALSE,Maricopa,6000000394,6000003336
height,17021,31.505,MAC Field Scanner Field Plot 741 Season 2,FALSE,Maricopa,6000000394,6000003337
height,17021,30.844,MAC Field Scanner Field Plot 729 Season 2,FALSE,Maricopa,6000000399,6000003325
height,17021,30.844,MAC Field Scanner Field Plot 728 Season 2,FALSE,Maricopa,6000000399,6000003324
height,17021,31.505,MAC Field Scanner Field Plot 727 Season 2,FALSE,Maricopa,6000000251,6000003323
height,17021,31.505,MAC Field Scanner Field Plot 726 Season 2,FALSE,Maricopa,6000000251,6000003322
height,17021,32.166,MAC Field Scanner Field Plot 708 Season 2,FALSE,Maricopa,6000000256,6000003304
height,17021,32.166,MAC Field Scanner Field Plot 795 Season 2,FALSE,Maricopa,6000000286,6000003391
height,17021,31.505,MAC Field Scanner Field Plot 794 Season 2,FALSE,Maricopa,6000000286,6000003390
height,17021,31.505,MAC Field Scanner Field Plot 765 Season 2,FALSE,Maricopa,6000000290,6000003361
height,17021,32.166,MAC Field Scanner Field Plot 764 Season 2,FALSE,Maricopa,6000000290,6000003360
height,17021,32.827,MAC Field Scanner Field Plot 802 Season 2,FALSE,Maricopa,6000000294,6000003398
height,17021,31.505,MAC Field Scanner Field Plot 803 Season 2,FALSE,Maricopa,6000000294,6000003399
height,17021,30.844,MAC Field Scanner Field Plot 787 Season 2,FALSE,Maricopa,6000000317,6000003383
height,17021,31.505,MAC Field Scanner Field Plot 786 Season 2,FALSE,Maricopa,6000000317,6000003382
height,17021,31.505,MAC Field Scanner Field Plot 791 Season 2,FALSE,Maricopa,6000000383,6000003387
height,17021,31.505,MAC Field Scanner Field Plot 790 Season 2,FALSE,Maricopa,6000000383,6000003386
height,17021,32.166,MAC Field Scanner Field Plot 799 Season 2,FALSE,Maricopa,6000000384,6000003395
height,17021,31.505,MAC Field Scanner Field Plot 798 Season 2,FALSE,Maricopa,6000000384,6000003394
height,17021,31.505,MAC Field Scanner Field Plot 804 Season 2,FALSE,Maricopa,6000000397,6000003400
height,17021,31.505,MAC Field Scanner Field Plot 805 Season 2,FALSE,Maricopa,6000000397,6000003401
height,17021,31.505,MAC Field Scanner Field Plot 759 Season 2,FALSE,Maricopa,6000000398,6000003355
height,17021,31.505,MAC Field Scanner Field Plot 758 Season 2,FALSE,Maricopa,6000000398,6000003354
height,17021,30.844,MAC Field Scanner Field Plot 797 Season 2,FALSE,Maricopa,6000000401,6000003393
height,17021,31.505,MAC Field Scanner Field Plot 796 Season 2,FALSE,Maricopa,6000000401,6000003392
height,17021,31.505,MAC Field Scanner Field Plot 757 Season 2,FALSE,Maricopa,6000000402,6000003353
height,17021,30.844,MAC Field Scanner Field Plot 756 Season 2,FALSE,Maricopa,6000000402,6000003352
height,17021,31.505,MAC Field Scanner Field Plot 755 Season 2,FALSE,Maricopa,6000000254,6000003351
height,17021,31.505,MAC Field Scanner Field Plot 754 Season 2,FALSE,Maricopa,6000000254,6000003350
height,17021,32.166,MAC Field Scanner Field Plot 806 Season 2,FALSE,Maricopa,6000000405,6000003402
height,17021,31.505,MAC Field Scanner Field Plot 770 Season 2,FALSE,Maricopa,6000000260,6000003366
height,17021,31.505,MAC Field Scanner Field Plot 771 Season 2,FALSE,Maricopa,6000000260,6000003367
height,17021,32.166,MAC Field Scanner Field Plot 827 Season 2,FALSE,Maricopa,6000000284,6000003423
height,17021,31.505,MAC Field Scanner Field Plot 826 Season 2,FALSE,Maricopa,6000000284,6000003422
height,17021,31.505,MAC Field Scanner Field Plot 812 Season 2,FALSE,Maricopa,6000000296,6000003408
height,17021,31.505,MAC Field Scanner Field Plot 813 Season 2,FALSE,Maricopa,6000000296,6000003409
height,17021,31.505,MAC Field Scanner Field Plot 829 Season 2,FALSE,Maricopa,6000000310,6000003425
height,17021,31.505,MAC Field Scanner Field Plot 828 Season 2,FALSE,Maricopa,6000000310,6000003424
height,17022,31.505,MAC Field Scanner Field Plot 28 Season 2,FALSE,Maricopa,6000000415,6000002624
height,17021,32.166,MAC Field Scanner Field Plot 810 Season 2,FALSE,Maricopa,6000000325,6000003406
height,17021,31.505,MAC Field Scanner Field Plot 811 Season 2,FALSE,Maricopa,6000000325,6000003407
height,17021,31.505,MAC Field Scanner Field Plot 814 Season 2,FALSE,Maricopa,6000000330,6000003410
height,17021,32.166,MAC Field Scanner Field Plot 815 Season 2,FALSE,Maricopa,6000000330,6000003411
height,17021,32.827,MAC Field Scanner Field Plot 825 Season 2,FALSE,Maricopa,6000000354,6000003421
height,17021,31.505,MAC Field Scanner Field Plot 824 Season 2,FALSE,Maricopa,6000000354,6000003420
height,17021,32.166,MAC Field Scanner Field Plot 823 Season 2,FALSE,Maricopa,6000000365,6000003419
height,17021,32.827,MAC Field Scanner Field Plot 822 Season 2,FALSE,Maricopa,6000000365,6000003418
height,17021,32.166,MAC Field Scanner Field Plot 831 Season 2,FALSE,Maricopa,6000000259,6000003427
height,17021,32.166,MAC Field Scanner Field Plot 830 Season 2,FALSE,Maricopa,6000000259,6000003426
height,17021,31.505,MAC Field Scanner Field Plot 807 Season 2,FALSE,Maricopa,6000000405,6000003403
height,17021,31.505,MAC Field Scanner Field Plot 821 Season 2,FALSE,Maricopa,6000000262,6000003417
height,17021,30.844,MAC Field Scanner Field Plot 820 Season 2,FALSE,Maricopa,6000000262,6000003416
height,17021,32.166,MAC Field Scanner Field Plot 808 Season 2,FALSE,Maricopa,6000000269,6000003404
height,17021,31.505,MAC Field Scanner Field Plot 809 Season 2,FALSE,Maricopa,6000000269,6000003405
height,17021,31.505,MAC Field Scanner Field Plot 819 Season 2,FALSE,Maricopa,6000000274,6000003415
height,17021,31.505,MAC Field Scanner Field Plot 818 Season 2,FALSE,Maricopa,6000000274,6000003414
height,17022,32.166,MAC Field Scanner Field Plot 78 Season 2,FALSE,Maricopa,6000000282,6000002674
height,17022,32.166,MAC Field Scanner Field Plot 79 Season 2,FALSE,Maricopa,6000000282,6000002675
height,17022,31.505,MAC Field Scanner Field Plot 72 Season 2,FALSE,Maricopa,6000000291,6000002668
height,17022,31.505,MAC Field Scanner Field Plot 73 Season 2,FALSE,Maricopa,6000000291,6000002669
height,17022,31.505,MAC Field Scanner Field Plot 44 Season 2,FALSE,Maricopa,6000000293,6000002640
height,17022,31.505,MAC Field Scanner Field Plot 45 Season 2,FALSE,Maricopa,6000000293,6000002641
height,17022,31.505,MAC Field Scanner Field Plot 55 Season 2,FALSE,Maricopa,6000000294,6000002651
height,17022,31.505,MAC Field Scanner Field Plot 54 Season 2,FALSE,Maricopa,6000000294,6000002650
height,17022,31.505,MAC Field Scanner Field Plot 70 Season 2,FALSE,Maricopa,6000000296,6000002666
height,17022,32.166,MAC Field Scanner Field Plot 71 Season 2,FALSE,Maricopa,6000000296,6000002667
height,17022,31.505,MAC Field Scanner Field Plot 63 Season 2,FALSE,Maricopa,6000000241,6000002659
height,17022,31.505,MAC Field Scanner Field Plot 62 Season 2,FALSE,Maricopa,6000000241,6000002658
height,17022,32.166,MAC Field Scanner Field Plot 86 Season 2,FALSE,Maricopa,6000000313,6000002682
height,17022,30.844,MAC Field Scanner Field Plot 35 Season 2,FALSE,Maricopa,6000000278,6000002631
height,17022,30.183,MAC Field Scanner Field Plot 57 Season 2,FALSE,Maricopa,6000000333,6000002653
height,17022,31.505,MAC Field Scanner Field Plot 42 Season 2,FALSE,Maricopa,6000000384,6000002638
height,17022,30.844,MAC Field Scanner Field Plot 43 Season 2,FALSE,Maricopa,6000000384,6000002639
height,17022,30.844,MAC Field Scanner Field Plot 83 Season 2,FALSE,Maricopa,6000000400,6000002679
height,17022,32.166,MAC Field Scanner Field Plot 82 Season 2,FALSE,Maricopa,6000000400,6000002678
height,17022,31.505,MAC Field Scanner Field Plot 53 Season 2,FALSE,Maricopa,6000000401,6000002649
height,17022,30.844,MAC Field Scanner Field Plot 52 Season 2,FALSE,Maricopa,6000000401,6000002648
height,17022,31.505,MAC Field Scanner Field Plot 66 Season 2,FALSE,Maricopa,6000000255,6000002662
height,17022,31.505,MAC Field Scanner Field Plot 67 Season 2,FALSE,Maricopa,6000000255,6000002663
height,17022,31.505,MAC Field Scanner Field Plot 74 Season 2,FALSE,Maricopa,6000000256,6000002670
height,17022,31.505,MAC Field Scanner Field Plot 75 Season 2,FALSE,Maricopa,6000000256,6000002671
height,17022,31.505,MAC Field Scanner Field Plot 46 Season 2,FALSE,Maricopa,6000000258,6000002642
height,17022,32.166,MAC Field Scanner Field Plot 47 Season 2,FALSE,Maricopa,6000000258,6000002643
height,17022,31.505,MAC Field Scanner Field Plot 76 Season 2,FALSE,Maricopa,6000000260,6000002672
height,17022,31.505,MAC Field Scanner Field Plot 121 Season 2,FALSE,Maricopa,6000000289,6000002717
height,17022,32.166,MAC Field Scanner Field Plot 120 Season 2,FALSE,Maricopa,6000000289,6000002716
height,17022,30.844,MAC Field Scanner Field Plot 98 Season 2,FALSE,Maricopa,6000000295,6000002694
height,17022,31.505,MAC Field Scanner Field Plot 99 Season 2,FALSE,Maricopa,6000000295,6000002695
height,17022,32.166,MAC Field Scanner Field Plot 87 Season 2,FALSE,Maricopa,6000000313,6000002683
height,17022,31.505,MAC Field Scanner Field Plot 108 Season 2,FALSE,Maricopa,6000000315,6000002704
height,17022,31.505,MAC Field Scanner Field Plot 109 Season 2,FALSE,Maricopa,6000000315,6000002705
height,17022,32.166,MAC Field Scanner Field Plot 119 Season 2,FALSE,Maricopa,6000000319,6000002715
height,17022,31.505,MAC Field Scanner Field Plot 118 Season 2,FALSE,Maricopa,6000000319,6000002714
height,17022,31.505,MAC Field Scanner Field Plot 140 Season 2,FALSE,Maricopa,6000000377,6000002736
height,17022,31.505,MAC Field Scanner Field Plot 123 Season 2,FALSE,Maricopa,6000000389,6000002719
height,17022,32.166,MAC Field Scanner Field Plot 122 Season 2,FALSE,Maricopa,6000000389,6000002718
height,17022,31.505,MAC Field Scanner Field Plot 127 Season 2,FALSE,Maricopa,6000000393,6000002723
height,17022,31.505,MAC Field Scanner Field Plot 126 Season 2,FALSE,Maricopa,6000000393,6000002722
height,17022,32.166,MAC Field Scanner Field Plot 106 Season 2,FALSE,Maricopa,6000000397,6000002702
height,17022,32.166,MAC Field Scanner Field Plot 107 Season 2,FALSE,Maricopa,6000000397,6000002703
height,17022,32.166,MAC Field Scanner Field Plot 132 Season 2,FALSE,Maricopa,6000000261,6000002728
height,17022,32.166,MAC Field Scanner Field Plot 133 Season 2,FALSE,Maricopa,6000000261,6000002729
height,17022,31.505,MAC Field Scanner Field Plot 102 Season 2,FALSE,Maricopa,6000000406,6000002698
height,17022,32.166,MAC Field Scanner Field Plot 103 Season 2,FALSE,Maricopa,6000000406,6000002699
height,17022,32.827,MAC Field Scanner Field Plot 100 Season 2,FALSE,Maricopa,6000000265,6000002696
height,17022,33.488,MAC Field Scanner Field Plot 101 Season 2,FALSE,Maricopa,6000000265,6000002697
height,17022,32.166,MAC Field Scanner Field Plot 138 Season 2,FALSE,Maricopa,6000000266,6000002734
height,17022,32.166,MAC Field Scanner Field Plot 139 Season 2,FALSE,Maricopa,6000000266,6000002735
height,17022,32.166,MAC Field Scanner Field Plot 110 Season 2,FALSE,Maricopa,6000000276,6000002706
height,17022,32.166,MAC Field Scanner Field Plot 111 Season 2,FALSE,Maricopa,6000000276,6000002707
height,17022,30.844,MAC Field Scanner Field Plot 91 Season 2,FALSE,Maricopa,6000000277,6000002687
height,17022,32.166,MAC Field Scanner Field Plot 172 Season 2,FALSE,Maricopa,6000000285,6000002768
height,17022,31.505,MAC Field Scanner Field Plot 173 Season 2,FALSE,Maricopa,6000000285,6000002769
height,17022,31.505,MAC Field Scanner Field Plot 166 Season 2,FALSE,Maricopa,6000000286,6000002762
height,17022,32.166,MAC Field Scanner Field Plot 167 Season 2,FALSE,Maricopa,6000000286,6000002763
height,17022,30.844,MAC Field Scanner Field Plot 189 Season 2,FALSE,Maricopa,6000000299,6000002785
height,17022,32.166,MAC Field Scanner Field Plot 188 Season 2,FALSE,Maricopa,6000000299,6000002784
height,17022,30.844,MAC Field Scanner Field Plot 164 Season 2,FALSE,Maricopa,6000000302,6000002760
height,17022,31.505,MAC Field Scanner Field Plot 165 Season 2,FALSE,Maricopa,6000000302,6000002761
height,17022,30.844,MAC Field Scanner Field Plot 187 Season 2,FALSE,Maricopa,6000000304,6000002783
height,17022,30.844,MAC Field Scanner Field Plot 186 Season 2,FALSE,Maricopa,6000000304,6000002782
height,17022,31.505,MAC Field Scanner Field Plot 141 Season 2,FALSE,Maricopa,6000000377,6000002737
height,17022,30.844,MAC Field Scanner Field Plot 181 Season 2,FALSE,Maricopa,6000000385,6000002777
height,17022,31.505,MAC Field Scanner Field Plot 180 Season 2,FALSE,Maricopa,6000000385,6000002776
height,17022,31.505,MAC Field Scanner Field Plot 149 Season 2,FALSE,Maricopa,6000000396,6000002745
height,17022,31.505,MAC Field Scanner Field Plot 148 Season 2,FALSE,Maricopa,6000000396,6000002744
height,17022,31.505,MAC Field Scanner Field Plot 162 Season 2,FALSE,Maricopa,6000000402,6000002758
height,17022,32.166,MAC Field Scanner Field Plot 163 Season 2,FALSE,Maricopa,6000000402,6000002759
height,17022,32.166,MAC Field Scanner Field Plot 151 Season 2,FALSE,Maricopa,6000000403,6000002747
height,17022,32.166,MAC Field Scanner Field Plot 150 Season 2,FALSE,Maricopa,6000000403,6000002746
height,17022,31.505,MAC Field Scanner Field Plot 142 Season 2,FALSE,Maricopa,6000000252,6000002738
height,17022,31.505,MAC Field Scanner Field Plot 143 Season 2,FALSE,Maricopa,6000000252,6000002739
height,17022,31.505,MAC Field Scanner Field Plot 170 Season 2,FALSE,Maricopa,6000000262,6000002766
height,17022,31.505,MAC Field Scanner Field Plot 171 Season 2,FALSE,Maricopa,6000000262,6000002767
height,17022,30.844,MAC Field Scanner Field Plot 185 Season 2,FALSE,Maricopa,6000000263,6000002781
height,17022,30.844,MAC Field Scanner Field Plot 232 Season 2,FALSE,Maricopa,6000000281,6000002828
height,17022,32.827,MAC Field Scanner Field Plot 233 Season 2,FALSE,Maricopa,6000000281,6000002829
height,17022,31.505,MAC Field Scanner Field Plot 198 Season 2,FALSE,Maricopa,6000000292,6000002794
height,17022,31.505,MAC Field Scanner Field Plot 199 Season 2,FALSE,Maricopa,6000000292,6000002795
height,17022,31.505,MAC Field Scanner Field Plot 249 Season 2,FALSE,Maricopa,6000000300,6000002845
height,17022,32.827,MAC Field Scanner Field Plot 248 Season 2,FALSE,Maricopa,6000000300,6000002844
height,17022,32.166,MAC Field Scanner Field Plot 221 Season 2,FALSE,Maricopa,6000000303,6000002817
height,17022,32.166,MAC Field Scanner Field Plot 220 Season 2,FALSE,Maricopa,6000000303,6000002816
height,17022,32.166,MAC Field Scanner Field Plot 247 Season 2,FALSE,Maricopa,6000000317,6000002843
height,17022,31.505,MAC Field Scanner Field Plot 246 Season 2,FALSE,Maricopa,6000000317,6000002842
height,17022,31.505,MAC Field Scanner Field Plot 245 Season 2,FALSE,Maricopa,6000000320,6000002841
height,17022,31.505,MAC Field Scanner Field Plot 244 Season 2,FALSE,Maricopa,6000000320,6000002840
height,17022,32.827,MAC Field Scanner Field Plot 197 Season 2,FALSE,Maricopa,6000000244,6000002793
height,17022,32.166,MAC Field Scanner Field Plot 236 Season 2,FALSE,Maricopa,6000000342,6000002832
height,17022,32.166,MAC Field Scanner Field Plot 228 Season 2,FALSE,Maricopa,6000000379,6000002824
height,17022,32.166,MAC Field Scanner Field Plot 229 Season 2,FALSE,Maricopa,6000000379,6000002825
height,17022,32.166,MAC Field Scanner Field Plot 230 Season 2,FALSE,Maricopa,6000000382,6000002826
height,17022,32.166,MAC Field Scanner Field Plot 231 Season 2,FALSE,Maricopa,6000000382,6000002827
height,17022,31.505,MAC Field Scanner Field Plot 217 Season 2,FALSE,Maricopa,6000000386,6000002813
height,17022,31.505,MAC Field Scanner Field Plot 216 Season 2,FALSE,Maricopa,6000000386,6000002812
height,17022,32.166,MAC Field Scanner Field Plot 202 Season 2,FALSE,Maricopa,6000000387,6000002798
height,17022,33.488,MAC Field Scanner Field Plot 203 Season 2,FALSE,Maricopa,6000000387,6000002799
height,17022,32.166,MAC Field Scanner Field Plot 213 Season 2,FALSE,Maricopa,6000000249,6000002809
height,17022,30.844,MAC Field Scanner Field Plot 212 Season 2,FALSE,Maricopa,6000000249,6000002808
height,17022,32.166,MAC Field Scanner Field Plot 215 Season 2,FALSE,Maricopa,6000000257,6000002811
height,17022,34.149,MAC Field Scanner Field Plot 214 Season 2,FALSE,Maricopa,6000000257,6000002810
height,17022,31.505,MAC Field Scanner Field Plot 211 Season 2,FALSE,Maricopa,6000000259,6000002807
height,17022,31.505,MAC Field Scanner Field Plot 210 Season 2,FALSE,Maricopa,6000000259,6000002806
height,17022,31.505,MAC Field Scanner Field Plot 234 Season 2,FALSE,Maricopa,6000000273,6000002830
height,17022,31.505,MAC Field Scanner Field Plot 235 Season 2,FALSE,Maricopa,6000000273,6000002831
height,17022,31.505,MAC Field Scanner Field Plot 268 Season 2,FALSE,Maricopa,6000000280,6000002864
height,17022,31.505,MAC Field Scanner Field Plot 269 Season 2,FALSE,Maricopa,6000000280,6000002865
height,17022,31.505,MAC Field Scanner Field Plot 302 Season 2,FALSE,Maricopa,6000000284,6000002898
height,17022,32.166,MAC Field Scanner Field Plot 303 Season 2,FALSE,Maricopa,6000000284,6000002899
height,17022,30.844,MAC Field Scanner Field Plot 262 Season 2,FALSE,Maricopa,6000000290,6000002858
height,17022,32.166,MAC Field Scanner Field Plot 263 Season 2,FALSE,Maricopa,6000000290,6000002859
height,17022,32.166,MAC Field Scanner Field Plot 264 Season 2,FALSE,Maricopa,6000000305,6000002860
height,17022,32.827,MAC Field Scanner Field Plot 265 Season 2,FALSE,Maricopa,6000000305,6000002861
height,17022,30.844,MAC Field Scanner Field Plot 307 Season 2,FALSE,Maricopa,6000000306,6000002903
height,17022,32.166,MAC Field Scanner Field Plot 306 Season 2,FALSE,Maricopa,6000000306,6000002902
height,17022,32.166,MAC Field Scanner Field Plot 266 Season 2,FALSE,Maricopa,6000000307,6000002862
height,17022,32.166,MAC Field Scanner Field Plot 267 Season 2,FALSE,Maricopa,6000000307,6000002863
height,17022,31.505,MAC Field Scanner Field Plot 290 Season 2,FALSE,Maricopa,6000000316,6000002886
height,17022,31.505,MAC Field Scanner Field Plot 291 Season 2,FALSE,Maricopa,6000000316,6000002887
height,17022,30.844,MAC Field Scanner Field Plot 281 Season 2,FALSE,Maricopa,6000000380,6000002877
height,17022,32.827,MAC Field Scanner Field Plot 280 Season 2,FALSE,Maricopa,6000000380,6000002876
height,17022,30.844,MAC Field Scanner Field Plot 296 Season 2,FALSE,Maricopa,6000000381,6000002892
height,17022,32.166,MAC Field Scanner Field Plot 297 Season 2,FALSE,Maricopa,6000000381,6000002893
height,17022,32.166,MAC Field Scanner Field Plot 279 Season 2,FALSE,Maricopa,6000000383,6000002875
height,17022,31.505,MAC Field Scanner Field Plot 278 Season 2,FALSE,Maricopa,6000000383,6000002874
height,17022,31.505,MAC Field Scanner Field Plot 260 Season 2,FALSE,Maricopa,6000000248,6000002856
height,17022,31.505,MAC Field Scanner Field Plot 261 Season 2,FALSE,Maricopa,6000000248,6000002857
height,17022,31.505,MAC Field Scanner Field Plot 308 Season 2,FALSE,Maricopa,6000000390,6000002904
height,17022,31.505,MAC Field Scanner Field Plot 270 Season 2,FALSE,Maricopa,6000000394,6000002866
height,17022,32.166,MAC Field Scanner Field Plot 271 Season 2,FALSE,Maricopa,6000000394,6000002867
height,17022,32.166,MAC Field Scanner Field Plot 298 Season 2,FALSE,Maricopa,6000000398,6000002894
height,17022,31.505,MAC Field Scanner Field Plot 299 Season 2,FALSE,Maricopa,6000000398,6000002895
height,17022,31.505,MAC Field Scanner Field Plot 283 Season 2,FALSE,Maricopa,6000000253,6000002879
height,17022,32.166,MAC Field Scanner Field Plot 282 Season 2,FALSE,Maricopa,6000000253,6000002878
height,17022,31.505,MAC Field Scanner Field Plot 314 Season 2,FALSE,Maricopa,6000000279,6000002910
height,17022,31.505,MAC Field Scanner Field Plot 345 Season 2,FALSE,Maricopa,6000000287,6000002941
height,17022,31.505,MAC Field Scanner Field Plot 344 Season 2,FALSE,Maricopa,6000000287,6000002940
height,17022,31.505,MAC Field Scanner Field Plot 358 Season 2,FALSE,Maricopa,6000000297,6000002954
height,17022,31.505,MAC Field Scanner Field Plot 359 Season 2,FALSE,Maricopa,6000000297,6000002955
height,17022,31.505,MAC Field Scanner Field Plot 326 Season 2,FALSE,Maricopa,6000000301,6000002922
height,17022,31.505,MAC Field Scanner Field Plot 327 Season 2,FALSE,Maricopa,6000000301,6000002923
height,17022,31.505,MAC Field Scanner Field Plot 351 Season 2,FALSE,Maricopa,6000000309,6000002947
height,17022,30.844,MAC Field Scanner Field Plot 350 Season 2,FALSE,Maricopa,6000000309,6000002946
height,17022,31.505,MAC Field Scanner Field Plot 347 Season 2,FALSE,Maricopa,6000000311,6000002943
height,17022,31.505,MAC Field Scanner Field Plot 346 Season 2,FALSE,Maricopa,6000000311,6000002942
height,17022,32.166,MAC Field Scanner Field Plot 309 Season 2,FALSE,Maricopa,6000000390,6000002905
height,17022,31.505,MAC Field Scanner Field Plot 319 Season 2,FALSE,Maricopa,6000000395,6000002915
height,17022,32.166,MAC Field Scanner Field Plot 318 Season 2,FALSE,Maricopa,6000000395,6000002914
height,17022,30.844,MAC Field Scanner Field Plot 324 Season 2,FALSE,Maricopa,6000000399,6000002920
height,17022,32.166,MAC Field Scanner Field Plot 325 Season 2,FALSE,Maricopa,6000000399,6000002921
height,17022,30.844,MAC Field Scanner Field Plot 360 Season 2,FALSE,Maricopa,6000000405,6000002956
height,17022,32.166,MAC Field Scanner Field Plot 361 Season 2,FALSE,Maricopa,6000000405,6000002957
height,17022,31.505,MAC Field Scanner Field Plot 322 Season 2,FALSE,Maricopa,6000000408,6000002918
height,17022,30.844,MAC Field Scanner Field Plot 323 Season 2,FALSE,Maricopa,6000000408,6000002919
height,17022,31.505,MAC Field Scanner Field Plot 343 Season 2,FALSE,Maricopa,6000000409,6000002939
height,17022,31.505,MAC Field Scanner Field Plot 342 Season 2,FALSE,Maricopa,6000000409,6000002938
height,17022,30.844,MAC Field Scanner Field Plot 328 Season 2,FALSE,Maricopa,6000000269,6000002924
height,17022,32.166,MAC Field Scanner Field Plot 329 Season 2,FALSE,Maricopa,6000000269,6000002925
height,17022,31.505,MAC Field Scanner Field Plot 356 Season 2,FALSE,Maricopa,6000000271,6000002952
height,17022,31.505,MAC Field Scanner Field Plot 357 Season 2,FALSE,Maricopa,6000000271,6000002953
height,17022,31.505,MAC Field Scanner Field Plot 362 Season 2,FALSE,Maricopa,6000000272,6000002958
height,17022,31.505,MAC Field Scanner Field Plot 409 Season 2,FALSE,Maricopa,6000000283,6000003005
height,17022,32.827,MAC Field Scanner Field Plot 408 Season 2,FALSE,Maricopa,6000000283,6000003004
height,17022,31.505,MAC Field Scanner Field Plot 379 Season 2,FALSE,Maricopa,6000000288,6000002975
height,17022,31.505,MAC Field Scanner Field Plot 378 Season 2,FALSE,Maricopa,6000000288,6000002974
height,17022,34.81,MAC Field Scanner Field Plot 418 Season 2,FALSE,Maricopa,6000000298,6000003014
height,17022,31.505,MAC Field Scanner Field Plot 386 Season 2,FALSE,Maricopa,6000000308,6000002982
height,17022,32.166,MAC Field Scanner Field Plot 387 Season 2,FALSE,Maricopa,6000000308,6000002983
height,17022,30.844,MAC Field Scanner Field Plot 398 Season 2,FALSE,Maricopa,6000000310,6000002994
height,17022,32.166,MAC Field Scanner Field Plot 399 Season 2,FALSE,Maricopa,6000000310,6000002995
height,17022,31.505,MAC Field Scanner Field Plot 383 Season 2,FALSE,Maricopa,6000000312,6000002979
height,17022,32.166,MAC Field Scanner Field Plot 382 Season 2,FALSE,Maricopa,6000000312,6000002978
height,17022,31.505,MAC Field Scanner Field Plot 390 Season 2,FALSE,Maricopa,6000000318,6000002986
height,17022,32.166,MAC Field Scanner Field Plot 391 Season 2,FALSE,Maricopa,6000000318,6000002987
height,17022,31.505,MAC Field Scanner Field Plot 388 Season 2,FALSE,Maricopa,6000000378,6000002984
height,17022,31.505,MAC Field Scanner Field Plot 389 Season 2,FALSE,Maricopa,6000000378,6000002985
height,17022,30.844,MAC Field Scanner Field Plot 392 Season 2,FALSE,Maricopa,6000000388,6000002988
height,17022,32.827,MAC Field Scanner Field Plot 393 Season 2,FALSE,Maricopa,6000000388,6000002989
height,17022,31.505,MAC Field Scanner Field Plot 405 Season 2,FALSE,Maricopa,6000000250,6000003001
height,17022,31.505,MAC Field Scanner Field Plot 404 Season 2,FALSE,Maricopa,6000000250,6000003e3
height,17022,31.505,MAC Field Scanner Field Plot 371 Season 2,FALSE,Maricopa,6000000412,6000002967
height,17022,31.505,MAC Field Scanner Field Plot 370 Season 2,FALSE,Maricopa,6000000412,6000002966
height,17022,31.505,MAC Field Scanner Field Plot 415 Season 2,FALSE,Maricopa,6000000251,6000003011
height,17022,31.505,MAC Field Scanner Field Plot 414 Season 2,FALSE,Maricopa,6000000251,6000003010
height,17022,31.505,MAC Field Scanner Field Plot 411 Season 2,FALSE,Maricopa,6000000254,6000003007
height,17022,32.166,MAC Field Scanner Field Plot 410 Season 2,FALSE,Maricopa,6000000254,6000003006
height,17022,30.844,MAC Field Scanner Field Plot 364 Season 2,FALSE,Maricopa,6000000407,6000002960
height,17022,31.505,MAC Field Scanner Field Plot 365 Season 2,FALSE,Maricopa,6000000407,6000002961
height,17022,31.505,MAC Field Scanner Field Plot 363 Season 2,FALSE,Maricopa,6000000272,6000002959
height,17022,32.166,MAC Field Scanner Field Plot 413 Season 2,FALSE,Maricopa,6000000275,6000003009
height,17022,31.505,MAC Field Scanner Field Plot 412 Season 2,FALSE,Maricopa,6000000275,6000003008
height,17022,31.505,MAC Field Scanner Field Plot 454 Season 2,FALSE,Maricopa,6000000288,6000003050
height,17022,31.505,MAC Field Scanner Field Plot 455 Season 2,FALSE,Maricopa,6000000288,6000003051
height,17022,34.149,MAC Field Scanner Field Plot 419 Season 2,FALSE,Maricopa,6000000298,6000003015
height,17022,31.505,MAC Field Scanner Field Plot 443 Season 2,FALSE,Maricopa,6000000302,6000003039
height,17022,31.505,MAC Field Scanner Field Plot 442 Season 2,FALSE,Maricopa,6000000302,6000003038
height,17022,30.844,MAC Field Scanner Field Plot 467 Season 2,FALSE,Maricopa,6000000304,6000003063
height,17022,32.166,MAC Field Scanner Field Plot 466 Season 2,FALSE,Maricopa,6000000304,6000003062
height,17022,31.505,MAC Field Scanner Field Plot 469 Season 2,FALSE,Maricopa,6000000306,6000003065
height,17022,32.166,MAC Field Scanner Field Plot 468 Season 2,FALSE,Maricopa,6000000306,6000003064
height,17022,31.505,MAC Field Scanner Field Plot 437 Season 2,FALSE,Maricopa,6000000309,6000003033
height,17022,31.505,MAC Field Scanner Field Plot 436 Season 2,FALSE,Maricopa,6000000309,6000003032
height,17022,33.488,MAC Field Scanner Field Plot 424 Season 2,FALSE,Maricopa,6000000314,6000003020
height,17022,32.166,MAC Field Scanner Field Plot 425 Season 2,FALSE,Maricopa,6000000314,6000003021
height,17022,32.166,MAC Field Scanner Field Plot 458 Season 2,FALSE,Maricopa,6000000389,6000003054
height,17022,30.844,MAC Field Scanner Field Plot 459 Season 2,FALSE,Maricopa,6000000389,6000003055
height,17022,32.166,MAC Field Scanner Field Plot 430 Season 2,FALSE,Maricopa,6000000391,6000003026
height,17022,32.827,MAC Field Scanner Field Plot 431 Season 2,FALSE,Maricopa,6000000391,6000003027
height,17022,32.827,MAC Field Scanner Field Plot 426 Season 2,FALSE,Maricopa,6000000392,6000003022
height,17022,32.827,MAC Field Scanner Field Plot 427 Season 2,FALSE,Maricopa,6000000392,6000003023
height,17022,31.505,MAC Field Scanner Field Plot 441 Season 2,FALSE,Maricopa,6000000403,6000003037
height,17022,31.505,MAC Field Scanner Field Plot 440 Season 2,FALSE,Maricopa,6000000403,6000003036
height,17022,32.166,MAC Field Scanner Field Plot 428 Season 2,FALSE,Maricopa,6000000264,6000003024
height,17022,31.505,MAC Field Scanner Field Plot 429 Season 2,FALSE,Maricopa,6000000264,6000003025
height,17022,31.505,MAC Field Scanner Field Plot 462 Season 2,FALSE,Maricopa,6000000266,6000003058
height,17022,32.827,MAC Field Scanner Field Plot 463 Season 2,FALSE,Maricopa,6000000266,6000003059
height,17022,33.488,MAC Field Scanner Field Plot 420 Season 2,FALSE,Maricopa,6000000267,6000003016
height,17022,35.471,MAC Field Scanner Field Plot 421 Season 2,FALSE,Maricopa,6000000267,6000003017
height,17022,32.166,MAC Field Scanner Field Plot 447 Season 2,FALSE,Maricopa,6000000276,6000003043
height,17022,31.505,MAC Field Scanner Field Plot 446 Season 2,FALSE,Maricopa,6000000276,6000003042
height,17022,30.844,MAC Field Scanner Field Plot 518 Season 2,FALSE,Maricopa,6000000279,6000003114
height,17022,33.488,MAC Field Scanner Field Plot 519 Season 2,FALSE,Maricopa,6000000279,6000003115
height,17022,30.844,MAC Field Scanner Field Plot 479 Season 2,FALSE,Maricopa,6000000280,6000003075
height,17022,31.505,MAC Field Scanner Field Plot 478 Season 2,FALSE,Maricopa,6000000280,6000003074
height,17022,31.505,MAC Field Scanner Field Plot 507 Season 2,FALSE,Maricopa,6000000281,6000003103
height,17022,32.827,MAC Field Scanner Field Plot 506 Season 2,FALSE,Maricopa,6000000281,6000003102
height,17022,31.505,MAC Field Scanner Field Plot 505 Season 2,FALSE,Maricopa,6000000297,6000003101
height,17022,32.166,MAC Field Scanner Field Plot 504 Season 2,FALSE,Maricopa,6000000297,6000003100
height,17022,30.844,MAC Field Scanner Field Plot 520 Season 2,FALSE,Maricopa,6000000301,6000003116
height,17022,32.166,MAC Field Scanner Field Plot 521 Season 2,FALSE,Maricopa,6000000301,6000003117
height,17022,31.505,MAC Field Scanner Field Plot 488 Season 2,FALSE,Maricopa,6000000307,6000003084
height,17022,32.166,MAC Field Scanner Field Plot 489 Season 2,FALSE,Maricopa,6000000307,6000003085
height,17022,32.166,MAC Field Scanner Field Plot 516 Season 2,FALSE,Maricopa,6000000315,6000003112
height,17022,31.505,MAC Field Scanner Field Plot 517 Season 2,FALSE,Maricopa,6000000315,6000003113
height,17022,30.844,MAC Field Scanner Field Plot 503 Season 2,FALSE,Maricopa,6000000386,6000003099
height,17022,31.505,MAC Field Scanner Field Plot 502 Season 2,FALSE,Maricopa,6000000386,6000003098
height,17022,31.505,MAC Field Scanner Field Plot 486 Season 2,FALSE,Maricopa,6000000391,6000003082
height,17022,31.505,MAC Field Scanner Field Plot 487 Season 2,FALSE,Maricopa,6000000391,6000003083
height,17022,31.505,MAC Field Scanner Field Plot 492 Season 2,FALSE,Maricopa,6000000393,6000003088
height,17022,32.166,MAC Field Scanner Field Plot 493 Season 2,FALSE,Maricopa,6000000393,6000003089
height,17022,32.166,MAC Field Scanner Field Plot 509 Season 2,FALSE,Maricopa,6000000395,6000003105
height,17022,31.505,MAC Field Scanner Field Plot 508 Season 2,FALSE,Maricopa,6000000395,6000003104
height,17022,31.505,MAC Field Scanner Field Plot 494 Season 2,FALSE,Maricopa,6000000412,6000003090
height,17022,32.827,MAC Field Scanner Field Plot 495 Season 2,FALSE,Maricopa,6000000412,6000003091
height,17022,30.844,MAC Field Scanner Field Plot 499 Season 2,FALSE,Maricopa,6000000253,6000003095
height,17022,32.166,MAC Field Scanner Field Plot 498 Season 2,FALSE,Maricopa,6000000253,6000003094
height,17022,31.505,MAC Field Scanner Field Plot 482 Season 2,FALSE,Maricopa,6000000407,6000003078
height,17023,32.166,MAC Field Scanner Field Plot 742 Season 2,FALSE,Maricopa,6000000295,6000003338
height,17023,31.505,MAC Field Scanner Field Plot 743 Season 2,FALSE,Maricopa,6000000295,6000003339
height,17023,32.166,MAC Field Scanner Field Plot 725 Season 2,FALSE,Maricopa,6000000299,6000003321
height,17023,32.166,MAC Field Scanner Field Plot 724 Season 2,FALSE,Maricopa,6000000299,6000003320
height,17022,32.166,MAC Field Scanner Field Plot 539 Season 2,FALSE,Maricopa,6000000320,6000003135
height,17022,31.505,MAC Field Scanner Field Plot 538 Season 2,FALSE,Maricopa,6000000320,6000003134
height,17022,30.844,MAC Field Scanner Field Plot 543 Season 2,FALSE,Maricopa,6000000392,6000003139
height,17022,31.505,MAC Field Scanner Field Plot 542 Season 2,FALSE,Maricopa,6000000392,6000003138
height,17023,31.505,MAC Field Scanner Field Plot 735 Season 2,FALSE,Maricopa,6000000249,6000003331
height,17023,31.505,MAC Field Scanner Field Plot 734 Season 2,FALSE,Maricopa,6000000249,6000003330
height,17023,32.166,MAC Field Scanner Field Plot 740 Season 2,FALSE,Maricopa,6000000394,6000003336
height,17023,31.505,MAC Field Scanner Field Plot 741 Season 2,FALSE,Maricopa,6000000394,6000003337
height,17023,32.166,MAC Field Scanner Field Plot 758 Season 2,FALSE,Maricopa,6000000398,6000003354
height,17023,31.505,MAC Field Scanner Field Plot 729 Season 2,FALSE,Maricopa,6000000399,6000003325
height,17023,31.505,MAC Field Scanner Field Plot 728 Season 2,FALSE,Maricopa,6000000399,6000003324
height,17023,32.166,MAC Field Scanner Field Plot 757 Season 2,FALSE,Maricopa,6000000402,6000003353
height,17023,31.505,MAC Field Scanner Field Plot 756 Season 2,FALSE,Maricopa,6000000402,6000003352
height,17023,32.166,MAC Field Scanner Field Plot 727 Season 2,FALSE,Maricopa,6000000251,6000003323
height,17023,32.166,MAC Field Scanner Field Plot 726 Season 2,FALSE,Maricopa,6000000251,6000003322
height,17023,31.505,MAC Field Scanner Field Plot 755 Season 2,FALSE,Maricopa,6000000254,6000003351
height,17023,32.166,MAC Field Scanner Field Plot 748 Season 2,FALSE,Maricopa,6000000261,6000003344
height,17023,31.505,MAC Field Scanner Field Plot 749 Season 2,FALSE,Maricopa,6000000261,6000003345
height,17022,30.183,MAC Field Scanner Field Plot 821 Season 2,FALSE,Maricopa,6000000262,6000003417
height,17023,32.166,MAC Field Scanner Field Plot 795 Season 2,FALSE,Maricopa,6000000286,6000003391
height,17023,32.827,MAC Field Scanner Field Plot 794 Season 2,FALSE,Maricopa,6000000286,6000003390
height,17023,31.505,MAC Field Scanner Field Plot 765 Season 2,FALSE,Maricopa,6000000290,6000003361
height,17023,32.166,MAC Field Scanner Field Plot 764 Season 2,FALSE,Maricopa,6000000290,6000003360
height,17023,33.488,MAC Field Scanner Field Plot 802 Season 2,FALSE,Maricopa,6000000294,6000003398
height,17023,32.166,MAC Field Scanner Field Plot 803 Season 2,FALSE,Maricopa,6000000294,6000003399
height,17023,31.505,MAC Field Scanner Field Plot 812 Season 2,FALSE,Maricopa,6000000296,6000003408
height,17023,31.505,MAC Field Scanner Field Plot 813 Season 2,FALSE,Maricopa,6000000296,6000003409
height,17023,31.505,MAC Field Scanner Field Plot 787 Season 2,FALSE,Maricopa,6000000317,6000003383
height,17023,32.166,MAC Field Scanner Field Plot 791 Season 2,FALSE,Maricopa,6000000383,6000003387
height,17023,32.166,MAC Field Scanner Field Plot 790 Season 2,FALSE,Maricopa,6000000383,6000003386
height,17023,32.166,MAC Field Scanner Field Plot 799 Season 2,FALSE,Maricopa,6000000384,6000003395
height,17023,31.505,MAC Field Scanner Field Plot 798 Season 2,FALSE,Maricopa,6000000384,6000003394
height,17023,32.166,MAC Field Scanner Field Plot 804 Season 2,FALSE,Maricopa,6000000397,6000003400
height,17023,31.505,MAC Field Scanner Field Plot 805 Season 2,FALSE,Maricopa,6000000397,6000003401
height,17023,32.166,MAC Field Scanner Field Plot 759 Season 2,FALSE,Maricopa,6000000398,6000003355
height,17023,31.505,MAC Field Scanner Field Plot 797 Season 2,FALSE,Maricopa,6000000401,6000003393
height,17023,32.166,MAC Field Scanner Field Plot 796 Season 2,FALSE,Maricopa,6000000401,6000003392
height,17023,32.166,MAC Field Scanner Field Plot 806 Season 2,FALSE,Maricopa,6000000405,6000003402
height,17023,32.827,MAC Field Scanner Field Plot 807 Season 2,FALSE,Maricopa,6000000405,6000003403
height,17023,32.166,MAC Field Scanner Field Plot 770 Season 2,FALSE,Maricopa,6000000260,6000003366
height,17023,32.166,MAC Field Scanner Field Plot 771 Season 2,FALSE,Maricopa,6000000260,6000003367
height,17023,31.505,MAC Field Scanner Field Plot 761 Season 2,FALSE,Maricopa,6000000406,6000003357
height,17023,31.505,MAC Field Scanner Field Plot 760 Season 2,FALSE,Maricopa,6000000406,6000003356
height,17023,32.166,MAC Field Scanner Field Plot 808 Season 2,FALSE,Maricopa,6000000269,6000003404
height,17023,31.505,MAC Field Scanner Field Plot 809 Season 2,FALSE,Maricopa,6000000269,6000003405
height,17023,32.166,MAC Field Scanner Field Plot 767 Season 2,FALSE,Maricopa,6000000273,6000003363
height,17023,32.166,MAC Field Scanner Field Plot 827 Season 2,FALSE,Maricopa,6000000284,6000003423
height,17023,31.505,MAC Field Scanner Field Plot 826 Season 2,FALSE,Maricopa,6000000284,6000003422
height,17024,32.166,MAC Field Scanner Field Plot 198 Season 2,FALSE,Maricopa,6000000292,6000002794
height,17024,35.471,MAC Field Scanner Field Plot 189 Season 2,FALSE,Maricopa,6000000299,6000002785
height,17024,43.403,MAC Field Scanner Field Plot 188 Season 2,FALSE,Maricopa,6000000299,6000002784
height,17024,42.081,MAC Field Scanner Field Plot 187 Season 2,FALSE,Maricopa,6000000304,6000002783
height,17024,37.454,MAC Field Scanner Field Plot 186 Season 2,FALSE,Maricopa,6000000304,6000002782
height,17023,31.505,MAC Field Scanner Field Plot 829 Season 2,FALSE,Maricopa,6000000310,6000003425
height,17023,32.166,MAC Field Scanner Field Plot 828 Season 2,FALSE,Maricopa,6000000310,6000003424
height,17024,32.166,MAC Field Scanner Field Plot 183 Season 2,FALSE,Maricopa,6000000327,6000002779
height,17024,65.216,MAC Field Scanner Field Plot 182 Season 2,FALSE,Maricopa,6000000327,6000002778
height,17023,29.522,MAC Field Scanner Field Plot 815 Season 2,FALSE,Maricopa,6000000330,6000003411
height,17024,32.827,MAC Field Scanner Field Plot 196 Season 2,FALSE,Maricopa,6000000244,6000002792
height,17024,33.488,MAC Field Scanner Field Plot 197 Season 2,FALSE,Maricopa,6000000244,6000002793
height,17024,36.132,MAC Field Scanner Field Plot 191 Season 2,FALSE,Maricopa,6000000340,6000002787
height,17024,38.115,MAC Field Scanner Field Plot 190 Season 2,FALSE,Maricopa,6000000340,6000002786
height,17023,32.827,MAC Field Scanner Field Plot 825 Season 2,FALSE,Maricopa,6000000354,6000003421
height,17023,31.505,MAC Field Scanner Field Plot 824 Season 2,FALSE,Maricopa,6000000354,6000003420
height,17024,33.488,MAC Field Scanner Field Plot 181 Season 2,FALSE,Maricopa,6000000385,6000002777
height,17024,66.538,MAC Field Scanner Field Plot 180 Season 2,FALSE,Maricopa,6000000385,6000002776
height,17023,33.488,MAC Field Scanner Field Plot 831 Season 2,FALSE,Maricopa,6000000259,6000003427
height,17023,31.505,MAC Field Scanner Field Plot 830 Season 2,FALSE,Maricopa,6000000259,6000003426
height,17023,32.166,MAC Field Scanner Field Plot 821 Season 2,FALSE,Maricopa,6000000262,6000003417
height,17023,35.471,MAC Field Scanner Field Plot 820 Season 2,FALSE,Maricopa,6000000262,6000003416
height,17024,35.471,MAC Field Scanner Field Plot 185 Season 2,FALSE,Maricopa,6000000263,6000002781
height,17024,37.454,MAC Field Scanner Field Plot 184 Season 2,FALSE,Maricopa,6000000263,6000002780
height,17024,31.505,MAC Field Scanner Field Plot 179 Season 2,FALSE,Maricopa,6000000410,6000002775
height,17024,109.503,MAC Field Scanner Field Plot 178 Season 2,FALSE,Maricopa,6000000410,6000002774
height,17024,31.505,MAC Field Scanner Field Plot 232 Season 2,FALSE,Maricopa,6000000281,6000002828
height,17024,32.827,MAC Field Scanner Field Plot 233 Season 2,FALSE,Maricopa,6000000281,6000002829
height,17024,32.166,MAC Field Scanner Field Plot 199 Season 2,FALSE,Maricopa,6000000292,6000002795
height,17024,32.166,MAC Field Scanner Field Plot 249 Season 2,FALSE,Maricopa,6000000300,6000002845
height,17024,32.827,MAC Field Scanner Field Plot 248 Season 2,FALSE,Maricopa,6000000300,6000002844
height,17024,32.827,MAC Field Scanner Field Plot 221 Season 2,FALSE,Maricopa,6000000303,6000002817
height,17024,32.827,MAC Field Scanner Field Plot 220 Season 2,FALSE,Maricopa,6000000303,6000002816
height,17024,32.166,MAC Field Scanner Field Plot 247 Season 2,FALSE,Maricopa,6000000317,6000002843
height,17024,32.166,MAC Field Scanner Field Plot 246 Season 2,FALSE,Maricopa,6000000317,6000002842
height,17024,32.166,MAC Field Scanner Field Plot 245 Season 2,FALSE,Maricopa,6000000320,6000002841
height,17024,31.505,MAC Field Scanner Field Plot 244 Season 2,FALSE,Maricopa,6000000320,6000002840
height,17024,32.166,MAC Field Scanner Field Plot 255 Season 2,FALSE,Maricopa,6000000338,6000002851
height,17024,32.166,MAC Field Scanner Field Plot 254 Season 2,FALSE,Maricopa,6000000338,6000002850
height,17024,33.488,MAC Field Scanner Field Plot 228 Season 2,FALSE,Maricopa,6000000379,6000002824
height,17024,32.166,MAC Field Scanner Field Plot 229 Season 2,FALSE,Maricopa,6000000379,6000002825
height,17024,32.166,MAC Field Scanner Field Plot 230 Season 2,FALSE,Maricopa,6000000382,6000002826
height,17024,32.827,MAC Field Scanner Field Plot 231 Season 2,FALSE,Maricopa,6000000382,6000002827
height,17024,31.505,MAC Field Scanner Field Plot 217 Season 2,FALSE,Maricopa,6000000386,6000002813
height,17024,32.166,MAC Field Scanner Field Plot 216 Season 2,FALSE,Maricopa,6000000386,6000002812
height,17024,32.166,MAC Field Scanner Field Plot 202 Season 2,FALSE,Maricopa,6000000387,6000002798
height,17024,34.149,MAC Field Scanner Field Plot 203 Season 2,FALSE,Maricopa,6000000387,6000002799
height,17024,32.166,MAC Field Scanner Field Plot 213 Season 2,FALSE,Maricopa,6000000249,6000002809
height,17024,30.844,MAC Field Scanner Field Plot 212 Season 2,FALSE,Maricopa,6000000249,6000002808
height,17024,32.166,MAC Field Scanner Field Plot 215 Season 2,FALSE,Maricopa,6000000257,6000002811
height,17024,34.149,MAC Field Scanner Field Plot 214 Season 2,FALSE,Maricopa,6000000257,6000002810
height,17024,31.505,MAC Field Scanner Field Plot 211 Season 2,FALSE,Maricopa,6000000259,6000002807
height,17024,32.166,MAC Field Scanner Field Plot 234 Season 2,FALSE,Maricopa,6000000273,6000002830
height,17024,31.505,MAC Field Scanner Field Plot 235 Season 2,FALSE,Maricopa,6000000273,6000002831
height,17024,31.505,MAC Field Scanner Field Plot 314 Season 2,FALSE,Maricopa,6000000279,6000002910
height,17024,32.166,MAC Field Scanner Field Plot 268 Season 2,FALSE,Maricopa,6000000280,6000002864
height,17024,32.166,MAC Field Scanner Field Plot 269 Season 2,FALSE,Maricopa,6000000280,6000002865
height,17024,31.505,MAC Field Scanner Field Plot 302 Season 2,FALSE,Maricopa,6000000284,6000002898
height,17024,31.505,MAC Field Scanner Field Plot 262 Season 2,FALSE,Maricopa,6000000290,6000002858
height,17024,32.166,MAC Field Scanner Field Plot 263 Season 2,FALSE,Maricopa,6000000290,6000002859
height,17024,32.166,MAC Field Scanner Field Plot 264 Season 2,FALSE,Maricopa,6000000305,6000002860
height,17024,32.827,MAC Field Scanner Field Plot 265 Season 2,FALSE,Maricopa,6000000305,6000002861
height,17024,32.166,MAC Field Scanner Field Plot 307 Season 2,FALSE,Maricopa,6000000306,6000002903
height,17024,32.166,MAC Field Scanner Field Plot 266 Season 2,FALSE,Maricopa,6000000307,6000002862
height,17024,32.166,MAC Field Scanner Field Plot 267 Season 2,FALSE,Maricopa,6000000307,6000002863
height,17024,32.166,MAC Field Scanner Field Plot 290 Season 2,FALSE,Maricopa,6000000316,6000002886
height,17024,32.166,MAC Field Scanner Field Plot 291 Season 2,FALSE,Maricopa,6000000316,6000002887
height,17024,32.166,MAC Field Scanner Field Plot 281 Season 2,FALSE,Maricopa,6000000380,6000002877
height,17024,33.488,MAC Field Scanner Field Plot 280 Season 2,FALSE,Maricopa,6000000380,6000002876
height,17024,31.505,MAC Field Scanner Field Plot 296 Season 2,FALSE,Maricopa,6000000381,6000002892
height,17024,33.488,MAC Field Scanner Field Plot 297 Season 2,FALSE,Maricopa,6000000381,6000002893
height,17024,32.827,MAC Field Scanner Field Plot 279 Season 2,FALSE,Maricopa,6000000383,6000002875
height,17024,32.166,MAC Field Scanner Field Plot 278 Season 2,FALSE,Maricopa,6000000383,6000002874
height,17024,32.166,MAC Field Scanner Field Plot 260 Season 2,FALSE,Maricopa,6000000248,6000002856
height,17024,32.166,MAC Field Scanner Field Plot 261 Season 2,FALSE,Maricopa,6000000248,6000002857
height,17024,32.827,MAC Field Scanner Field Plot 309 Season 2,FALSE,Maricopa,6000000390,6000002905
height,17024,32.827,MAC Field Scanner Field Plot 308 Season 2,FALSE,Maricopa,6000000390,6000002904
height,17024,31.505,MAC Field Scanner Field Plot 270 Season 2,FALSE,Maricopa,6000000394,6000002866
height,17024,32.827,MAC Field Scanner Field Plot 318 Season 2,FALSE,Maricopa,6000000395,6000002914
height,17024,32.827,MAC Field Scanner Field Plot 298 Season 2,FALSE,Maricopa,6000000398,6000002894
height,17024,32.166,MAC Field Scanner Field Plot 299 Season 2,FALSE,Maricopa,6000000398,6000002895
height,17024,31.505,MAC Field Scanner Field Plot 283 Season 2,FALSE,Maricopa,6000000253,6000002879
height,17024,32.166,MAC Field Scanner Field Plot 282 Season 2,FALSE,Maricopa,6000000253,6000002878
height,17024,31.505,MAC Field Scanner Field Plot 345 Season 2,FALSE,Maricopa,6000000287,6000002941
height,17024,32.827,MAC Field Scanner Field Plot 344 Season 2,FALSE,Maricopa,6000000287,6000002940
height,17024,31.505,MAC Field Scanner Field Plot 378 Season 2,FALSE,Maricopa,6000000288,6000002974
height,17024,32.166,MAC Field Scanner Field Plot 358 Season 2,FALSE,Maricopa,6000000297,6000002954
height,17024,32.166,MAC Field Scanner Field Plot 359 Season 2,FALSE,Maricopa,6000000297,6000002955
height,17024,32.166,MAC Field Scanner Field Plot 326 Season 2,FALSE,Maricopa,6000000301,6000002922
height,17024,32.166,MAC Field Scanner Field Plot 327 Season 2,FALSE,Maricopa,6000000301,6000002923
height,17024,31.505,MAC Field Scanner Field Plot 351 Season 2,FALSE,Maricopa,6000000309,6000002947
height,17024,30.844,MAC Field Scanner Field Plot 350 Season 2,FALSE,Maricopa,6000000309,6000002946
height,17024,32.166,MAC Field Scanner Field Plot 347 Season 2,FALSE,Maricopa,6000000311,6000002943
height,17024,31.505,MAC Field Scanner Field Plot 346 Season 2,FALSE,Maricopa,6000000311,6000002942
height,17024,32.166,MAC Field Scanner Field Plot 319 Season 2,FALSE,Maricopa,6000000395,6000002915
height,17024,31.505,MAC Field Scanner Field Plot 324 Season 2,FALSE,Maricopa,6000000399,6000002920
height,17024,32.827,MAC Field Scanner Field Plot 325 Season 2,FALSE,Maricopa,6000000399,6000002921
height,17024,31.505,MAC Field Scanner Field Plot 371 Season 2,FALSE,Maricopa,6000000412,6000002967
height,17024,31.505,MAC Field Scanner Field Plot 360 Season 2,FALSE,Maricopa,6000000405,6000002956
height,17024,32.827,MAC Field Scanner Field Plot 361 Season 2,FALSE,Maricopa,6000000405,6000002957
height,17024,31.505,MAC Field Scanner Field Plot 364 Season 2,FALSE,Maricopa,6000000407,6000002960
height,17024,31.505,MAC Field Scanner Field Plot 365 Season 2,FALSE,Maricopa,6000000407,6000002961
height,17024,32.166,MAC Field Scanner Field Plot 322 Season 2,FALSE,Maricopa,6000000408,6000002918
height,17024,32.166,MAC Field Scanner Field Plot 323 Season 2,FALSE,Maricopa,6000000408,6000002919
height,17024,32.166,MAC Field Scanner Field Plot 343 Season 2,FALSE,Maricopa,6000000409,6000002939
height,17024,32.166,MAC Field Scanner Field Plot 342 Season 2,FALSE,Maricopa,6000000409,6000002938
height,17024,31.505,MAC Field Scanner Field Plot 328 Season 2,FALSE,Maricopa,6000000269,6000002924
height,17024,32.166,MAC Field Scanner Field Plot 329 Season 2,FALSE,Maricopa,6000000269,6000002925
height,17024,32.166,MAC Field Scanner Field Plot 356 Season 2,FALSE,Maricopa,6000000271,6000002952
height,17024,32.827,MAC Field Scanner Field Plot 357 Season 2,FALSE,Maricopa,6000000271,6000002953
height,17024,32.166,MAC Field Scanner Field Plot 362 Season 2,FALSE,Maricopa,6000000272,6000002958
height,17024,32.166,MAC Field Scanner Field Plot 409 Season 2,FALSE,Maricopa,6000000283,6000003005
height,17024,33.488,MAC Field Scanner Field Plot 408 Season 2,FALSE,Maricopa,6000000283,6000003004
height,17024,31.505,MAC Field Scanner Field Plot 379 Season 2,FALSE,Maricopa,6000000288,6000002975
height,17024,35.471,MAC Field Scanner Field Plot 418 Season 2,FALSE,Maricopa,6000000298,6000003014
height,17024,34.81,MAC Field Scanner Field Plot 419 Season 2,FALSE,Maricopa,6000000298,6000003015
height,17024,32.166,MAC Field Scanner Field Plot 386 Season 2,FALSE,Maricopa,6000000308,6000002982
height,17024,32.166,MAC Field Scanner Field Plot 387 Season 2,FALSE,Maricopa,6000000308,6000002983
height,17024,31.505,MAC Field Scanner Field Plot 398 Season 2,FALSE,Maricopa,6000000310,6000002994
height,17024,31.505,MAC Field Scanner Field Plot 383 Season 2,FALSE,Maricopa,6000000312,6000002979
height,17024,32.166,MAC Field Scanner Field Plot 382 Season 2,FALSE,Maricopa,6000000312,6000002978
height,17024,33.488,MAC Field Scanner Field Plot 424 Season 2,FALSE,Maricopa,6000000314,6000003020
height,17024,32.827,MAC Field Scanner Field Plot 425 Season 2,FALSE,Maricopa,6000000314,6000003021
height,17024,31.505,MAC Field Scanner Field Plot 390 Season 2,FALSE,Maricopa,6000000318,6000002986
height,17024,32.827,MAC Field Scanner Field Plot 391 Season 2,FALSE,Maricopa,6000000318,6000002987
height,17024,32.166,MAC Field Scanner Field Plot 388 Season 2,FALSE,Maricopa,6000000378,6000002984
height,17024,32.827,MAC Field Scanner Field Plot 389 Season 2,FALSE,Maricopa,6000000378,6000002985
height,17024,32.166,MAC Field Scanner Field Plot 392 Season 2,FALSE,Maricopa,6000000388,6000002988
height,17024,32.827,MAC Field Scanner Field Plot 393 Season 2,FALSE,Maricopa,6000000388,6000002989
height,17024,32.827,MAC Field Scanner Field Plot 430 Season 2,FALSE,Maricopa,6000000391,6000003026
height,17024,32.166,MAC Field Scanner Field Plot 431 Season 2,FALSE,Maricopa,6000000391,6000003027
height,17024,32.827,MAC Field Scanner Field Plot 426 Season 2,FALSE,Maricopa,6000000392,6000003022
height,17024,32.827,MAC Field Scanner Field Plot 427 Season 2,FALSE,Maricopa,6000000392,6000003023
height,17024,32.166,MAC Field Scanner Field Plot 405 Season 2,FALSE,Maricopa,6000000250,6000003001
height,17024,31.505,MAC Field Scanner Field Plot 404 Season 2,FALSE,Maricopa,6000000250,6000003e3
height,17024,31.505,MAC Field Scanner Field Plot 415 Season 2,FALSE,Maricopa,6000000251,6000003011
height,17024,31.505,MAC Field Scanner Field Plot 414 Season 2,FALSE,Maricopa,6000000251,6000003010
height,17024,32.166,MAC Field Scanner Field Plot 411 Season 2,FALSE,Maricopa,6000000254,6000003007
height,17024,31.505,MAC Field Scanner Field Plot 479 Season 2,FALSE,Maricopa,6000000280,6000003075
height,17024,31.505,MAC Field Scanner Field Plot 478 Season 2,FALSE,Maricopa,6000000280,6000003074
height,17024,31.505,MAC Field Scanner Field Plot 454 Season 2,FALSE,Maricopa,6000000288,6000003050
height,17024,32.166,MAC Field Scanner Field Plot 455 Season 2,FALSE,Maricopa,6000000288,6000003051
height,17024,32.166,MAC Field Scanner Field Plot 443 Season 2,FALSE,Maricopa,6000000302,6000003039
height,17024,32.166,MAC Field Scanner Field Plot 442 Season 2,FALSE,Maricopa,6000000302,6000003038
height,17024,31.505,MAC Field Scanner Field Plot 467 Season 2,FALSE,Maricopa,6000000304,6000003063
height,17024,31.505,MAC Field Scanner Field Plot 466 Season 2,FALSE,Maricopa,6000000304,6000003062
height,17024,32.166,MAC Field Scanner Field Plot 469 Season 2,FALSE,Maricopa,6000000306,6000003065
height,17024,31.505,MAC Field Scanner Field Plot 468 Season 2,FALSE,Maricopa,6000000306,6000003064
height,17024,32.166,MAC Field Scanner Field Plot 488 Season 2,FALSE,Maricopa,6000000307,6000003084
height,17024,32.827,MAC Field Scanner Field Plot 489 Season 2,FALSE,Maricopa,6000000307,6000003085
height,17024,31.505,MAC Field Scanner Field Plot 437 Season 2,FALSE,Maricopa,6000000309,6000003033
height,17024,31.505,MAC Field Scanner Field Plot 436 Season 2,FALSE,Maricopa,6000000309,6000003032
height,17024,32.166,MAC Field Scanner Field Plot 458 Season 2,FALSE,Maricopa,6000000389,6000003054
height,17024,31.505,MAC Field Scanner Field Plot 459 Season 2,FALSE,Maricopa,6000000389,6000003055
height,17024,31.505,MAC Field Scanner Field Plot 486 Season 2,FALSE,Maricopa,6000000391,6000003082
height,17024,32.166,MAC Field Scanner Field Plot 487 Season 2,FALSE,Maricopa,6000000391,6000003083
height,17024,32.166,MAC Field Scanner Field Plot 441 Season 2,FALSE,Maricopa,6000000403,6000003037
height,17024,32.166,MAC Field Scanner Field Plot 440 Season 2,FALSE,Maricopa,6000000403,6000003036
height,17024,32.166,MAC Field Scanner Field Plot 482 Season 2,FALSE,Maricopa,6000000407,6000003078
height,17024,32.166,MAC Field Scanner Field Plot 483 Season 2,FALSE,Maricopa,6000000407,6000003079
height,17024,31.505,MAC Field Scanner Field Plot 462 Season 2,FALSE,Maricopa,6000000266,6000003058
height,17024,32.827,MAC Field Scanner Field Plot 463 Season 2,FALSE,Maricopa,6000000266,6000003059
height,17024,32.827,MAC Field Scanner Field Plot 447 Season 2,FALSE,Maricopa,6000000276,6000003043
height,17024,32.166,MAC Field Scanner Field Plot 446 Season 2,FALSE,Maricopa,6000000276,6000003042
height,17024,31.505,MAC Field Scanner Field Plot 518 Season 2,FALSE,Maricopa,6000000279,6000003114
height,17024,33.488,MAC Field Scanner Field Plot 519 Season 2,FALSE,Maricopa,6000000279,6000003115
height,17024,31.505,MAC Field Scanner Field Plot 507 Season 2,FALSE,Maricopa,6000000281,6000003103
height,17024,32.827,MAC Field Scanner Field Plot 506 Season 2,FALSE,Maricopa,6000000281,6000003102
height,17024,32.166,MAC Field Scanner Field Plot 505 Season 2,FALSE,Maricopa,6000000297,6000003101
height,17024,32.827,MAC Field Scanner Field Plot 504 Season 2,FALSE,Maricopa,6000000297,6000003100
height,17024,31.505,MAC Field Scanner Field Plot 520 Season 2,FALSE,Maricopa,6000000301,6000003116
height,17024,32.166,MAC Field Scanner Field Plot 521 Season 2,FALSE,Maricopa,6000000301,6000003117
height,17024,32.166,MAC Field Scanner Field Plot 516 Season 2,FALSE,Maricopa,6000000315,6000003112
height,17024,32.166,MAC Field Scanner Field Plot 517 Season 2,FALSE,Maricopa,6000000315,6000003113
height,17024,32.166,MAC Field Scanner Field Plot 539 Season 2,FALSE,Maricopa,6000000320,6000003135
height,17024,31.505,MAC Field Scanner Field Plot 538 Season 2,FALSE,Maricopa,6000000320,6000003134
height,17024,31.505,MAC Field Scanner Field Plot 503 Season 2,FALSE,Maricopa,6000000386,6000003099
height,17024,32.166,MAC Field Scanner Field Plot 502 Season 2,FALSE,Maricopa,6000000386,6000003098
height,17024,31.505,MAC Field Scanner Field Plot 543 Season 2,FALSE,Maricopa,6000000392,6000003139
height,17024,32.166,MAC Field Scanner Field Plot 542 Season 2,FALSE,Maricopa,6000000392,6000003138
height,17024,32.166,MAC Field Scanner Field Plot 492 Season 2,FALSE,Maricopa,6000000393,6000003088
height,17024,31.505,MAC Field Scanner Field Plot 493 Season 2,FALSE,Maricopa,6000000393,6000003089
height,17024,32.166,MAC Field Scanner Field Plot 509 Season 2,FALSE,Maricopa,6000000395,6000003105
height,17024,32.166,MAC Field Scanner Field Plot 508 Season 2,FALSE,Maricopa,6000000395,6000003104
height,17024,30.844,MAC Field Scanner Field Plot 494 Season 2,FALSE,Maricopa,6000000412,6000003090
height,17024,32.166,MAC Field Scanner Field Plot 495 Season 2,FALSE,Maricopa,6000000412,6000003091
height,17024,31.505,MAC Field Scanner Field Plot 499 Season 2,FALSE,Maricopa,6000000253,6000003095
height,17024,32.166,MAC Field Scanner Field Plot 498 Season 2,FALSE,Maricopa,6000000253,6000003094
height,17024,32.166,MAC Field Scanner Field Plot 533 Season 2,FALSE,Maricopa,6000000410,6000003129
height,17024,31.505,MAC Field Scanner Field Plot 532 Season 2,FALSE,Maricopa,6000000410,6000003128
height,17024,31.505,MAC Field Scanner Field Plot 514 Season 2,FALSE,Maricopa,6000000267,6000003110
height,17024,31.505,MAC Field Scanner Field Plot 589 Season 2,FALSE,Maricopa,6000000277,6000003185
height,17024,31.505,MAC Field Scanner Field Plot 601 Season 2,FALSE,Maricopa,6000000283,6000003197
height,17024,31.505,MAC Field Scanner Field Plot 600 Season 2,FALSE,Maricopa,6000000283,6000003196
height,17024,32.166,MAC Field Scanner Field Plot 575 Season 2,FALSE,Maricopa,6000000287,6000003171
height,17024,31.505,MAC Field Scanner Field Plot 574 Season 2,FALSE,Maricopa,6000000287,6000003170
height,17024,31.505,MAC Field Scanner Field Plot 548 Season 2,FALSE,Maricopa,6000000292,6000003144
height,17024,32.166,MAC Field Scanner Field Plot 549 Season 2,FALSE,Maricopa,6000000292,6000003145
height,17024,31.505,MAC Field Scanner Field Plot 550 Season 2,FALSE,Maricopa,6000000303,6000003146
height,17024,31.505,MAC Field Scanner Field Plot 551 Season 2,FALSE,Maricopa,6000000303,6000003147
height,17024,32.166,MAC Field Scanner Field Plot 571 Season 2,FALSE,Maricopa,6000000241,6000003167
height,17024,31.505,MAC Field Scanner Field Plot 570 Season 2,FALSE,Maricopa,6000000241,6000003166
height,17024,31.505,MAC Field Scanner Field Plot 584 Season 2,FALSE,Maricopa,6000000318,6000003180
height,17024,32.166,MAC Field Scanner Field Plot 585 Season 2,FALSE,Maricopa,6000000318,6000003181
height,17024,32.166,MAC Field Scanner Field Plot 552 Season 2,FALSE,Maricopa,6000000322,6000003148
height,17024,32.166,MAC Field Scanner Field Plot 553 Season 2,FALSE,Maricopa,6000000322,6000003149
height,17024,31.505,MAC Field Scanner Field Plot 562 Season 2,FALSE,Maricopa,6000000376,6000003158
height,17024,30.844,MAC Field Scanner Field Plot 556 Season 2,FALSE,Maricopa,6000000379,6000003152
height,17024,31.505,MAC Field Scanner Field Plot 557 Season 2,FALSE,Maricopa,6000000379,6000003153
height,17024,30.844,MAC Field Scanner Field Plot 558 Season 2,FALSE,Maricopa,6000000248,6000003154
height,17024,31.505,MAC Field Scanner Field Plot 559 Season 2,FALSE,Maricopa,6000000248,6000003155
height,17024,31.505,MAC Field Scanner Field Plot 597 Season 2,FALSE,Maricopa,6000000396,6000003193
height,17024,32.166,MAC Field Scanner Field Plot 596 Season 2,FALSE,Maricopa,6000000396,6000003192
height,17024,31.505,MAC Field Scanner Field Plot 554 Season 2,FALSE,Maricopa,6000000255,6000003150
height,17024,32.166,MAC Field Scanner Field Plot 555 Season 2,FALSE,Maricopa,6000000255,6000003151
height,17024,31.505,MAC Field Scanner Field Plot 578 Season 2,FALSE,Maricopa,6000000271,6000003174
height,17024,31.505,MAC Field Scanner Field Plot 579 Season 2,FALSE,Maricopa,6000000271,6000003175
height,17024,32.166,MAC Field Scanner Field Plot 565 Season 2,FALSE,Maricopa,6000000275,6000003161
height,17024,32.166,MAC Field Scanner Field Plot 564 Season 2,FALSE,Maricopa,6000000275,6000003160
height,17024,31.505,MAC Field Scanner Field Plot 588 Season 2,FALSE,Maricopa,6000000277,6000003184
height,17024,32.166,MAC Field Scanner Field Plot 654 Season 2,FALSE,Maricopa,6000000282,6000003250
height,17024,32.166,MAC Field Scanner Field Plot 655 Season 2,FALSE,Maricopa,6000000282,6000003251
height,17024,31.505,MAC Field Scanner Field Plot 642 Season 2,FALSE,Maricopa,6000000285,6000003238
height,17024,32.166,MAC Field Scanner Field Plot 643 Season 2,FALSE,Maricopa,6000000285,6000003239
height,17024,31.505,MAC Field Scanner Field Plot 614 Season 2,FALSE,Maricopa,6000000289,6000003210
height,17024,31.505,MAC Field Scanner Field Plot 615 Season 2,FALSE,Maricopa,6000000289,6000003211
height,17024,32.166,MAC Field Scanner Field Plot 637 Season 2,FALSE,Maricopa,6000000291,6000003233
height,17024,32.827,MAC Field Scanner Field Plot 636 Season 2,FALSE,Maricopa,6000000291,6000003232
height,17024,31.505,MAC Field Scanner Field Plot 627 Season 2,FALSE,Maricopa,6000000300,6000003223
height,17024,32.166,MAC Field Scanner Field Plot 626 Season 2,FALSE,Maricopa,6000000300,6000003222
height,17024,32.166,MAC Field Scanner Field Plot 605 Season 2,FALSE,Maricopa,6000000316,6000003201
height,17024,32.166,MAC Field Scanner Field Plot 604 Season 2,FALSE,Maricopa,6000000316,6000003200
height,17024,32.166,MAC Field Scanner Field Plot 629 Season 2,FALSE,Maricopa,6000000319,6000003225
height,17024,31.505,MAC Field Scanner Field Plot 628 Season 2,FALSE,Maricopa,6000000319,6000003224
height,17024,32.166,MAC Field Scanner Field Plot 607 Season 2,FALSE,Maricopa,6000000377,6000003203
height,17024,31.505,MAC Field Scanner Field Plot 606 Season 2,FALSE,Maricopa,6000000377,6000003202
height,17024,32.166,MAC Field Scanner Field Plot 631 Season 2,FALSE,Maricopa,6000000381,6000003227
height,17024,32.827,MAC Field Scanner Field Plot 630 Season 2,FALSE,Maricopa,6000000381,6000003226
height,17024,31.505,MAC Field Scanner Field Plot 633 Season 2,FALSE,Maricopa,6000000388,6000003229
height,17024,32.166,MAC Field Scanner Field Plot 632 Season 2,FALSE,Maricopa,6000000388,6000003228
height,17024,32.166,MAC Field Scanner Field Plot 644 Season 2,FALSE,Maricopa,6000000390,6000003240
height,17024,32.827,MAC Field Scanner Field Plot 645 Season 2,FALSE,Maricopa,6000000390,6000003241
height,17024,32.166,MAC Field Scanner Field Plot 620 Season 2,FALSE,Maricopa,6000000400,6000003216
height,17024,31.505,MAC Field Scanner Field Plot 621 Season 2,FALSE,Maricopa,6000000400,6000003217
height,17024,32.166,MAC Field Scanner Field Plot 635 Season 2,FALSE,Maricopa,6000000258,6000003231
height,17024,31.505,MAC Field Scanner Field Plot 634 Season 2,FALSE,Maricopa,6000000258,6000003230
height,17024,31.505,MAC Field Scanner Field Plot 652 Season 2,FALSE,Maricopa,6000000264,6000003248
height,17024,32.166,MAC Field Scanner Field Plot 653 Season 2,FALSE,Maricopa,6000000264,6000003249
height,17024,31.505,MAC Field Scanner Field Plot 622 Season 2,FALSE,Maricopa,6000000409,6000003218
height,17024,32.166,MAC Field Scanner Field Plot 702 Season 2,FALSE,Maricopa,6000000278,6000003298
height,17024,32.166,MAC Field Scanner Field Plot 710 Season 2,FALSE,Maricopa,6000000298,6000003306
height,17024,31.505,MAC Field Scanner Field Plot 711 Season 2,FALSE,Maricopa,6000000298,6000003307
height,17024,32.166,MAC Field Scanner Field Plot 678 Season 2,FALSE,Maricopa,6000000305,6000003274
height,17024,31.505,MAC Field Scanner Field Plot 679 Season 2,FALSE,Maricopa,6000000305,6000003275
height,17024,31.505,MAC Field Scanner Field Plot 682 Season 2,FALSE,Maricopa,6000000308,6000003278
height,17024,32.166,MAC Field Scanner Field Plot 683 Season 2,FALSE,Maricopa,6000000308,6000003279
height,17024,31.505,MAC Field Scanner Field Plot 674 Season 2,FALSE,Maricopa,6000000311,6000003270
height,17024,32.166,MAC Field Scanner Field Plot 675 Season 2,FALSE,Maricopa,6000000311,6000003271
height,17024,31.505,MAC Field Scanner Field Plot 686 Season 2,FALSE,Maricopa,6000000313,6000003282
height,17024,31.505,MAC Field Scanner Field Plot 687 Season 2,FALSE,Maricopa,6000000313,6000003283
height,17024,31.505,MAC Field Scanner Field Plot 695 Season 2,FALSE,Maricopa,6000000314,6000003291
height,17024,32.166,MAC Field Scanner Field Plot 694 Season 2,FALSE,Maricopa,6000000314,6000003290
height,17024,31.505,MAC Field Scanner Field Plot 703 Season 2,FALSE,Maricopa,6000000278,6000003299
height,17024,32.166,MAC Field Scanner Field Plot 665 Season 2,FALSE,Maricopa,6000000378,6000003261
height,17024,32.166,MAC Field Scanner Field Plot 664 Season 2,FALSE,Maricopa,6000000378,6000003260
height,17024,32.166,MAC Field Scanner Field Plot 667 Season 2,FALSE,Maricopa,6000000380,6000003263
height,17024,32.166,MAC Field Scanner Field Plot 666 Season 2,FALSE,Maricopa,6000000380,6000003262
height,17024,32.166,MAC Field Scanner Field Plot 693 Season 2,FALSE,Maricopa,6000000382,6000003289
height,17024,32.166,MAC Field Scanner Field Plot 692 Season 2,FALSE,Maricopa,6000000382,6000003288
height,17024,32.166,MAC Field Scanner Field Plot 701 Season 2,FALSE,Maricopa,6000000387,6000003297
height,17024,32.166,MAC Field Scanner Field Plot 700 Season 2,FALSE,Maricopa,6000000387,6000003296
height,17024,32.166,MAC Field Scanner Field Plot 659 Season 2,FALSE,Maricopa,6000000250,6000003255
height,17024,32.166,MAC Field Scanner Field Plot 658 Season 2,FALSE,Maricopa,6000000250,6000003254
height,17024,31.505,MAC Field Scanner Field Plot 661 Season 2,FALSE,Maricopa,6000000252,6000003257
height,17024,32.166,MAC Field Scanner Field Plot 660 Season 2,FALSE,Maricopa,6000000252,6000003256
height,17024,31.505,MAC Field Scanner Field Plot 708 Season 2,FALSE,Maricopa,6000000256,6000003304
height,17024,31.505,MAC Field Scanner Field Plot 765 Season 2,FALSE,Maricopa,6000000290,6000003361
height,17024,31.505,MAC Field Scanner Field Plot 764 Season 2,FALSE,Maricopa,6000000290,6000003360
height,17024,31.505,MAC Field Scanner Field Plot 712 Season 2,FALSE,Maricopa,6000000293,6000003308
height,17024,32.166,MAC Field Scanner Field Plot 713 Season 2,FALSE,Maricopa,6000000293,6000003309
height,17024,31.505,MAC Field Scanner Field Plot 742 Season 2,FALSE,Maricopa,6000000295,6000003338
height,17024,31.505,MAC Field Scanner Field Plot 743 Season 2,FALSE,Maricopa,6000000295,6000003339
height,17024,31.505,MAC Field Scanner Field Plot 725 Season 2,FALSE,Maricopa,6000000299,6000003321
height,17024,31.505,MAC Field Scanner Field Plot 724 Season 2,FALSE,Maricopa,6000000299,6000003320
height,17024,31.505,MAC Field Scanner Field Plot 718 Season 2,FALSE,Maricopa,6000000312,6000003314
height,17024,32.827,MAC Field Scanner Field Plot 719 Season 2,FALSE,Maricopa,6000000312,6000003315
height,17024,31.505,MAC Field Scanner Field Plot 714 Season 2,FALSE,Maricopa,6000000385,6000003310
height,17024,32.166,MAC Field Scanner Field Plot 715 Season 2,FALSE,Maricopa,6000000385,6000003311
height,17024,31.505,MAC Field Scanner Field Plot 735 Season 2,FALSE,Maricopa,6000000249,6000003331
height,17024,31.505,MAC Field Scanner Field Plot 734 Season 2,FALSE,Maricopa,6000000249,6000003330
height,17024,31.505,MAC Field Scanner Field Plot 740 Season 2,FALSE,Maricopa,6000000394,6000003336
height,17024,30.844,MAC Field Scanner Field Plot 741 Season 2,FALSE,Maricopa,6000000394,6000003337
height,17024,31.505,MAC Field Scanner Field Plot 759 Season 2,FALSE,Maricopa,6000000398,6000003355
height,17024,31.505,MAC Field Scanner Field Plot 758 Season 2,FALSE,Maricopa,6000000398,6000003354
height,17024,31.505,MAC Field Scanner Field Plot 729 Season 2,FALSE,Maricopa,6000000399,6000003325
height,17024,32.166,MAC Field Scanner Field Plot 728 Season 2,FALSE,Maricopa,6000000399,6000003324
height,17024,31.505,MAC Field Scanner Field Plot 757 Season 2,FALSE,Maricopa,6000000402,6000003353
height,17024,31.505,MAC Field Scanner Field Plot 756 Season 2,FALSE,Maricopa,6000000402,6000003352
height,17024,32.166,MAC Field Scanner Field Plot 727 Season 2,FALSE,Maricopa,6000000251,6000003323
height,17024,32.166,MAC Field Scanner Field Plot 795 Season 2,FALSE,Maricopa,6000000286,6000003391
height,17024,31.505,MAC Field Scanner Field Plot 794 Season 2,FALSE,Maricopa,6000000286,6000003390
height,17024,32.827,MAC Field Scanner Field Plot 802 Season 2,FALSE,Maricopa,6000000294,6000003398
height,17024,31.505,MAC Field Scanner Field Plot 803 Season 2,FALSE,Maricopa,6000000294,6000003399
height,17024,31.505,MAC Field Scanner Field Plot 812 Season 2,FALSE,Maricopa,6000000296,6000003408
height,17024,31.505,MAC Field Scanner Field Plot 813 Season 2,FALSE,Maricopa,6000000296,6000003409
height,17024,30.844,MAC Field Scanner Field Plot 787 Season 2,FALSE,Maricopa,6000000317,6000003383
height,17024,32.166,MAC Field Scanner Field Plot 786 Season 2,FALSE,Maricopa,6000000317,6000003382
height,17024,31.505,MAC Field Scanner Field Plot 791 Season 2,FALSE,Maricopa,6000000383,6000003387
height,17024,31.505,MAC Field Scanner Field Plot 790 Season 2,FALSE,Maricopa,6000000383,6000003386
height,17024,32.166,MAC Field Scanner Field Plot 799 Season 2,FALSE,Maricopa,6000000384,6000003395
height,17024,31.505,MAC Field Scanner Field Plot 798 Season 2,FALSE,Maricopa,6000000384,6000003394
height,17024,31.505,MAC Field Scanner Field Plot 804 Season 2,FALSE,Maricopa,6000000397,6000003400
height,17024,32.166,MAC Field Scanner Field Plot 805 Season 2,FALSE,Maricopa,6000000397,6000003401
height,17024,30.844,MAC Field Scanner Field Plot 797 Season 2,FALSE,Maricopa,6000000401,6000003393
height,17024,31.505,MAC Field Scanner Field Plot 796 Season 2,FALSE,Maricopa,6000000401,6000003392
height,17024,32.166,MAC Field Scanner Field Plot 806 Season 2,FALSE,Maricopa,6000000405,6000003402
height,17024,32.166,MAC Field Scanner Field Plot 807 Season 2,FALSE,Maricopa,6000000405,6000003403
height,17024,31.505,MAC Field Scanner Field Plot 770 Season 2,FALSE,Maricopa,6000000260,6000003366
height,17024,31.505,MAC Field Scanner Field Plot 771 Season 2,FALSE,Maricopa,6000000260,6000003367
height,17024,31.505,MAC Field Scanner Field Plot 821 Season 2,FALSE,Maricopa,6000000262,6000003417
height,17024,31.505,MAC Field Scanner Field Plot 820 Season 2,FALSE,Maricopa,6000000262,6000003416
height,17024,32.166,MAC Field Scanner Field Plot 808 Season 2,FALSE,Maricopa,6000000269,6000003404
height,17024,31.505,MAC Field Scanner Field Plot 809 Season 2,FALSE,Maricopa,6000000269,6000003405
height,17024,31.505,MAC Field Scanner Field Plot 819 Season 2,FALSE,Maricopa,6000000274,6000003415
height,17024,31.505,MAC Field Scanner Field Plot 818 Season 2,FALSE,Maricopa,6000000274,6000003414
height,17024,32.166,MAC Field Scanner Field Plot 827 Season 2,FALSE,Maricopa,6000000284,6000003423
height,17024,32.166,MAC Field Scanner Field Plot 826 Season 2,FALSE,Maricopa,6000000284,6000003422
height,17025,31.505,MAC Field Scanner Field Plot 44 Season 2,FALSE,Maricopa,6000000293,6000002640
height,17024,31.505,MAC Field Scanner Field Plot 829 Season 2,FALSE,Maricopa,6000000310,6000003425
height,17024,31.505,MAC Field Scanner Field Plot 828 Season 2,FALSE,Maricopa,6000000310,6000003424
height,17025,30.844,MAC Field Scanner Field Plot 35 Season 2,FALSE,Maricopa,6000000278,6000002631
height,17025,30.844,MAC Field Scanner Field Plot 29 Season 2,FALSE,Maricopa,6000000415,6000002625
height,17025,31.505,MAC Field Scanner Field Plot 28 Season 2,FALSE,Maricopa,6000000415,6000002624
height,17024,32.827,MAC Field Scanner Field Plot 825 Season 2,FALSE,Maricopa,6000000354,6000003421
height,17024,31.505,MAC Field Scanner Field Plot 824 Season 2,FALSE,Maricopa,6000000354,6000003420
height,17025,31.505,MAC Field Scanner Field Plot 40 Season 2,FALSE,Maricopa,6000000356,6000002636
height,17025,31.505,MAC Field Scanner Field Plot 41 Season 2,FALSE,Maricopa,6000000356,6000002637
height,17025,31.505,MAC Field Scanner Field Plot 36 Season 2,FALSE,Maricopa,6000000367,6000002632
height,17025,31.505,MAC Field Scanner Field Plot 37 Season 2,FALSE,Maricopa,6000000367,6000002633
height,17025,31.505,MAC Field Scanner Field Plot 42 Season 2,FALSE,Maricopa,6000000384,6000002638
height,17025,30.844,MAC Field Scanner Field Plot 43 Season 2,FALSE,Maricopa,6000000384,6000002639
height,17024,32.827,MAC Field Scanner Field Plot 831 Season 2,FALSE,Maricopa,6000000259,6000003427
height,17024,32.166,MAC Field Scanner Field Plot 830 Season 2,FALSE,Maricopa,6000000259,6000003426
height,17025,31.505,MAC Field Scanner Field Plot 78 Season 2,FALSE,Maricopa,6000000282,6000002674
height,17025,32.166,MAC Field Scanner Field Plot 79 Season 2,FALSE,Maricopa,6000000282,6000002675
height,17025,30.844,MAC Field Scanner Field Plot 72 Season 2,FALSE,Maricopa,6000000291,6000002668
height,17025,31.505,MAC Field Scanner Field Plot 73 Season 2,FALSE,Maricopa,6000000291,6000002669
height,17025,31.505,MAC Field Scanner Field Plot 45 Season 2,FALSE,Maricopa,6000000293,6000002641
height,17025,31.505,MAC Field Scanner Field Plot 55 Season 2,FALSE,Maricopa,6000000294,6000002651
height,17025,31.505,MAC Field Scanner Field Plot 54 Season 2,FALSE,Maricopa,6000000294,6000002650
height,17025,30.844,MAC Field Scanner Field Plot 98 Season 2,FALSE,Maricopa,6000000295,6000002694
height,17025,31.505,MAC Field Scanner Field Plot 99 Season 2,FALSE,Maricopa,6000000295,6000002695
height,17025,32.166,MAC Field Scanner Field Plot 70 Season 2,FALSE,Maricopa,6000000296,6000002666
height,17025,32.166,MAC Field Scanner Field Plot 71 Season 2,FALSE,Maricopa,6000000296,6000002667
height,17025,31.505,MAC Field Scanner Field Plot 63 Season 2,FALSE,Maricopa,6000000241,6000002659
height,17025,31.505,MAC Field Scanner Field Plot 62 Season 2,FALSE,Maricopa,6000000241,6000002658
height,17025,32.166,MAC Field Scanner Field Plot 87 Season 2,FALSE,Maricopa,6000000313,6000002683
height,17025,32.166,MAC Field Scanner Field Plot 86 Season 2,FALSE,Maricopa,6000000313,6000002682
height,17025,30.844,MAC Field Scanner Field Plot 83 Season 2,FALSE,Maricopa,6000000400,6000002679
height,17025,32.166,MAC Field Scanner Field Plot 82 Season 2,FALSE,Maricopa,6000000400,6000002678
height,17025,31.505,MAC Field Scanner Field Plot 53 Season 2,FALSE,Maricopa,6000000401,6000002649
height,17025,31.505,MAC Field Scanner Field Plot 52 Season 2,FALSE,Maricopa,6000000401,6000002648
height,17025,32.166,MAC Field Scanner Field Plot 66 Season 2,FALSE,Maricopa,6000000255,6000002662
height,17025,31.505,MAC Field Scanner Field Plot 67 Season 2,FALSE,Maricopa,6000000255,6000002663
height,17025,31.505,MAC Field Scanner Field Plot 74 Season 2,FALSE,Maricopa,6000000256,6000002670
height,17025,31.505,MAC Field Scanner Field Plot 75 Season 2,FALSE,Maricopa,6000000256,6000002671
height,17025,32.166,MAC Field Scanner Field Plot 46 Season 2,FALSE,Maricopa,6000000258,6000002642
height,17025,31.505,MAC Field Scanner Field Plot 47 Season 2,FALSE,Maricopa,6000000258,6000002643
height,17025,31.505,MAC Field Scanner Field Plot 76 Season 2,FALSE,Maricopa,6000000260,6000002672
height,17025,32.166,MAC Field Scanner Field Plot 77 Season 2,FALSE,Maricopa,6000000260,6000002673
height,17025,32.827,MAC Field Scanner Field Plot 100 Season 2,FALSE,Maricopa,6000000265,6000002696
height,17025,30.183,MAC Field Scanner Field Plot 61 Season 2,FALSE,Maricopa,6000000274,6000002657
height,17025,30.844,MAC Field Scanner Field Plot 60 Season 2,FALSE,Maricopa,6000000274,6000002656
height,17025,31.505,MAC Field Scanner Field Plot 121 Season 2,FALSE,Maricopa,6000000289,6000002717
height,17025,32.166,MAC Field Scanner Field Plot 120 Season 2,FALSE,Maricopa,6000000289,6000002716
height,17025,31.505,MAC Field Scanner Field Plot 108 Season 2,FALSE,Maricopa,6000000315,6000002704
height,17025,31.505,MAC Field Scanner Field Plot 109 Season 2,FALSE,Maricopa,6000000315,6000002705
height,17025,32.827,MAC Field Scanner Field Plot 119 Season 2,FALSE,Maricopa,6000000319,6000002715
height,17025,31.505,MAC Field Scanner Field Plot 118 Season 2,FALSE,Maricopa,6000000319,6000002714
height,17025,31.505,MAC Field Scanner Field Plot 140 Season 2,FALSE,Maricopa,6000000377,6000002736
height,17025,31.505,MAC Field Scanner Field Plot 141 Season 2,FALSE,Maricopa,6000000377,6000002737
height,17025,31.505,MAC Field Scanner Field Plot 123 Season 2,FALSE,Maricopa,6000000389,6000002719
height,17025,32.166,MAC Field Scanner Field Plot 122 Season 2,FALSE,Maricopa,6000000389,6000002718
height,17025,31.505,MAC Field Scanner Field Plot 127 Season 2,FALSE,Maricopa,6000000393,6000002723
height,17025,31.505,MAC Field Scanner Field Plot 126 Season 2,FALSE,Maricopa,6000000393,6000002722
height,17025,32.166,MAC Field Scanner Field Plot 149 Season 2,FALSE,Maricopa,6000000396,6000002745
height,17025,30.844,MAC Field Scanner Field Plot 148 Season 2,FALSE,Maricopa,6000000396,6000002744
height,17025,32.166,MAC Field Scanner Field Plot 106 Season 2,FALSE,Maricopa,6000000397,6000002702
height,17025,32.166,MAC Field Scanner Field Plot 107 Season 2,FALSE,Maricopa,6000000397,6000002703
height,17025,32.166,MAC Field Scanner Field Plot 151 Season 2,FALSE,Maricopa,6000000403,6000002747
height,17025,31.505,MAC Field Scanner Field Plot 150 Season 2,FALSE,Maricopa,6000000403,6000002746
height,17025,31.505,MAC Field Scanner Field Plot 142 Season 2,FALSE,Maricopa,6000000252,6000002738
height,17025,31.505,MAC Field Scanner Field Plot 143 Season 2,FALSE,Maricopa,6000000252,6000002739
height,17025,32.166,MAC Field Scanner Field Plot 132 Season 2,FALSE,Maricopa,6000000261,6000002728
height,17025,32.166,MAC Field Scanner Field Plot 133 Season 2,FALSE,Maricopa,6000000261,6000002729
height,17025,31.505,MAC Field Scanner Field Plot 102 Season 2,FALSE,Maricopa,6000000406,6000002698
height,17025,32.166,MAC Field Scanner Field Plot 103 Season 2,FALSE,Maricopa,6000000406,6000002699
height,17025,33.488,MAC Field Scanner Field Plot 101 Season 2,FALSE,Maricopa,6000000265,6000002697
height,17025,32.166,MAC Field Scanner Field Plot 172 Season 2,FALSE,Maricopa,6000000285,6000002768
height,17025,31.505,MAC Field Scanner Field Plot 173 Season 2,FALSE,Maricopa,6000000285,6000002769
height,17025,31.505,MAC Field Scanner Field Plot 166 Season 2,FALSE,Maricopa,6000000286,6000002762
height,17025,32.166,MAC Field Scanner Field Plot 167 Season 2,FALSE,Maricopa,6000000286,6000002763
height,17025,31.505,MAC Field Scanner Field Plot 198 Season 2,FALSE,Maricopa,6000000292,6000002794
height,17025,31.505,MAC Field Scanner Field Plot 199 Season 2,FALSE,Maricopa,6000000292,6000002795
height,17025,31.505,MAC Field Scanner Field Plot 189 Season 2,FALSE,Maricopa,6000000299,6000002785
height,17025,32.166,MAC Field Scanner Field Plot 188 Season 2,FALSE,Maricopa,6000000299,6000002784
height,17025,30.844,MAC Field Scanner Field Plot 164 Season 2,FALSE,Maricopa,6000000302,6000002760
height,17025,31.505,MAC Field Scanner Field Plot 165 Season 2,FALSE,Maricopa,6000000302,6000002761
height,17025,31.505,MAC Field Scanner Field Plot 187 Season 2,FALSE,Maricopa,6000000304,6000002783
height,17025,30.844,MAC Field Scanner Field Plot 186 Season 2,FALSE,Maricopa,6000000304,6000002782
height,17025,30.844,MAC Field Scanner Field Plot 181 Season 2,FALSE,Maricopa,6000000385,6000002777
height,17025,31.505,MAC Field Scanner Field Plot 180 Season 2,FALSE,Maricopa,6000000385,6000002776
height,17025,31.505,MAC Field Scanner Field Plot 202 Season 2,FALSE,Maricopa,6000000387,6000002798
height,17025,33.488,MAC Field Scanner Field Plot 203 Season 2,FALSE,Maricopa,6000000387,6000002799
height,17025,30.844,MAC Field Scanner Field Plot 212 Season 2,FALSE,Maricopa,6000000249,6000002808
height,17025,31.505,MAC Field Scanner Field Plot 162 Season 2,FALSE,Maricopa,6000000402,6000002758
height,17025,32.166,MAC Field Scanner Field Plot 163 Season 2,FALSE,Maricopa,6000000402,6000002759
height,17025,31.505,MAC Field Scanner Field Plot 211 Season 2,FALSE,Maricopa,6000000259,6000002807
height,17025,31.505,MAC Field Scanner Field Plot 210 Season 2,FALSE,Maricopa,6000000259,6000002806
height,17025,31.505,MAC Field Scanner Field Plot 170 Season 2,FALSE,Maricopa,6000000262,6000002766
height,17025,30.844,MAC Field Scanner Field Plot 171 Season 2,FALSE,Maricopa,6000000262,6000002767
height,17025,30.844,MAC Field Scanner Field Plot 185 Season 2,FALSE,Maricopa,6000000263,6000002781
height,17025,32.166,MAC Field Scanner Field Plot 184 Season 2,FALSE,Maricopa,6000000263,6000002780
height,17025,32.166,MAC Field Scanner Field Plot 179 Season 2,FALSE,Maricopa,6000000410,6000002775
height,17025,31.505,MAC Field Scanner Field Plot 232 Season 2,FALSE,Maricopa,6000000281,6000002828
height,17025,32.166,MAC Field Scanner Field Plot 233 Season 2,FALSE,Maricopa,6000000281,6000002829
height,17025,30.844,MAC Field Scanner Field Plot 262 Season 2,FALSE,Maricopa,6000000290,6000002858
height,17025,32.166,MAC Field Scanner Field Plot 263 Season 2,FALSE,Maricopa,6000000290,6000002859
height,17025,31.505,MAC Field Scanner Field Plot 249 Season 2,FALSE,Maricopa,6000000300,6000002845
height,17025,32.166,MAC Field Scanner Field Plot 248 Season 2,FALSE,Maricopa,6000000300,6000002844
height,17025,32.166,MAC Field Scanner Field Plot 221 Season 2,FALSE,Maricopa,6000000303,6000002817
height,17025,32.166,MAC Field Scanner Field Plot 220 Season 2,FALSE,Maricopa,6000000303,6000002816
height,17025,32.166,MAC Field Scanner Field Plot 264 Season 2,FALSE,Maricopa,6000000305,6000002860
height,17025,32.827,MAC Field Scanner Field Plot 265 Season 2,FALSE,Maricopa,6000000305,6000002861
height,17025,32.166,MAC Field Scanner Field Plot 266 Season 2,FALSE,Maricopa,6000000307,6000002862
height,17025,31.505,MAC Field Scanner Field Plot 247 Season 2,FALSE,Maricopa,6000000317,6000002843
height,17025,31.505,MAC Field Scanner Field Plot 246 Season 2,FALSE,Maricopa,6000000317,6000002842
height,17025,31.505,MAC Field Scanner Field Plot 245 Season 2,FALSE,Maricopa,6000000320,6000002841
height,17025,31.505,MAC Field Scanner Field Plot 244 Season 2,FALSE,Maricopa,6000000320,6000002840
height,17025,30.844,MAC Field Scanner Field Plot 255 Season 2,FALSE,Maricopa,6000000338,6000002851
height,17025,30.844,MAC Field Scanner Field Plot 254 Season 2,FALSE,Maricopa,6000000338,6000002850
height,17025,32.166,MAC Field Scanner Field Plot 228 Season 2,FALSE,Maricopa,6000000379,6000002824
height,17025,32.166,MAC Field Scanner Field Plot 229 Season 2,FALSE,Maricopa,6000000379,6000002825
height,17025,32.166,MAC Field Scanner Field Plot 230 Season 2,FALSE,Maricopa,6000000382,6000002826
height,17025,32.166,MAC Field Scanner Field Plot 231 Season 2,FALSE,Maricopa,6000000382,6000002827
height,17025,31.505,MAC Field Scanner Field Plot 260 Season 2,FALSE,Maricopa,6000000248,6000002856
height,17025,31.505,MAC Field Scanner Field Plot 261 Season 2,FALSE,Maricopa,6000000248,6000002857
height,17025,31.505,MAC Field Scanner Field Plot 217 Season 2,FALSE,Maricopa,6000000386,6000002813
height,17025,31.505,MAC Field Scanner Field Plot 216 Season 2,FALSE,Maricopa,6000000386,6000002812
height,17025,32.166,MAC Field Scanner Field Plot 213 Season 2,FALSE,Maricopa,6000000249,6000002809
height,17025,32.166,MAC Field Scanner Field Plot 215 Season 2,FALSE,Maricopa,6000000257,6000002811
height,17025,33.488,MAC Field Scanner Field Plot 214 Season 2,FALSE,Maricopa,6000000257,6000002810
height,17025,31.505,MAC Field Scanner Field Plot 234 Season 2,FALSE,Maricopa,6000000273,6000002830
height,17025,31.505,MAC Field Scanner Field Plot 235 Season 2,FALSE,Maricopa,6000000273,6000002831
height,17025,31.505,MAC Field Scanner Field Plot 314 Season 2,FALSE,Maricopa,6000000279,6000002910
height,17025,31.505,MAC Field Scanner Field Plot 268 Season 2,FALSE,Maricopa,6000000280,6000002864
height,17025,31.505,MAC Field Scanner Field Plot 269 Season 2,FALSE,Maricopa,6000000280,6000002865
height,17025,30.844,MAC Field Scanner Field Plot 302 Season 2,FALSE,Maricopa,6000000284,6000002898
height,17025,31.505,MAC Field Scanner Field Plot 303 Season 2,FALSE,Maricopa,6000000284,6000002899
height,17025,31.505,MAC Field Scanner Field Plot 307 Season 2,FALSE,Maricopa,6000000306,6000002903
height,17025,31.505,MAC Field Scanner Field Plot 306 Season 2,FALSE,Maricopa,6000000306,6000002902
height,17025,31.505,MAC Field Scanner Field Plot 267 Season 2,FALSE,Maricopa,6000000307,6000002863
height,17025,31.505,MAC Field Scanner Field Plot 290 Season 2,FALSE,Maricopa,6000000316,6000002886
height,17025,31.505,MAC Field Scanner Field Plot 291 Season 2,FALSE,Maricopa,6000000316,6000002887
height,17025,31.505,MAC Field Scanner Field Plot 281 Season 2,FALSE,Maricopa,6000000380,6000002877
height,17025,32.827,MAC Field Scanner Field Plot 280 Season 2,FALSE,Maricopa,6000000380,6000002876
height,17025,30.844,MAC Field Scanner Field Plot 296 Season 2,FALSE,Maricopa,6000000381,6000002892
height,17025,32.166,MAC Field Scanner Field Plot 297 Season 2,FALSE,Maricopa,6000000381,6000002893
height,17025,32.166,MAC Field Scanner Field Plot 279 Season 2,FALSE,Maricopa,6000000383,6000002875
height,17025,31.505,MAC Field Scanner Field Plot 278 Season 2,FALSE,Maricopa,6000000383,6000002874
height,17025,32.166,MAC Field Scanner Field Plot 309 Season 2,FALSE,Maricopa,6000000390,6000002905
height,17025,32.166,MAC Field Scanner Field Plot 308 Season 2,FALSE,Maricopa,6000000390,6000002904
height,17025,31.505,MAC Field Scanner Field Plot 270 Season 2,FALSE,Maricopa,6000000394,6000002866
height,17025,31.505,MAC Field Scanner Field Plot 271 Season 2,FALSE,Maricopa,6000000394,6000002867
height,17025,31.505,MAC Field Scanner Field Plot 319 Season 2,FALSE,Maricopa,6000000395,6000002915
height,17025,32.166,MAC Field Scanner Field Plot 318 Season 2,FALSE,Maricopa,6000000395,6000002914
height,17025,32.166,MAC Field Scanner Field Plot 298 Season 2,FALSE,Maricopa,6000000398,6000002894
height,17025,31.505,MAC Field Scanner Field Plot 299 Season 2,FALSE,Maricopa,6000000398,6000002895
height,17025,31.505,MAC Field Scanner Field Plot 283 Season 2,FALSE,Maricopa,6000000253,6000002879
height,17025,32.166,MAC Field Scanner Field Plot 282 Season 2,FALSE,Maricopa,6000000253,6000002878
height,17025,30.844,MAC Field Scanner Field Plot 322 Season 2,FALSE,Maricopa,6000000408,6000002918
height,17025,31.505,MAC Field Scanner Field Plot 345 Season 2,FALSE,Maricopa,6000000287,6000002941
height,17025,32.166,MAC Field Scanner Field Plot 344 Season 2,FALSE,Maricopa,6000000287,6000002940
height,17025,31.505,MAC Field Scanner Field Plot 378 Season 2,FALSE,Maricopa,6000000288,6000002974
height,17025,32.166,MAC Field Scanner Field Plot 358 Season 2,FALSE,Maricopa,6000000297,6000002954
height,17025,32.166,MAC Field Scanner Field Plot 359 Season 2,FALSE,Maricopa,6000000297,6000002955
height,17025,32.166,MAC Field Scanner Field Plot 326 Season 2,FALSE,Maricopa,6000000301,6000002922
height,17025,31.505,MAC Field Scanner Field Plot 327 Season 2,FALSE,Maricopa,6000000301,6000002923
height,17025,31.505,MAC Field Scanner Field Plot 351 Season 2,FALSE,Maricopa,6000000309,6000002947
height,17025,30.844,MAC Field Scanner Field Plot 350 Season 2,FALSE,Maricopa,6000000309,6000002946
height,17025,31.505,MAC Field Scanner Field Plot 347 Season 2,FALSE,Maricopa,6000000311,6000002943
height,17025,30.844,MAC Field Scanner Field Plot 346 Season 2,FALSE,Maricopa,6000000311,6000002942
height,17025,30.844,MAC Field Scanner Field Plot 324 Season 2,FALSE,Maricopa,6000000399,6000002920
height,17025,32.166,MAC Field Scanner Field Plot 325 Season 2,FALSE,Maricopa,6000000399,6000002921
height,17025,31.505,MAC Field Scanner Field Plot 371 Season 2,FALSE,Maricopa,6000000412,6000002967
height,17025,31.505,MAC Field Scanner Field Plot 370 Season 2,FALSE,Maricopa,6000000412,6000002966
height,17025,30.844,MAC Field Scanner Field Plot 360 Season 2,FALSE,Maricopa,6000000405,6000002956
height,17025,32.166,MAC Field Scanner Field Plot 361 Season 2,FALSE,Maricopa,6000000405,6000002957
height,17025,31.505,MAC Field Scanner Field Plot 364 Season 2,FALSE,Maricopa,6000000407,6000002960
height,17025,31.505,MAC Field Scanner Field Plot 365 Season 2,FALSE,Maricopa,6000000407,6000002961
height,17025,30.844,MAC Field Scanner Field Plot 323 Season 2,FALSE,Maricopa,6000000408,6000002919
height,17025,31.505,MAC Field Scanner Field Plot 343 Season 2,FALSE,Maricopa,6000000409,6000002939
height,17025,31.505,MAC Field Scanner Field Plot 342 Season 2,FALSE,Maricopa,6000000409,6000002938
height,17025,30.844,MAC Field Scanner Field Plot 328 Season 2,FALSE,Maricopa,6000000269,6000002924
height,17025,32.166,MAC Field Scanner Field Plot 329 Season 2,FALSE,Maricopa,6000000269,6000002925
height,17025,31.505,MAC Field Scanner Field Plot 356 Season 2,FALSE,Maricopa,6000000271,6000002952
height,17025,31.505,MAC Field Scanner Field Plot 357 Season 2,FALSE,Maricopa,6000000271,6000002953
height,17025,31.505,MAC Field Scanner Field Plot 362 Season 2,FALSE,Maricopa,6000000272,6000002958
height,17025,32.166,MAC Field Scanner Field Plot 363 Season 2,FALSE,Maricopa,6000000272,6000002959
height,17025,31.505,MAC Field Scanner Field Plot 409 Season 2,FALSE,Maricopa,6000000283,6000003005
height,17025,32.827,MAC Field Scanner Field Plot 408 Season 2,FALSE,Maricopa,6000000283,6000003004
height,17025,31.505,MAC Field Scanner Field Plot 379 Season 2,FALSE,Maricopa,6000000288,6000002975
height,17025,31.505,MAC Field Scanner Field Plot 614 Season 2,FALSE,Maricopa,6000000289,6000003210
height,17025,30.844,MAC Field Scanner Field Plot 615 Season 2,FALSE,Maricopa,6000000289,6000003211
height,17025,32.166,MAC Field Scanner Field Plot 626 Season 2,FALSE,Maricopa,6000000300,6000003222
height,17025,30.844,MAC Field Scanner Field Plot 386 Season 2,FALSE,Maricopa,6000000308,6000002982
height,17025,32.166,MAC Field Scanner Field Plot 387 Season 2,FALSE,Maricopa,6000000308,6000002983
height,17025,30.844,MAC Field Scanner Field Plot 398 Season 2,FALSE,Maricopa,6000000310,6000002994
height,17025,31.505,MAC Field Scanner Field Plot 399 Season 2,FALSE,Maricopa,6000000310,6000002995
height,17025,30.844,MAC Field Scanner Field Plot 383 Season 2,FALSE,Maricopa,6000000312,6000002979
height,17025,32.166,MAC Field Scanner Field Plot 382 Season 2,FALSE,Maricopa,6000000312,6000002978
height,17025,31.505,MAC Field Scanner Field Plot 390 Season 2,FALSE,Maricopa,6000000318,6000002986
height,17025,32.166,MAC Field Scanner Field Plot 391 Season 2,FALSE,Maricopa,6000000318,6000002987
height,17025,31.505,MAC Field Scanner Field Plot 388 Season 2,FALSE,Maricopa,6000000378,6000002984
height,17025,32.166,MAC Field Scanner Field Plot 389 Season 2,FALSE,Maricopa,6000000378,6000002985
height,17025,30.844,MAC Field Scanner Field Plot 392 Season 2,FALSE,Maricopa,6000000388,6000002988
height,17025,32.827,MAC Field Scanner Field Plot 393 Season 2,FALSE,Maricopa,6000000388,6000002989
height,17025,31.505,MAC Field Scanner Field Plot 620 Season 2,FALSE,Maricopa,6000000400,6000003216
height,17025,30.844,MAC Field Scanner Field Plot 621 Season 2,FALSE,Maricopa,6000000400,6000003217
height,17025,31.505,MAC Field Scanner Field Plot 405 Season 2,FALSE,Maricopa,6000000250,6000003001
height,17025,31.505,MAC Field Scanner Field Plot 404 Season 2,FALSE,Maricopa,6000000250,6000003e3
height,17025,31.505,MAC Field Scanner Field Plot 415 Season 2,FALSE,Maricopa,6000000251,6000003011
height,17025,32.166,MAC Field Scanner Field Plot 414 Season 2,FALSE,Maricopa,6000000251,6000003010
height,17025,31.505,MAC Field Scanner Field Plot 411 Season 2,FALSE,Maricopa,6000000254,6000003007
height,17025,32.166,MAC Field Scanner Field Plot 410 Season 2,FALSE,Maricopa,6000000254,6000003006
height,17025,30.844,MAC Field Scanner Field Plot 622 Season 2,FALSE,Maricopa,6000000409,6000003218
height,17025,31.505,MAC Field Scanner Field Plot 623 Season 2,FALSE,Maricopa,6000000409,6000003219
height,17025,32.166,MAC Field Scanner Field Plot 618 Season 2,FALSE,Maricopa,6000000265,6000003214
height,17025,31.505,MAC Field Scanner Field Plot 654 Season 2,FALSE,Maricopa,6000000282,6000003250
height,17025,32.166,MAC Field Scanner Field Plot 655 Season 2,FALSE,Maricopa,6000000282,6000003251
height,17025,31.505,MAC Field Scanner Field Plot 642 Season 2,FALSE,Maricopa,6000000285,6000003238
height,17025,31.505,MAC Field Scanner Field Plot 643 Season 2,FALSE,Maricopa,6000000285,6000003239
height,17025,31.505,MAC Field Scanner Field Plot 637 Season 2,FALSE,Maricopa,6000000291,6000003233
height,17025,31.505,MAC Field Scanner Field Plot 636 Season 2,FALSE,Maricopa,6000000291,6000003232
height,17025,31.505,MAC Field Scanner Field Plot 627 Season 2,FALSE,Maricopa,6000000300,6000003223
height,17025,31.505,MAC Field Scanner Field Plot 678 Season 2,FALSE,Maricopa,6000000305,6000003274
height,17025,31.505,MAC Field Scanner Field Plot 679 Season 2,FALSE,Maricopa,6000000305,6000003275
height,17025,31.505,MAC Field Scanner Field Plot 674 Season 2,FALSE,Maricopa,6000000311,6000003270
height,17025,31.505,MAC Field Scanner Field Plot 675 Season 2,FALSE,Maricopa,6000000311,6000003271
height,17025,31.505,MAC Field Scanner Field Plot 629 Season 2,FALSE,Maricopa,6000000319,6000003225
height,17025,32.166,MAC Field Scanner Field Plot 628 Season 2,FALSE,Maricopa,6000000319,6000003224
height,17025,32.166,MAC Field Scanner Field Plot 665 Season 2,FALSE,Maricopa,6000000378,6000003261
height,17025,32.166,MAC Field Scanner Field Plot 664 Season 2,FALSE,Maricopa,6000000378,6000003260
height,17025,31.505,MAC Field Scanner Field Plot 667 Season 2,FALSE,Maricopa,6000000380,6000003263
height,17025,31.505,MAC Field Scanner Field Plot 666 Season 2,FALSE,Maricopa,6000000380,6000003262
height,17025,31.505,MAC Field Scanner Field Plot 631 Season 2,FALSE,Maricopa,6000000381,6000003227
height,17025,32.166,MAC Field Scanner Field Plot 630 Season 2,FALSE,Maricopa,6000000381,6000003226
height,17025,31.505,MAC Field Scanner Field Plot 633 Season 2,FALSE,Maricopa,6000000388,6000003229
height,17025,32.166,MAC Field Scanner Field Plot 632 Season 2,FALSE,Maricopa,6000000388,6000003228
height,17025,32.166,MAC Field Scanner Field Plot 644 Season 2,FALSE,Maricopa,6000000390,6000003240
height,17025,32.166,MAC Field Scanner Field Plot 645 Season 2,FALSE,Maricopa,6000000390,6000003241
height,17025,31.505,MAC Field Scanner Field Plot 659 Season 2,FALSE,Maricopa,6000000250,6000003255
height,17025,32.166,MAC Field Scanner Field Plot 658 Season 2,FALSE,Maricopa,6000000250,6000003254
height,17025,31.505,MAC Field Scanner Field Plot 661 Season 2,FALSE,Maricopa,6000000252,6000003257
height,17025,32.166,MAC Field Scanner Field Plot 660 Season 2,FALSE,Maricopa,6000000252,6000003256
height,17025,31.505,MAC Field Scanner Field Plot 702 Season 2,FALSE,Maricopa,6000000278,6000003298
height,17025,30.844,MAC Field Scanner Field Plot 712 Season 2,FALSE,Maricopa,6000000293,6000003308
height,17025,32.166,MAC Field Scanner Field Plot 713 Season 2,FALSE,Maricopa,6000000293,6000003309
height,17025,31.505,MAC Field Scanner Field Plot 710 Season 2,FALSE,Maricopa,6000000298,6000003306
height,17025,30.844,MAC Field Scanner Field Plot 711 Season 2,FALSE,Maricopa,6000000298,6000003307
height,17025,31.505,MAC Field Scanner Field Plot 725 Season 2,FALSE,Maricopa,6000000299,6000003321
height,17025,30.844,MAC Field Scanner Field Plot 724 Season 2,FALSE,Maricopa,6000000299,6000003320
height,17025,30.844,MAC Field Scanner Field Plot 682 Season 2,FALSE,Maricopa,6000000308,6000003278
height,17025,31.505,MAC Field Scanner Field Plot 683 Season 2,FALSE,Maricopa,6000000308,6000003279
height,17025,31.505,MAC Field Scanner Field Plot 718 Season 2,FALSE,Maricopa,6000000312,6000003314
height,17025,32.827,MAC Field Scanner Field Plot 719 Season 2,FALSE,Maricopa,6000000312,6000003315
height,17025,31.505,MAC Field Scanner Field Plot 686 Season 2,FALSE,Maricopa,6000000313,6000003282
height,17025,30.844,MAC Field Scanner Field Plot 687 Season 2,FALSE,Maricopa,6000000313,6000003283
height,17025,31.505,MAC Field Scanner Field Plot 695 Season 2,FALSE,Maricopa,6000000314,6000003291
height,17025,32.166,MAC Field Scanner Field Plot 694 Season 2,FALSE,Maricopa,6000000314,6000003290
height,17025,31.505,MAC Field Scanner Field Plot 703 Season 2,FALSE,Maricopa,6000000278,6000003299
height,17025,32.166,MAC Field Scanner Field Plot 693 Season 2,FALSE,Maricopa,6000000382,6000003289
height,17025,31.505,MAC Field Scanner Field Plot 692 Season 2,FALSE,Maricopa,6000000382,6000003288
height,17025,31.505,MAC Field Scanner Field Plot 714 Season 2,FALSE,Maricopa,6000000385,6000003310
height,17025,32.166,MAC Field Scanner Field Plot 715 Season 2,FALSE,Maricopa,6000000385,6000003311
height,17025,31.505,MAC Field Scanner Field Plot 701 Season 2,FALSE,Maricopa,6000000387,6000003297
height,17025,32.166,MAC Field Scanner Field Plot 700 Season 2,FALSE,Maricopa,6000000387,6000003296
height,17025,31.505,MAC Field Scanner Field Plot 735 Season 2,FALSE,Maricopa,6000000249,6000003331
height,17025,31.505,MAC Field Scanner Field Plot 734 Season 2,FALSE,Maricopa,6000000249,6000003330
height,17025,31.505,MAC Field Scanner Field Plot 729 Season 2,FALSE,Maricopa,6000000399,6000003325
height,17025,31.505,MAC Field Scanner Field Plot 728 Season 2,FALSE,Maricopa,6000000399,6000003324
height,17025,30.844,MAC Field Scanner Field Plot 765 Season 2,FALSE,Maricopa,6000000290,6000003361
height,17025,31.505,MAC Field Scanner Field Plot 764 Season 2,FALSE,Maricopa,6000000290,6000003360
height,17025,31.505,MAC Field Scanner Field Plot 742 Season 2,FALSE,Maricopa,6000000295,6000003338
height,17025,31.505,MAC Field Scanner Field Plot 743 Season 2,FALSE,Maricopa,6000000295,6000003339
height,17025,30.844,MAC Field Scanner Field Plot 787 Season 2,FALSE,Maricopa,6000000317,6000003383
height,17025,32.166,MAC Field Scanner Field Plot 786 Season 2,FALSE,Maricopa,6000000317,6000003382
height,17025,30.844,MAC Field Scanner Field Plot 791 Season 2,FALSE,Maricopa,6000000383,6000003387
height,17025,31.505,MAC Field Scanner Field Plot 790 Season 2,FALSE,Maricopa,6000000383,6000003386
height,17025,30.844,MAC Field Scanner Field Plot 740 Season 2,FALSE,Maricopa,6000000394,6000003336
height,17025,31.505,MAC Field Scanner Field Plot 741 Season 2,FALSE,Maricopa,6000000394,6000003337
height,17025,31.505,MAC Field Scanner Field Plot 759 Season 2,FALSE,Maricopa,6000000398,6000003355
height,17025,31.505,MAC Field Scanner Field Plot 758 Season 2,FALSE,Maricopa,6000000398,6000003354
height,17025,31.505,MAC Field Scanner Field Plot 757 Season 2,FALSE,Maricopa,6000000402,6000003353
height,17025,31.505,MAC Field Scanner Field Plot 756 Season 2,FALSE,Maricopa,6000000402,6000003352
height,17025,31.505,MAC Field Scanner Field Plot 755 Season 2,FALSE,Maricopa,6000000254,6000003351
height,17025,32.166,MAC Field Scanner Field Plot 754 Season 2,FALSE,Maricopa,6000000254,6000003350
height,17025,31.505,MAC Field Scanner Field Plot 770 Season 2,FALSE,Maricopa,6000000260,6000003366
height,17025,31.505,MAC Field Scanner Field Plot 771 Season 2,FALSE,Maricopa,6000000260,6000003367
height,17025,32.166,MAC Field Scanner Field Plot 748 Season 2,FALSE,Maricopa,6000000261,6000003344
height,17025,31.505,MAC Field Scanner Field Plot 749 Season 2,FALSE,Maricopa,6000000261,6000003345
height,17025,31.505,MAC Field Scanner Field Plot 761 Season 2,FALSE,Maricopa,6000000406,6000003357
height,17025,31.505,MAC Field Scanner Field Plot 760 Season 2,FALSE,Maricopa,6000000406,6000003356
height,17025,31.505,MAC Field Scanner Field Plot 767 Season 2,FALSE,Maricopa,6000000273,6000003363
height,17025,31.505,MAC Field Scanner Field Plot 766 Season 2,FALSE,Maricopa,6000000273,6000003362
height,17025,31.505,MAC Field Scanner Field Plot 827 Season 2,FALSE,Maricopa,6000000284,6000003423
height,17025,31.505,MAC Field Scanner Field Plot 826 Season 2,FALSE,Maricopa,6000000284,6000003422
height,17025,32.166,MAC Field Scanner Field Plot 795 Season 2,FALSE,Maricopa,6000000286,6000003391
height,17025,31.505,MAC Field Scanner Field Plot 794 Season 2,FALSE,Maricopa,6000000286,6000003390
height,17025,33.488,MAC Field Scanner Field Plot 802 Season 2,FALSE,Maricopa,6000000294,6000003398
height,17025,31.505,MAC Field Scanner Field Plot 803 Season 2,FALSE,Maricopa,6000000294,6000003399
height,17025,31.505,MAC Field Scanner Field Plot 812 Season 2,FALSE,Maricopa,6000000296,6000003408
height,17025,31.505,MAC Field Scanner Field Plot 813 Season 2,FALSE,Maricopa,6000000296,6000003409
height,17025,31.505,MAC Field Scanner Field Plot 829 Season 2,FALSE,Maricopa,6000000310,6000003425
height,17025,31.505,MAC Field Scanner Field Plot 828 Season 2,FALSE,Maricopa,6000000310,6000003424
height,17025,31.505,MAC Field Scanner Field Plot 793 Season 2,FALSE,Maricopa,6000000323,6000003389
height,17025,32.166,MAC Field Scanner Field Plot 810 Season 2,FALSE,Maricopa,6000000325,6000003406
height,17025,31.505,MAC Field Scanner Field Plot 811 Season 2,FALSE,Maricopa,6000000325,6000003407
height,17025,31.505,MAC Field Scanner Field Plot 814 Season 2,FALSE,Maricopa,6000000330,6000003410
height,17025,31.505,MAC Field Scanner Field Plot 815 Season 2,FALSE,Maricopa,6000000330,6000003411
height,17025,32.827,MAC Field Scanner Field Plot 825 Season 2,FALSE,Maricopa,6000000354,6000003421
height,17025,31.505,MAC Field Scanner Field Plot 824 Season 2,FALSE,Maricopa,6000000354,6000003420
height,17025,32.166,MAC Field Scanner Field Plot 823 Season 2,FALSE,Maricopa,6000000365,6000003419
height,17025,33.488,MAC Field Scanner Field Plot 822 Season 2,FALSE,Maricopa,6000000365,6000003418
height,17025,32.166,MAC Field Scanner Field Plot 799 Season 2,FALSE,Maricopa,6000000384,6000003395
height,17025,31.505,MAC Field Scanner Field Plot 798 Season 2,FALSE,Maricopa,6000000384,6000003394
height,17025,32.166,MAC Field Scanner Field Plot 804 Season 2,FALSE,Maricopa,6000000397,6000003400
height,17025,31.505,MAC Field Scanner Field Plot 805 Season 2,FALSE,Maricopa,6000000397,6000003401
height,17025,31.505,MAC Field Scanner Field Plot 797 Season 2,FALSE,Maricopa,6000000401,6000003393
height,17025,31.505,MAC Field Scanner Field Plot 796 Season 2,FALSE,Maricopa,6000000401,6000003392
height,17025,32.166,MAC Field Scanner Field Plot 831 Season 2,FALSE,Maricopa,6000000259,6000003427
height,17025,32.166,MAC Field Scanner Field Plot 830 Season 2,FALSE,Maricopa,6000000259,6000003426
height,17026,31.505,MAC Field Scanner Field Plot 44 Season 2,FALSE,Maricopa,6000000293,6000002640
height,17026,31.505,MAC Field Scanner Field Plot 45 Season 2,FALSE,Maricopa,6000000293,6000002641
height,17026,31.505,MAC Field Scanner Field Plot 55 Season 2,FALSE,Maricopa,6000000294,6000002651
height,17026,31.505,MAC Field Scanner Field Plot 54 Season 2,FALSE,Maricopa,6000000294,6000002650
height,17026,31.505,MAC Field Scanner Field Plot 63 Season 2,FALSE,Maricopa,6000000241,6000002659
height,17026,31.505,MAC Field Scanner Field Plot 62 Season 2,FALSE,Maricopa,6000000241,6000002658
height,17026,31.505,MAC Field Scanner Field Plot 35 Season 2,FALSE,Maricopa,6000000278,6000002631
height,17026,30.183,MAC Field Scanner Field Plot 29 Season 2,FALSE,Maricopa,6000000415,6000002625
height,17026,31.505,MAC Field Scanner Field Plot 28 Season 2,FALSE,Maricopa,6000000415,6000002624
height,17026,30.844,MAC Field Scanner Field Plot 57 Season 2,FALSE,Maricopa,6000000333,6000002653
height,17026,30.844,MAC Field Scanner Field Plot 56 Season 2,FALSE,Maricopa,6000000333,6000002652
height,17026,31.505,MAC Field Scanner Field Plot 51 Season 2,FALSE,Maricopa,6000000334,6000002647
height,17026,32.166,MAC Field Scanner Field Plot 50 Season 2,FALSE,Maricopa,6000000334,6000002646
height,17026,30.844,MAC Field Scanner Field Plot 59 Season 2,FALSE,Maricopa,6000000349,6000002655
height,17026,30.844,MAC Field Scanner Field Plot 58 Season 2,FALSE,Maricopa,6000000349,6000002654
height,17026,31.505,MAC Field Scanner Field Plot 40 Season 2,FALSE,Maricopa,6000000356,6000002636
height,17026,31.505,MAC Field Scanner Field Plot 41 Season 2,FALSE,Maricopa,6000000356,6000002637
height,17026,31.505,MAC Field Scanner Field Plot 42 Season 2,FALSE,Maricopa,6000000384,6000002638
height,17026,30.844,MAC Field Scanner Field Plot 43 Season 2,FALSE,Maricopa,6000000384,6000002639
height,17026,31.505,MAC Field Scanner Field Plot 53 Season 2,FALSE,Maricopa,6000000401,6000002649
height,17026,30.844,MAC Field Scanner Field Plot 52 Season 2,FALSE,Maricopa,6000000401,6000002648
height,17026,32.166,MAC Field Scanner Field Plot 66 Season 2,FALSE,Maricopa,6000000255,6000002662
height,17026,31.505,MAC Field Scanner Field Plot 67 Season 2,FALSE,Maricopa,6000000255,6000002663
height,17026,31.505,MAC Field Scanner Field Plot 46 Season 2,FALSE,Maricopa,6000000258,6000002642
height,17026,31.505,MAC Field Scanner Field Plot 47 Season 2,FALSE,Maricopa,6000000258,6000002643
height,17026,30.844,MAC Field Scanner Field Plot 61 Season 2,FALSE,Maricopa,6000000274,6000002657
height,17026,30.844,MAC Field Scanner Field Plot 60 Season 2,FALSE,Maricopa,6000000274,6000002656
height,17026,31.505,MAC Field Scanner Field Plot 78 Season 2,FALSE,Maricopa,6000000282,6000002674
height,17026,32.166,MAC Field Scanner Field Plot 79 Season 2,FALSE,Maricopa,6000000282,6000002675
height,17026,31.505,MAC Field Scanner Field Plot 121 Season 2,FALSE,Maricopa,6000000289,6000002717
height,17026,32.166,MAC Field Scanner Field Plot 120 Season 2,FALSE,Maricopa,6000000289,6000002716
height,17026,30.844,MAC Field Scanner Field Plot 72 Season 2,FALSE,Maricopa,6000000291,6000002668
height,17026,31.505,MAC Field Scanner Field Plot 73 Season 2,FALSE,Maricopa,6000000291,6000002669
height,17026,30.844,MAC Field Scanner Field Plot 98 Season 2,FALSE,Maricopa,6000000295,6000002694
height,17026,31.505,MAC Field Scanner Field Plot 99 Season 2,FALSE,Maricopa,6000000295,6000002695
height,17026,31.505,MAC Field Scanner Field Plot 70 Season 2,FALSE,Maricopa,6000000296,6000002666
height,17026,32.166,MAC Field Scanner Field Plot 71 Season 2,FALSE,Maricopa,6000000296,6000002667
height,17026,32.166,MAC Field Scanner Field Plot 87 Season 2,FALSE,Maricopa,6000000313,6000002683
height,17026,32.166,MAC Field Scanner Field Plot 86 Season 2,FALSE,Maricopa,6000000313,6000002682
height,17026,31.505,MAC Field Scanner Field Plot 108 Season 2,FALSE,Maricopa,6000000315,6000002704
height,17026,31.505,MAC Field Scanner Field Plot 109 Season 2,FALSE,Maricopa,6000000315,6000002705
height,17026,32.166,MAC Field Scanner Field Plot 119 Season 2,FALSE,Maricopa,6000000319,6000002715
height,17026,31.505,MAC Field Scanner Field Plot 118 Season 2,FALSE,Maricopa,6000000319,6000002714
height,17026,31.505,MAC Field Scanner Field Plot 123 Season 2,FALSE,Maricopa,6000000389,6000002719
height,17026,32.166,MAC Field Scanner Field Plot 122 Season 2,FALSE,Maricopa,6000000389,6000002718
height,17026,31.505,MAC Field Scanner Field Plot 106 Season 2,FALSE,Maricopa,6000000397,6000002702
height,17026,32.166,MAC Field Scanner Field Plot 107 Season 2,FALSE,Maricopa,6000000397,6000002703
height,17026,30.844,MAC Field Scanner Field Plot 83 Season 2,FALSE,Maricopa,6000000400,6000002679
height,17026,32.166,MAC Field Scanner Field Plot 82 Season 2,FALSE,Maricopa,6000000400,6000002678
height,17026,32.166,MAC Field Scanner Field Plot 74 Season 2,FALSE,Maricopa,6000000256,6000002670
height,17026,31.505,MAC Field Scanner Field Plot 75 Season 2,FALSE,Maricopa,6000000256,6000002671
height,17026,31.505,MAC Field Scanner Field Plot 76 Season 2,FALSE,Maricopa,6000000260,6000002672
height,17026,31.505,MAC Field Scanner Field Plot 77 Season 2,FALSE,Maricopa,6000000260,6000002673
height,17026,31.505,MAC Field Scanner Field Plot 102 Season 2,FALSE,Maricopa,6000000406,6000002698
height,17026,32.166,MAC Field Scanner Field Plot 103 Season 2,FALSE,Maricopa,6000000406,6000002699
height,17026,32.827,MAC Field Scanner Field Plot 100 Season 2,FALSE,Maricopa,6000000265,6000002696
height,17026,33.488,MAC Field Scanner Field Plot 101 Season 2,FALSE,Maricopa,6000000265,6000002697
height,17026,32.166,MAC Field Scanner Field Plot 110 Season 2,FALSE,Maricopa,6000000276,6000002706
height,17026,31.505,MAC Field Scanner Field Plot 172 Season 2,FALSE,Maricopa,6000000285,6000002768
height,17026,31.505,MAC Field Scanner Field Plot 173 Season 2,FALSE,Maricopa,6000000285,6000002769
height,17026,30.844,MAC Field Scanner Field Plot 166 Season 2,FALSE,Maricopa,6000000286,6000002762
height,17026,32.166,MAC Field Scanner Field Plot 167 Season 2,FALSE,Maricopa,6000000286,6000002763
height,17026,30.844,MAC Field Scanner Field Plot 164 Season 2,FALSE,Maricopa,6000000302,6000002760
height,17026,31.505,MAC Field Scanner Field Plot 165 Season 2,FALSE,Maricopa,6000000302,6000002761
height,17026,31.505,MAC Field Scanner Field Plot 140 Season 2,FALSE,Maricopa,6000000377,6000002736
height,17026,31.505,MAC Field Scanner Field Plot 141 Season 2,FALSE,Maricopa,6000000377,6000002737
height,17026,30.844,MAC Field Scanner Field Plot 181 Season 2,FALSE,Maricopa,6000000385,6000002777
height,17026,31.505,MAC Field Scanner Field Plot 180 Season 2,FALSE,Maricopa,6000000385,6000002776
height,17026,31.505,MAC Field Scanner Field Plot 127 Season 2,FALSE,Maricopa,6000000393,6000002723
height,17026,31.505,MAC Field Scanner Field Plot 126 Season 2,FALSE,Maricopa,6000000393,6000002722
height,17026,32.166,MAC Field Scanner Field Plot 149 Season 2,FALSE,Maricopa,6000000396,6000002745
height,17026,30.844,MAC Field Scanner Field Plot 148 Season 2,FALSE,Maricopa,6000000396,6000002744
height,17026,31.505,MAC Field Scanner Field Plot 162 Season 2,FALSE,Maricopa,6000000402,6000002758
height,17026,32.827,MAC Field Scanner Field Plot 163 Season 2,FALSE,Maricopa,6000000402,6000002759
height,17026,31.505,MAC Field Scanner Field Plot 151 Season 2,FALSE,Maricopa,6000000403,6000002747
height,17026,32.166,MAC Field Scanner Field Plot 150 Season 2,FALSE,Maricopa,6000000403,6000002746
height,17026,31.505,MAC Field Scanner Field Plot 142 Season 2,FALSE,Maricopa,6000000252,6000002738
height,17026,31.505,MAC Field Scanner Field Plot 143 Season 2,FALSE,Maricopa,6000000252,6000002739
height,17026,32.166,MAC Field Scanner Field Plot 132 Season 2,FALSE,Maricopa,6000000261,6000002728
height,17026,30.844,MAC Field Scanner Field Plot 232 Season 2,FALSE,Maricopa,6000000281,6000002828
height,17026,32.166,MAC Field Scanner Field Plot 233 Season 2,FALSE,Maricopa,6000000281,6000002829
height,17026,31.505,MAC Field Scanner Field Plot 198 Season 2,FALSE,Maricopa,6000000292,6000002794
height,17026,31.505,MAC Field Scanner Field Plot 199 Season 2,FALSE,Maricopa,6000000292,6000002795
height,17026,31.505,MAC Field Scanner Field Plot 189 Season 2,FALSE,Maricopa,6000000299,6000002785
height,17026,32.166,MAC Field Scanner Field Plot 188 Season 2,FALSE,Maricopa,6000000299,6000002784
height,17026,32.166,MAC Field Scanner Field Plot 221 Season 2,FALSE,Maricopa,6000000303,6000002817
height,17026,32.166,MAC Field Scanner Field Plot 220 Season 2,FALSE,Maricopa,6000000303,6000002816
height,17026,30.844,MAC Field Scanner Field Plot 187 Season 2,FALSE,Maricopa,6000000304,6000002783
height,17026,30.844,MAC Field Scanner Field Plot 186 Season 2,FALSE,Maricopa,6000000304,6000002782
height,17026,31.505,MAC Field Scanner Field Plot 183 Season 2,FALSE,Maricopa,6000000327,6000002779
height,17026,31.505,MAC Field Scanner Field Plot 182 Season 2,FALSE,Maricopa,6000000327,6000002778
height,17026,32.166,MAC Field Scanner Field Plot 228 Season 2,FALSE,Maricopa,6000000379,6000002824
height,17026,31.505,MAC Field Scanner Field Plot 229 Season 2,FALSE,Maricopa,6000000379,6000002825
height,17026,32.166,MAC Field Scanner Field Plot 230 Season 2,FALSE,Maricopa,6000000382,6000002826
height,17026,32.166,MAC Field Scanner Field Plot 231 Season 2,FALSE,Maricopa,6000000382,6000002827
height,17026,31.505,MAC Field Scanner Field Plot 217 Season 2,FALSE,Maricopa,6000000386,6000002813
height,17026,31.505,MAC Field Scanner Field Plot 216 Season 2,FALSE,Maricopa,6000000386,6000002812
height,17026,32.166,MAC Field Scanner Field Plot 202 Season 2,FALSE,Maricopa,6000000387,6000002798
height,17026,33.488,MAC Field Scanner Field Plot 203 Season 2,FALSE,Maricopa,6000000387,6000002799
height,17026,32.166,MAC Field Scanner Field Plot 213 Season 2,FALSE,Maricopa,6000000249,6000002809
height,17026,30.844,MAC Field Scanner Field Plot 212 Season 2,FALSE,Maricopa,6000000249,6000002808
height,17026,32.166,MAC Field Scanner Field Plot 215 Season 2,FALSE,Maricopa,6000000257,6000002811
height,17026,33.488,MAC Field Scanner Field Plot 214 Season 2,FALSE,Maricopa,6000000257,6000002810
height,17026,31.505,MAC Field Scanner Field Plot 211 Season 2,FALSE,Maricopa,6000000259,6000002807
height,17026,31.505,MAC Field Scanner Field Plot 210 Season 2,FALSE,Maricopa,6000000259,6000002806
height,17026,30.844,MAC Field Scanner Field Plot 185 Season 2,FALSE,Maricopa,6000000263,6000002781
height,17026,31.505,MAC Field Scanner Field Plot 268 Season 2,FALSE,Maricopa,6000000280,6000002864
height,17026,31.505,MAC Field Scanner Field Plot 269 Season 2,FALSE,Maricopa,6000000280,6000002865
height,17026,30.844,MAC Field Scanner Field Plot 262 Season 2,FALSE,Maricopa,6000000290,6000002858
height,17026,32.166,MAC Field Scanner Field Plot 263 Season 2,FALSE,Maricopa,6000000290,6000002859
height,17026,31.505,MAC Field Scanner Field Plot 249 Season 2,FALSE,Maricopa,6000000300,6000002845
height,17026,32.827,MAC Field Scanner Field Plot 248 Season 2,FALSE,Maricopa,6000000300,6000002844
height,17026,32.166,MAC Field Scanner Field Plot 264 Season 2,FALSE,Maricopa,6000000305,6000002860
height,17026,32.827,MAC Field Scanner Field Plot 265 Season 2,FALSE,Maricopa,6000000305,6000002861
height,17026,32.166,MAC Field Scanner Field Plot 266 Season 2,FALSE,Maricopa,6000000307,6000002862
height,17026,31.505,MAC Field Scanner Field Plot 267 Season 2,FALSE,Maricopa,6000000307,6000002863
height,17026,31.505,MAC Field Scanner Field Plot 290 Season 2,FALSE,Maricopa,6000000316,6000002886
height,17026,31.505,MAC Field Scanner Field Plot 291 Season 2,FALSE,Maricopa,6000000316,6000002887
height,17026,32.166,MAC Field Scanner Field Plot 247 Season 2,FALSE,Maricopa,6000000317,6000002843
height,17026,31.505,MAC Field Scanner Field Plot 246 Season 2,FALSE,Maricopa,6000000317,6000002842
height,17026,31.505,MAC Field Scanner Field Plot 245 Season 2,FALSE,Maricopa,6000000320,6000002841
height,17026,31.505,MAC Field Scanner Field Plot 244 Season 2,FALSE,Maricopa,6000000320,6000002840
height,17026,32.166,MAC Field Scanner Field Plot 281 Season 2,FALSE,Maricopa,6000000380,6000002877
height,17026,33.488,MAC Field Scanner Field Plot 280 Season 2,FALSE,Maricopa,6000000380,6000002876
height,17026,32.166,MAC Field Scanner Field Plot 279 Season 2,FALSE,Maricopa,6000000383,6000002875
height,17026,32.166,MAC Field Scanner Field Plot 278 Season 2,FALSE,Maricopa,6000000383,6000002874
height,17026,32.166,MAC Field Scanner Field Plot 260 Season 2,FALSE,Maricopa,6000000248,6000002856
height,17026,31.505,MAC Field Scanner Field Plot 261 Season 2,FALSE,Maricopa,6000000248,6000002857
height,17026,31.505,MAC Field Scanner Field Plot 270 Season 2,FALSE,Maricopa,6000000394,6000002866
height,17026,31.505,MAC Field Scanner Field Plot 271 Season 2,FALSE,Maricopa,6000000394,6000002867
height,17026,31.505,MAC Field Scanner Field Plot 283 Season 2,FALSE,Maricopa,6000000253,6000002879
height,17026,32.166,MAC Field Scanner Field Plot 282 Season 2,FALSE,Maricopa,6000000253,6000002878
height,17026,31.505,MAC Field Scanner Field Plot 314 Season 2,FALSE,Maricopa,6000000279,6000002910
height,17026,31.505,MAC Field Scanner Field Plot 302 Season 2,FALSE,Maricopa,6000000284,6000002898
height,17026,31.505,MAC Field Scanner Field Plot 303 Season 2,FALSE,Maricopa,6000000284,6000002899
height,17026,31.505,MAC Field Scanner Field Plot 345 Season 2,FALSE,Maricopa,6000000287,6000002941
height,17026,31.505,MAC Field Scanner Field Plot 344 Season 2,FALSE,Maricopa,6000000287,6000002940
height,17026,31.505,MAC Field Scanner Field Plot 326 Season 2,FALSE,Maricopa,6000000301,6000002922
height,17026,31.505,MAC Field Scanner Field Plot 327 Season 2,FALSE,Maricopa,6000000301,6000002923
height,17026,31.505,MAC Field Scanner Field Plot 307 Season 2,FALSE,Maricopa,6000000306,6000002903
height,17026,32.166,MAC Field Scanner Field Plot 306 Season 2,FALSE,Maricopa,6000000306,6000002902
height,17026,31.505,MAC Field Scanner Field Plot 347 Season 2,FALSE,Maricopa,6000000311,6000002943
height,17026,31.505,MAC Field Scanner Field Plot 346 Season 2,FALSE,Maricopa,6000000311,6000002942
height,17026,30.844,MAC Field Scanner Field Plot 296 Season 2,FALSE,Maricopa,6000000381,6000002892
height,17026,32.166,MAC Field Scanner Field Plot 297 Season 2,FALSE,Maricopa,6000000381,6000002893
height,17026,32.166,MAC Field Scanner Field Plot 309 Season 2,FALSE,Maricopa,6000000390,6000002905
height,17026,31.505,MAC Field Scanner Field Plot 308 Season 2,FALSE,Maricopa,6000000390,6000002904
height,17026,31.505,MAC Field Scanner Field Plot 319 Season 2,FALSE,Maricopa,6000000395,6000002915
height,17026,32.166,MAC Field Scanner Field Plot 318 Season 2,FALSE,Maricopa,6000000395,6000002914
height,17026,32.166,MAC Field Scanner Field Plot 298 Season 2,FALSE,Maricopa,6000000398,6000002894
height,17026,31.505,MAC Field Scanner Field Plot 299 Season 2,FALSE,Maricopa,6000000398,6000002895
height,17026,31.505,MAC Field Scanner Field Plot 324 Season 2,FALSE,Maricopa,6000000399,6000002920
height,17026,32.166,MAC Field Scanner Field Plot 325 Season 2,FALSE,Maricopa,6000000399,6000002921
height,17026,31.505,MAC Field Scanner Field Plot 322 Season 2,FALSE,Maricopa,6000000408,6000002918
height,17026,30.844,MAC Field Scanner Field Plot 323 Season 2,FALSE,Maricopa,6000000408,6000002919
height,17026,32.166,MAC Field Scanner Field Plot 343 Season 2,FALSE,Maricopa,6000000409,6000002939
height,17026,31.505,MAC Field Scanner Field Plot 342 Season 2,FALSE,Maricopa,6000000409,6000002938
height,17026,31.505,MAC Field Scanner Field Plot 328 Season 2,FALSE,Maricopa,6000000269,6000002924
height,17026,32.166,MAC Field Scanner Field Plot 329 Season 2,FALSE,Maricopa,6000000269,6000002925
height,17026,31.505,MAC Field Scanner Field Plot 379 Season 2,FALSE,Maricopa,6000000288,6000002975
height,17026,31.505,MAC Field Scanner Field Plot 378 Season 2,FALSE,Maricopa,6000000288,6000002974
height,17026,32.166,MAC Field Scanner Field Plot 358 Season 2,FALSE,Maricopa,6000000297,6000002954
height,17026,32.166,MAC Field Scanner Field Plot 359 Season 2,FALSE,Maricopa,6000000297,6000002955
height,17026,31.505,MAC Field Scanner Field Plot 386 Season 2,FALSE,Maricopa,6000000308,6000002982
height,17026,32.166,MAC Field Scanner Field Plot 387 Season 2,FALSE,Maricopa,6000000308,6000002983
height,17026,31.505,MAC Field Scanner Field Plot 351 Season 2,FALSE,Maricopa,6000000309,6000002947
height,17026,30.844,MAC Field Scanner Field Plot 350 Season 2,FALSE,Maricopa,6000000309,6000002946
height,17026,31.505,MAC Field Scanner Field Plot 398 Season 2,FALSE,Maricopa,6000000310,6000002994
height,17026,32.166,MAC Field Scanner Field Plot 399 Season 2,FALSE,Maricopa,6000000310,6000002995
height,17026,31.505,MAC Field Scanner Field Plot 383 Season 2,FALSE,Maricopa,6000000312,6000002979
height,17026,32.166,MAC Field Scanner Field Plot 382 Season 2,FALSE,Maricopa,6000000312,6000002978
height,17026,31.505,MAC Field Scanner Field Plot 390 Season 2,FALSE,Maricopa,6000000318,6000002986
height,17026,32.166,MAC Field Scanner Field Plot 391 Season 2,FALSE,Maricopa,6000000318,6000002987
height,17026,31.505,MAC Field Scanner Field Plot 388 Season 2,FALSE,Maricopa,6000000378,6000002984
height,17026,31.505,MAC Field Scanner Field Plot 389 Season 2,FALSE,Maricopa,6000000378,6000002985
height,17026,31.505,MAC Field Scanner Field Plot 392 Season 2,FALSE,Maricopa,6000000388,6000002988
height,17026,32.827,MAC Field Scanner Field Plot 393 Season 2,FALSE,Maricopa,6000000388,6000002989
height,17026,31.505,MAC Field Scanner Field Plot 371 Season 2,FALSE,Maricopa,6000000412,6000002967
height,17026,30.844,MAC Field Scanner Field Plot 370 Season 2,FALSE,Maricopa,6000000412,6000002966
height,17026,31.505,MAC Field Scanner Field Plot 360 Season 2,FALSE,Maricopa,6000000405,6000002956
height,17026,32.166,MAC Field Scanner Field Plot 361 Season 2,FALSE,Maricopa,6000000405,6000002957
height,17026,32.166,MAC Field Scanner Field Plot 364 Season 2,FALSE,Maricopa,6000000407,6000002960
height,17026,31.505,MAC Field Scanner Field Plot 365 Season 2,FALSE,Maricopa,6000000407,6000002961
height,17026,31.505,MAC Field Scanner Field Plot 356 Season 2,FALSE,Maricopa,6000000271,6000002952
height,17026,31.505,MAC Field Scanner Field Plot 357 Season 2,FALSE,Maricopa,6000000271,6000002953
height,17026,31.505,MAC Field Scanner Field Plot 362 Season 2,FALSE,Maricopa,6000000272,6000002958
height,17026,31.505,MAC Field Scanner Field Plot 363 Season 2,FALSE,Maricopa,6000000272,6000002959
height,17026,32.166,MAC Field Scanner Field Plot 409 Season 2,FALSE,Maricopa,6000000283,6000003005
height,17026,32.827,MAC Field Scanner Field Plot 408 Season 2,FALSE,Maricopa,6000000283,6000003004
height,17026,31.505,MAC Field Scanner Field Plot 454 Season 2,FALSE,Maricopa,6000000288,6000003050
height,17026,31.505,MAC Field Scanner Field Plot 455 Season 2,FALSE,Maricopa,6000000288,6000003051
height,17026,35.471,MAC Field Scanner Field Plot 418 Season 2,FALSE,Maricopa,6000000298,6000003014
height,17026,34.149,MAC Field Scanner Field Plot 419 Season 2,FALSE,Maricopa,6000000298,6000003015
height,17026,31.505,MAC Field Scanner Field Plot 443 Season 2,FALSE,Maricopa,6000000302,6000003039
height,17026,31.505,MAC Field Scanner Field Plot 442 Season 2,FALSE,Maricopa,6000000302,6000003038
height,17026,31.505,MAC Field Scanner Field Plot 437 Season 2,FALSE,Maricopa,6000000309,6000003033
height,17026,31.505,MAC Field Scanner Field Plot 436 Season 2,FALSE,Maricopa,6000000309,6000003032
height,17026,32.827,MAC Field Scanner Field Plot 424 Season 2,FALSE,Maricopa,6000000314,6000003020
height,17026,32.166,MAC Field Scanner Field Plot 425 Season 2,FALSE,Maricopa,6000000314,6000003021
height,17026,32.166,MAC Field Scanner Field Plot 430 Season 2,FALSE,Maricopa,6000000391,6000003026
height,17026,32.166,MAC Field Scanner Field Plot 431 Season 2,FALSE,Maricopa,6000000391,6000003027
height,17026,32.827,MAC Field Scanner Field Plot 426 Season 2,FALSE,Maricopa,6000000392,6000003022
height,17026,32.827,MAC Field Scanner Field Plot 427 Season 2,FALSE,Maricopa,6000000392,6000003023
height,17026,31.505,MAC Field Scanner Field Plot 405 Season 2,FALSE,Maricopa,6000000250,6000003001
height,17026,31.505,MAC Field Scanner Field Plot 404 Season 2,FALSE,Maricopa,6000000250,6000003e3
height,17026,32.166,MAC Field Scanner Field Plot 441 Season 2,FALSE,Maricopa,6000000403,6000003037
height,17026,31.505,MAC Field Scanner Field Plot 440 Season 2,FALSE,Maricopa,6000000403,6000003036
height,17026,31.505,MAC Field Scanner Field Plot 415 Season 2,FALSE,Maricopa,6000000251,6000003011
height,17026,31.505,MAC Field Scanner Field Plot 414 Season 2,FALSE,Maricopa,6000000251,6000003010
height,17026,31.505,MAC Field Scanner Field Plot 411 Season 2,FALSE,Maricopa,6000000254,6000003007
height,17026,32.166,MAC Field Scanner Field Plot 410 Season 2,FALSE,Maricopa,6000000254,6000003006
height,17026,32.166,MAC Field Scanner Field Plot 428 Season 2,FALSE,Maricopa,6000000264,6000003024
height,17026,31.505,MAC Field Scanner Field Plot 479 Season 2,FALSE,Maricopa,6000000280,6000003075
height,17026,31.505,MAC Field Scanner Field Plot 478 Season 2,FALSE,Maricopa,6000000280,6000003074
height,17026,32.166,MAC Field Scanner Field Plot 507 Season 2,FALSE,Maricopa,6000000281,6000003103
height,17026,32.827,MAC Field Scanner Field Plot 506 Season 2,FALSE,Maricopa,6000000281,6000003102
height,17026,31.505,MAC Field Scanner Field Plot 505 Season 2,FALSE,Maricopa,6000000297,6000003101
height,17026,32.166,MAC Field Scanner Field Plot 504 Season 2,FALSE,Maricopa,6000000297,6000003100
height,17026,30.844,MAC Field Scanner Field Plot 467 Season 2,FALSE,Maricopa,6000000304,6000003063
height,17026,32.166,MAC Field Scanner Field Plot 466 Season 2,FALSE,Maricopa,6000000304,6000003062
height,17026,31.505,MAC Field Scanner Field Plot 469 Season 2,FALSE,Maricopa,6000000306,6000003065
height,17026,31.505,MAC Field Scanner Field Plot 468 Season 2,FALSE,Maricopa,6000000306,6000003064
height,17026,31.505,MAC Field Scanner Field Plot 488 Season 2,FALSE,Maricopa,6000000307,6000003084
height,17026,32.166,MAC Field Scanner Field Plot 489 Season 2,FALSE,Maricopa,6000000307,6000003085
height,17026,30.844,MAC Field Scanner Field Plot 503 Season 2,FALSE,Maricopa,6000000386,6000003099
height,17026,31.505,MAC Field Scanner Field Plot 502 Season 2,FALSE,Maricopa,6000000386,6000003098
height,17026,32.166,MAC Field Scanner Field Plot 458 Season 2,FALSE,Maricopa,6000000389,6000003054
height,17026,30.844,MAC Field Scanner Field Plot 459 Season 2,FALSE,Maricopa,6000000389,6000003055
height,17026,31.505,MAC Field Scanner Field Plot 486 Season 2,FALSE,Maricopa,6000000391,6000003082
height,17026,31.505,MAC Field Scanner Field Plot 487 Season 2,FALSE,Maricopa,6000000391,6000003083
height,17026,31.505,MAC Field Scanner Field Plot 492 Season 2,FALSE,Maricopa,6000000393,6000003088
height,17026,32.166,MAC Field Scanner Field Plot 493 Season 2,FALSE,Maricopa,6000000393,6000003089
height,17026,32.166,MAC Field Scanner Field Plot 509 Season 2,FALSE,Maricopa,6000000395,6000003105
height,17026,31.505,MAC Field Scanner Field Plot 508 Season 2,FALSE,Maricopa,6000000395,6000003104
height,17026,31.505,MAC Field Scanner Field Plot 494 Season 2,FALSE,Maricopa,6000000412,6000003090
height,17026,32.827,MAC Field Scanner Field Plot 495 Season 2,FALSE,Maricopa,6000000412,6000003091
height,17026,31.505,MAC Field Scanner Field Plot 499 Season 2,FALSE,Maricopa,6000000253,6000003095
height,17026,32.827,MAC Field Scanner Field Plot 498 Season 2,FALSE,Maricopa,6000000253,6000003094
height,17026,31.505,MAC Field Scanner Field Plot 482 Season 2,FALSE,Maricopa,6000000407,6000003078
height,17026,30.844,MAC Field Scanner Field Plot 518 Season 2,FALSE,Maricopa,6000000279,6000003114
height,17026,33.488,MAC Field Scanner Field Plot 519 Season 2,FALSE,Maricopa,6000000279,6000003115
height,17026,31.505,MAC Field Scanner Field Plot 548 Season 2,FALSE,Maricopa,6000000292,6000003144
height,17026,31.505,MAC Field Scanner Field Plot 549 Season 2,FALSE,Maricopa,6000000292,6000003145
height,17026,31.505,MAC Field Scanner Field Plot 520 Season 2,FALSE,Maricopa,6000000301,6000003116
height,17026,32.166,MAC Field Scanner Field Plot 521 Season 2,FALSE,Maricopa,6000000301,6000003117
height,17026,31.505,MAC Field Scanner Field Plot 550 Season 2,FALSE,Maricopa,6000000303,6000003146
height,17026,30.844,MAC Field Scanner Field Plot 551 Season 2,FALSE,Maricopa,6000000303,6000003147
height,17026,32.166,MAC Field Scanner Field Plot 516 Season 2,FALSE,Maricopa,6000000315,6000003112
height,17026,31.505,MAC Field Scanner Field Plot 517 Season 2,FALSE,Maricopa,6000000315,6000003113
height,17026,32.166,MAC Field Scanner Field Plot 539 Season 2,FALSE,Maricopa,6000000320,6000003135
height,17026,31.505,MAC Field Scanner Field Plot 538 Season 2,FALSE,Maricopa,6000000320,6000003134
height,17026,32.166,MAC Field Scanner Field Plot 562 Season 2,FALSE,Maricopa,6000000376,6000003158
height,17026,31.505,MAC Field Scanner Field Plot 556 Season 2,FALSE,Maricopa,6000000379,6000003152
height,17026,31.505,MAC Field Scanner Field Plot 557 Season 2,FALSE,Maricopa,6000000379,6000003153
height,17026,31.505,MAC Field Scanner Field Plot 558 Season 2,FALSE,Maricopa,6000000248,6000003154
height,17026,31.505,MAC Field Scanner Field Plot 559 Season 2,FALSE,Maricopa,6000000248,6000003155
height,17026,30.844,MAC Field Scanner Field Plot 543 Season 2,FALSE,Maricopa,6000000392,6000003139
height,17026,31.505,MAC Field Scanner Field Plot 542 Season 2,FALSE,Maricopa,6000000392,6000003138
height,17026,32.166,MAC Field Scanner Field Plot 554 Season 2,FALSE,Maricopa,6000000255,6000003150
height,17026,32.166,MAC Field Scanner Field Plot 555 Season 2,FALSE,Maricopa,6000000255,6000003151
height,17026,32.166,MAC Field Scanner Field Plot 533 Season 2,FALSE,Maricopa,6000000410,6000003129
height,17026,31.505,MAC Field Scanner Field Plot 532 Season 2,FALSE,Maricopa,6000000410,6000003128
height,17026,31.505,MAC Field Scanner Field Plot 514 Season 2,FALSE,Maricopa,6000000267,6000003110
height,17026,32.166,MAC Field Scanner Field Plot 515 Season 2,FALSE,Maricopa,6000000267,6000003111
height,17026,31.505,MAC Field Scanner Field Plot 526 Season 2,FALSE,Maricopa,6000000268,6000003122
height,17026,32.166,MAC Field Scanner Field Plot 527 Season 2,FALSE,Maricopa,6000000268,6000003123
height,17026,31.505,MAC Field Scanner Field Plot 565 Season 2,FALSE,Maricopa,6000000275,6000003161
height,17026,31.505,MAC Field Scanner Field Plot 564 Season 2,FALSE,Maricopa,6000000275,6000003160
height,17026,31.505,MAC Field Scanner Field Plot 589 Season 2,FALSE,Maricopa,6000000277,6000003185
height,17026,31.505,MAC Field Scanner Field Plot 601 Season 2,FALSE,Maricopa,6000000283,6000003197
height,17026,31.505,MAC Field Scanner Field Plot 600 Season 2,FALSE,Maricopa,6000000283,6000003196
height,17026,31.505,MAC Field Scanner Field Plot 575 Season 2,FALSE,Maricopa,6000000287,6000003171
height,17026,30.844,MAC Field Scanner Field Plot 574 Season 2,FALSE,Maricopa,6000000287,6000003170
height,17026,31.505,MAC Field Scanner Field Plot 614 Season 2,FALSE,Maricopa,6000000289,6000003210
height,17026,30.844,MAC Field Scanner Field Plot 615 Season 2,FALSE,Maricopa,6000000289,6000003211
height,17026,31.505,MAC Field Scanner Field Plot 571 Season 2,FALSE,Maricopa,6000000241,6000003167
height,17026,31.505,MAC Field Scanner Field Plot 570 Season 2,FALSE,Maricopa,6000000241,6000003166
height,17026,32.166,MAC Field Scanner Field Plot 605 Season 2,FALSE,Maricopa,6000000316,6000003201
height,17026,32.166,MAC Field Scanner Field Plot 604 Season 2,FALSE,Maricopa,6000000316,6000003200
height,17026,31.505,MAC Field Scanner Field Plot 584 Season 2,FALSE,Maricopa,6000000318,6000003180
height,17026,31.505,MAC Field Scanner Field Plot 585 Season 2,FALSE,Maricopa,6000000318,6000003181
height,17026,31.505,MAC Field Scanner Field Plot 595 Season 2,FALSE,Maricopa,6000000331,6000003191
height,17026,32.166,MAC Field Scanner Field Plot 594 Season 2,FALSE,Maricopa,6000000331,6000003190
height,17026,31.505,MAC Field Scanner Field Plot 607 Season 2,FALSE,Maricopa,6000000377,6000003203
height,17026,31.505,MAC Field Scanner Field Plot 606 Season 2,FALSE,Maricopa,6000000377,6000003202
height,17026,31.505,MAC Field Scanner Field Plot 597 Season 2,FALSE,Maricopa,6000000396,6000003193
height,17026,32.166,MAC Field Scanner Field Plot 596 Season 2,FALSE,Maricopa,6000000396,6000003192
height,17026,32.166,MAC Field Scanner Field Plot 620 Season 2,FALSE,Maricopa,6000000400,6000003216
height,17026,31.505,MAC Field Scanner Field Plot 621 Season 2,FALSE,Maricopa,6000000400,6000003217
height,17026,31.505,MAC Field Scanner Field Plot 622 Season 2,FALSE,Maricopa,6000000409,6000003218
height,17026,32.166,MAC Field Scanner Field Plot 623 Season 2,FALSE,Maricopa,6000000409,6000003219
height,17026,32.166,MAC Field Scanner Field Plot 618 Season 2,FALSE,Maricopa,6000000265,6000003214
height,17026,32.827,MAC Field Scanner Field Plot 619 Season 2,FALSE,Maricopa,6000000265,6000003215
height,17026,31.505,MAC Field Scanner Field Plot 578 Season 2,FALSE,Maricopa,6000000271,6000003174
height,17026,31.505,MAC Field Scanner Field Plot 579 Season 2,FALSE,Maricopa,6000000271,6000003175
height,17026,32.166,MAC Field Scanner Field Plot 588 Season 2,FALSE,Maricopa,6000000277,6000003184
height,17026,31.505,MAC Field Scanner Field Plot 654 Season 2,FALSE,Maricopa,6000000282,6000003250
height,17026,32.166,MAC Field Scanner Field Plot 655 Season 2,FALSE,Maricopa,6000000282,6000003251
height,17026,31.505,MAC Field Scanner Field Plot 642 Season 2,FALSE,Maricopa,6000000285,6000003238
height,17026,32.166,MAC Field Scanner Field Plot 643 Season 2,FALSE,Maricopa,6000000285,6000003239
height,17026,32.166,MAC Field Scanner Field Plot 637 Season 2,FALSE,Maricopa,6000000291,6000003233
height,17026,32.166,MAC Field Scanner Field Plot 636 Season 2,FALSE,Maricopa,6000000291,6000003232
height,17026,30.844,MAC Field Scanner Field Plot 627 Season 2,FALSE,Maricopa,6000000300,6000003223
height,17026,32.166,MAC Field Scanner Field Plot 626 Season 2,FALSE,Maricopa,6000000300,6000003222
height,17026,31.505,MAC Field Scanner Field Plot 678 Season 2,FALSE,Maricopa,6000000305,6000003274
height,17026,31.505,MAC Field Scanner Field Plot 679 Season 2,FALSE,Maricopa,6000000305,6000003275
height,17026,31.505,MAC Field Scanner Field Plot 674 Season 2,FALSE,Maricopa,6000000311,6000003270
height,17026,31.505,MAC Field Scanner Field Plot 675 Season 2,FALSE,Maricopa,6000000311,6000003271
height,17026,32.166,MAC Field Scanner Field Plot 629 Season 2,FALSE,Maricopa,6000000319,6000003225
height,17026,31.505,MAC Field Scanner Field Plot 628 Season 2,FALSE,Maricopa,6000000319,6000003224
height,17026,31.505,MAC Field Scanner Field Plot 665 Season 2,FALSE,Maricopa,6000000378,6000003261
height,17026,32.166,MAC Field Scanner Field Plot 664 Season 2,FALSE,Maricopa,6000000378,6000003260
height,17026,31.505,MAC Field Scanner Field Plot 667 Season 2,FALSE,Maricopa,6000000380,6000003263
height,17026,31.505,MAC Field Scanner Field Plot 666 Season 2,FALSE,Maricopa,6000000380,6000003262
height,17026,32.166,MAC Field Scanner Field Plot 631 Season 2,FALSE,Maricopa,6000000381,6000003227
height,17026,32.166,MAC Field Scanner Field Plot 630 Season 2,FALSE,Maricopa,6000000381,6000003226
height,17026,32.166,MAC Field Scanner Field Plot 633 Season 2,FALSE,Maricopa,6000000388,6000003229
height,17026,32.166,MAC Field Scanner Field Plot 632 Season 2,FALSE,Maricopa,6000000388,6000003228
height,17026,32.166,MAC Field Scanner Field Plot 644 Season 2,FALSE,Maricopa,6000000390,6000003240
height,17026,32.166,MAC Field Scanner Field Plot 645 Season 2,FALSE,Maricopa,6000000390,6000003241
height,17026,31.505,MAC Field Scanner Field Plot 659 Season 2,FALSE,Maricopa,6000000250,6000003255
height,17026,32.166,MAC Field Scanner Field Plot 658 Season 2,FALSE,Maricopa,6000000250,6000003254
height,17026,32.166,MAC Field Scanner Field Plot 661 Season 2,FALSE,Maricopa,6000000252,6000003257
height,17026,31.505,MAC Field Scanner Field Plot 702 Season 2,FALSE,Maricopa,6000000278,6000003298
height,17026,31.505,MAC Field Scanner Field Plot 712 Season 2,FALSE,Maricopa,6000000293,6000003308
height,17026,31.505,MAC Field Scanner Field Plot 713 Season 2,FALSE,Maricopa,6000000293,6000003309
height,17026,31.505,MAC Field Scanner Field Plot 710 Season 2,FALSE,Maricopa,6000000298,6000003306
height,17026,31.505,MAC Field Scanner Field Plot 711 Season 2,FALSE,Maricopa,6000000298,6000003307
height,17026,32.166,MAC Field Scanner Field Plot 725 Season 2,FALSE,Maricopa,6000000299,6000003321
height,17026,31.505,MAC Field Scanner Field Plot 724 Season 2,FALSE,Maricopa,6000000299,6000003320
height,17026,31.505,MAC Field Scanner Field Plot 682 Season 2,FALSE,Maricopa,6000000308,6000003278
height,17026,32.166,MAC Field Scanner Field Plot 683 Season 2,FALSE,Maricopa,6000000308,6000003279
height,17026,31.505,MAC Field Scanner Field Plot 718 Season 2,FALSE,Maricopa,6000000312,6000003314
height,17026,32.166,MAC Field Scanner Field Plot 719 Season 2,FALSE,Maricopa,6000000312,6000003315
height,17026,31.505,MAC Field Scanner Field Plot 686 Season 2,FALSE,Maricopa,6000000313,6000003282
height,17026,31.505,MAC Field Scanner Field Plot 687 Season 2,FALSE,Maricopa,6000000313,6000003283
height,17026,32.166,MAC Field Scanner Field Plot 695 Season 2,FALSE,Maricopa,6000000314,6000003291
height,17026,32.166,MAC Field Scanner Field Plot 694 Season 2,FALSE,Maricopa,6000000314,6000003290
height,17026,32.166,MAC Field Scanner Field Plot 703 Season 2,FALSE,Maricopa,6000000278,6000003299
height,17026,32.166,MAC Field Scanner Field Plot 693 Season 2,FALSE,Maricopa,6000000382,6000003289
height,17026,31.505,MAC Field Scanner Field Plot 692 Season 2,FALSE,Maricopa,6000000382,6000003288
height,17026,31.505,MAC Field Scanner Field Plot 714 Season 2,FALSE,Maricopa,6000000385,6000003310
height,17026,31.505,MAC Field Scanner Field Plot 715 Season 2,FALSE,Maricopa,6000000385,6000003311
height,17026,32.166,MAC Field Scanner Field Plot 701 Season 2,FALSE,Maricopa,6000000387,6000003297
height,17026,32.166,MAC Field Scanner Field Plot 700 Season 2,FALSE,Maricopa,6000000387,6000003296
height,17026,31.505,MAC Field Scanner Field Plot 735 Season 2,FALSE,Maricopa,6000000249,6000003331
height,17026,32.166,MAC Field Scanner Field Plot 734 Season 2,FALSE,Maricopa,6000000249,6000003330
height,17026,31.505,MAC Field Scanner Field Plot 729 Season 2,FALSE,Maricopa,6000000399,6000003325
height,17026,31.505,MAC Field Scanner Field Plot 728 Season 2,FALSE,Maricopa,6000000399,6000003324
height,17026,31.505,MAC Field Scanner Field Plot 727 Season 2,FALSE,Maricopa,6000000251,6000003323
height,17026,31.505,MAC Field Scanner Field Plot 765 Season 2,FALSE,Maricopa,6000000290,6000003361
height,17026,31.505,MAC Field Scanner Field Plot 764 Season 2,FALSE,Maricopa,6000000290,6000003360
height,17026,32.166,MAC Field Scanner Field Plot 742 Season 2,FALSE,Maricopa,6000000295,6000003338
height,17026,31.505,MAC Field Scanner Field Plot 743 Season 2,FALSE,Maricopa,6000000295,6000003339
height,17026,30.844,MAC Field Scanner Field Plot 787 Season 2,FALSE,Maricopa,6000000317,6000003383
height,17026,31.505,MAC Field Scanner Field Plot 786 Season 2,FALSE,Maricopa,6000000317,6000003382
height,17026,31.505,MAC Field Scanner Field Plot 791 Season 2,FALSE,Maricopa,6000000383,6000003387
height,17026,31.505,MAC Field Scanner Field Plot 790 Season 2,FALSE,Maricopa,6000000383,6000003386
height,17026,31.505,MAC Field Scanner Field Plot 740 Season 2,FALSE,Maricopa,6000000394,6000003336
height,17026,31.505,MAC Field Scanner Field Plot 741 Season 2,FALSE,Maricopa,6000000394,6000003337
height,17026,32.166,MAC Field Scanner Field Plot 759 Season 2,FALSE,Maricopa,6000000398,6000003355
height,17026,31.505,MAC Field Scanner Field Plot 758 Season 2,FALSE,Maricopa,6000000398,6000003354
height,17026,32.166,MAC Field Scanner Field Plot 757 Season 2,FALSE,Maricopa,6000000402,6000003353
height,17026,31.505,MAC Field Scanner Field Plot 756 Season 2,FALSE,Maricopa,6000000402,6000003352
height,17026,31.505,MAC Field Scanner Field Plot 755 Season 2,FALSE,Maricopa,6000000254,6000003351
height,17026,32.166,MAC Field Scanner Field Plot 754 Season 2,FALSE,Maricopa,6000000254,6000003350
height,17026,31.505,MAC Field Scanner Field Plot 770 Season 2,FALSE,Maricopa,6000000260,6000003366
height,17026,32.166,MAC Field Scanner Field Plot 771 Season 2,FALSE,Maricopa,6000000260,6000003367
height,17026,32.166,MAC Field Scanner Field Plot 748 Season 2,FALSE,Maricopa,6000000261,6000003344
height,17026,31.505,MAC Field Scanner Field Plot 749 Season 2,FALSE,Maricopa,6000000261,6000003345
height,17026,32.166,MAC Field Scanner Field Plot 761 Season 2,FALSE,Maricopa,6000000406,6000003357
height,17026,31.505,MAC Field Scanner Field Plot 760 Season 2,FALSE,Maricopa,6000000406,6000003356
height,17026,31.505,MAC Field Scanner Field Plot 767 Season 2,FALSE,Maricopa,6000000273,6000003363
height,17026,31.505,MAC Field Scanner Field Plot 766 Season 2,FALSE,Maricopa,6000000273,6000003362
height,17026,32.166,MAC Field Scanner Field Plot 827 Season 2,FALSE,Maricopa,6000000284,6000003423
height,17026,31.505,MAC Field Scanner Field Plot 826 Season 2,FALSE,Maricopa,6000000284,6000003422
height,17026,32.827,MAC Field Scanner Field Plot 795 Season 2,FALSE,Maricopa,6000000286,6000003391
height,17026,32.166,MAC Field Scanner Field Plot 794 Season 2,FALSE,Maricopa,6000000286,6000003390
height,17026,33.488,MAC Field Scanner Field Plot 802 Season 2,FALSE,Maricopa,6000000294,6000003398
height,17026,32.166,MAC Field Scanner Field Plot 803 Season 2,FALSE,Maricopa,6000000294,6000003399
height,17026,31.505,MAC Field Scanner Field Plot 812 Season 2,FALSE,Maricopa,6000000296,6000003408
height,17026,31.505,MAC Field Scanner Field Plot 813 Season 2,FALSE,Maricopa,6000000296,6000003409
height,17026,31.505,MAC Field Scanner Field Plot 829 Season 2,FALSE,Maricopa,6000000310,6000003425
height,17026,34.149,MAC Field Scanner Field Plot 828 Season 2,FALSE,Maricopa,6000000310,6000003424
height,17026,30.844,MAC Field Scanner Field Plot 793 Season 2,FALSE,Maricopa,6000000323,6000003389
height,17026,32.166,MAC Field Scanner Field Plot 792 Season 2,FALSE,Maricopa,6000000323,6000003388
height,17026,31.505,MAC Field Scanner Field Plot 810 Season 2,FALSE,Maricopa,6000000325,6000003406
height,17026,38.115,MAC Field Scanner Field Plot 811 Season 2,FALSE,Maricopa,6000000325,6000003407
height,17026,30.844,MAC Field Scanner Field Plot 814 Season 2,FALSE,Maricopa,6000000330,6000003410
height,17026,32.166,MAC Field Scanner Field Plot 815 Season 2,FALSE,Maricopa,6000000330,6000003411
height,17026,32.827,MAC Field Scanner Field Plot 825 Season 2,FALSE,Maricopa,6000000354,6000003421
height,17026,30.844,MAC Field Scanner Field Plot 824 Season 2,FALSE,Maricopa,6000000354,6000003420
height,17026,31.505,MAC Field Scanner Field Plot 823 Season 2,FALSE,Maricopa,6000000365,6000003419
height,17026,32.166,MAC Field Scanner Field Plot 799 Season 2,FALSE,Maricopa,6000000384,6000003395
height,17026,32.166,MAC Field Scanner Field Plot 798 Season 2,FALSE,Maricopa,6000000384,6000003394
height,17026,31.505,MAC Field Scanner Field Plot 804 Season 2,FALSE,Maricopa,6000000397,6000003400
height,17026,31.505,MAC Field Scanner Field Plot 805 Season 2,FALSE,Maricopa,6000000397,6000003401
height,17026,31.505,MAC Field Scanner Field Plot 797 Season 2,FALSE,Maricopa,6000000401,6000003393
height,17026,32.166,MAC Field Scanner Field Plot 796 Season 2,FALSE,Maricopa,6000000401,6000003392
height,17026,32.827,MAC Field Scanner Field Plot 831 Season 2,FALSE,Maricopa,6000000259,6000003427
height,17026,31.505,MAC Field Scanner Field Plot 830 Season 2,FALSE,Maricopa,6000000259,6000003426
height,17026,32.166,MAC Field Scanner Field Plot 806 Season 2,FALSE,Maricopa,6000000405,6000003402
height,17027,31.505,MAC Field Scanner Field Plot 44 Season 2,FALSE,Maricopa,6000000293,6000002640
height,17027,31.505,MAC Field Scanner Field Plot 45 Season 2,FALSE,Maricopa,6000000293,6000002641
height,17027,32.166,MAC Field Scanner Field Plot 55 Season 2,FALSE,Maricopa,6000000294,6000002651
height,17027,31.505,MAC Field Scanner Field Plot 54 Season 2,FALSE,Maricopa,6000000294,6000002650
height,17027,31.505,MAC Field Scanner Field Plot 63 Season 2,FALSE,Maricopa,6000000241,6000002659
height,17027,30.844,MAC Field Scanner Field Plot 62 Season 2,FALSE,Maricopa,6000000241,6000002658
height,17027,31.505,MAC Field Scanner Field Plot 35 Season 2,FALSE,Maricopa,6000000278,6000002631
height,17027,30.844,MAC Field Scanner Field Plot 29 Season 2,FALSE,Maricopa,6000000415,6000002625
height,17027,31.505,MAC Field Scanner Field Plot 28 Season 2,FALSE,Maricopa,6000000415,6000002624
height,17027,30.844,MAC Field Scanner Field Plot 57 Season 2,FALSE,Maricopa,6000000333,6000002653
height,17027,31.505,MAC Field Scanner Field Plot 56 Season 2,FALSE,Maricopa,6000000333,6000002652
height,17027,31.505,MAC Field Scanner Field Plot 51 Season 2,FALSE,Maricopa,6000000334,6000002647
height,17027,32.166,MAC Field Scanner Field Plot 50 Season 2,FALSE,Maricopa,6000000334,6000002646
height,17027,31.505,MAC Field Scanner Field Plot 59 Season 2,FALSE,Maricopa,6000000349,6000002655
height,17027,31.505,MAC Field Scanner Field Plot 58 Season 2,FALSE,Maricopa,6000000349,6000002654
height,17027,31.505,MAC Field Scanner Field Plot 40 Season 2,FALSE,Maricopa,6000000356,6000002636
height,17027,32.166,MAC Field Scanner Field Plot 41 Season 2,FALSE,Maricopa,6000000356,6000002637
height,17027,31.505,MAC Field Scanner Field Plot 42 Season 2,FALSE,Maricopa,6000000384,6000002638
height,17027,30.844,MAC Field Scanner Field Plot 43 Season 2,FALSE,Maricopa,6000000384,6000002639
height,17027,31.505,MAC Field Scanner Field Plot 53 Season 2,FALSE,Maricopa,6000000401,6000002649
height,17027,30.844,MAC Field Scanner Field Plot 52 Season 2,FALSE,Maricopa,6000000401,6000002648
height,17027,32.166,MAC Field Scanner Field Plot 66 Season 2,FALSE,Maricopa,6000000255,6000002662
height,17027,31.505,MAC Field Scanner Field Plot 67 Season 2,FALSE,Maricopa,6000000255,6000002663
height,17027,31.505,MAC Field Scanner Field Plot 46 Season 2,FALSE,Maricopa,6000000258,6000002642
height,17027,32.166,MAC Field Scanner Field Plot 47 Season 2,FALSE,Maricopa,6000000258,6000002643
height,17027,30.844,MAC Field Scanner Field Plot 61 Season 2,FALSE,Maricopa,6000000274,6000002657
height,17027,31.505,MAC Field Scanner Field Plot 60 Season 2,FALSE,Maricopa,6000000274,6000002656
height,17027,32.166,MAC Field Scanner Field Plot 78 Season 2,FALSE,Maricopa,6000000282,6000002674
height,17027,32.166,MAC Field Scanner Field Plot 79 Season 2,FALSE,Maricopa,6000000282,6000002675
height,17027,31.505,MAC Field Scanner Field Plot 121 Season 2,FALSE,Maricopa,6000000289,6000002717
height,17027,32.166,MAC Field Scanner Field Plot 120 Season 2,FALSE,Maricopa,6000000289,6000002716
height,17027,30.844,MAC Field Scanner Field Plot 72 Season 2,FALSE,Maricopa,6000000291,6000002668
height,17027,31.505,MAC Field Scanner Field Plot 73 Season 2,FALSE,Maricopa,6000000291,6000002669
height,17027,30.844,MAC Field Scanner Field Plot 98 Season 2,FALSE,Maricopa,6000000295,6000002694
height,17027,31.505,MAC Field Scanner Field Plot 99 Season 2,FALSE,Maricopa,6000000295,6000002695
height,17027,31.505,MAC Field Scanner Field Plot 70 Season 2,FALSE,Maricopa,6000000296,6000002666
height,17027,32.166,MAC Field Scanner Field Plot 71 Season 2,FALSE,Maricopa,6000000296,6000002667
height,17027,32.166,MAC Field Scanner Field Plot 87 Season 2,FALSE,Maricopa,6000000313,6000002683
height,17027,32.166,MAC Field Scanner Field Plot 86 Season 2,FALSE,Maricopa,6000000313,6000002682
height,17027,31.505,MAC Field Scanner Field Plot 108 Season 2,FALSE,Maricopa,6000000315,6000002704
height,17027,31.505,MAC Field Scanner Field Plot 109 Season 2,FALSE,Maricopa,6000000315,6000002705
height,17027,32.827,MAC Field Scanner Field Plot 119 Season 2,FALSE,Maricopa,6000000319,6000002715
height,17027,31.505,MAC Field Scanner Field Plot 118 Season 2,FALSE,Maricopa,6000000319,6000002714
height,17027,31.505,MAC Field Scanner Field Plot 123 Season 2,FALSE,Maricopa,6000000389,6000002719
height,17027,32.166,MAC Field Scanner Field Plot 122 Season 2,FALSE,Maricopa,6000000389,6000002718
height,17027,32.166,MAC Field Scanner Field Plot 106 Season 2,FALSE,Maricopa,6000000397,6000002702
height,17027,32.166,MAC Field Scanner Field Plot 107 Season 2,FALSE,Maricopa,6000000397,6000002703
height,17027,30.844,MAC Field Scanner Field Plot 83 Season 2,FALSE,Maricopa,6000000400,6000002679
height,17027,32.166,MAC Field Scanner Field Plot 82 Season 2,FALSE,Maricopa,6000000400,6000002678
height,17027,32.166,MAC Field Scanner Field Plot 74 Season 2,FALSE,Maricopa,6000000256,6000002670
height,17027,31.505,MAC Field Scanner Field Plot 75 Season 2,FALSE,Maricopa,6000000256,6000002671
height,17027,31.505,MAC Field Scanner Field Plot 76 Season 2,FALSE,Maricopa,6000000260,6000002672
height,17027,31.505,MAC Field Scanner Field Plot 77 Season 2,FALSE,Maricopa,6000000260,6000002673
height,17027,31.505,MAC Field Scanner Field Plot 102 Season 2,FALSE,Maricopa,6000000406,6000002698
height,17027,32.166,MAC Field Scanner Field Plot 103 Season 2,FALSE,Maricopa,6000000406,6000002699
height,17027,33.488,MAC Field Scanner Field Plot 100 Season 2,FALSE,Maricopa,6000000265,6000002696
height,17027,33.488,MAC Field Scanner Field Plot 101 Season 2,FALSE,Maricopa,6000000265,6000002697
height,17027,32.166,MAC Field Scanner Field Plot 110 Season 2,FALSE,Maricopa,6000000276,6000002706
height,17027,30.844,MAC Field Scanner Field Plot 172 Season 2,FALSE,Maricopa,6000000285,6000002768
height,17027,31.505,MAC Field Scanner Field Plot 173 Season 2,FALSE,Maricopa,6000000285,6000002769
height,17027,31.505,MAC Field Scanner Field Plot 166 Season 2,FALSE,Maricopa,6000000286,6000002762
height,17027,32.166,MAC Field Scanner Field Plot 167 Season 2,FALSE,Maricopa,6000000286,6000002763
height,17027,30.844,MAC Field Scanner Field Plot 164 Season 2,FALSE,Maricopa,6000000302,6000002760
height,17027,31.505,MAC Field Scanner Field Plot 165 Season 2,FALSE,Maricopa,6000000302,6000002761
height,17027,31.505,MAC Field Scanner Field Plot 140 Season 2,FALSE,Maricopa,6000000377,6000002736
height,17027,31.505,MAC Field Scanner Field Plot 141 Season 2,FALSE,Maricopa,6000000377,6000002737
height,17027,31.505,MAC Field Scanner Field Plot 180 Season 2,FALSE,Maricopa,6000000385,6000002776
height,17027,31.505,MAC Field Scanner Field Plot 127 Season 2,FALSE,Maricopa,6000000393,6000002723
height,17027,31.505,MAC Field Scanner Field Plot 126 Season 2,FALSE,Maricopa,6000000393,6000002722
height,17027,31.505,MAC Field Scanner Field Plot 149 Season 2,FALSE,Maricopa,6000000396,6000002745
height,17027,31.505,MAC Field Scanner Field Plot 148 Season 2,FALSE,Maricopa,6000000396,6000002744
height,17027,31.505,MAC Field Scanner Field Plot 162 Season 2,FALSE,Maricopa,6000000402,6000002758
height,17027,32.827,MAC Field Scanner Field Plot 163 Season 2,FALSE,Maricopa,6000000402,6000002759
height,17027,31.505,MAC Field Scanner Field Plot 151 Season 2,FALSE,Maricopa,6000000403,6000002747
height,17027,32.166,MAC Field Scanner Field Plot 150 Season 2,FALSE,Maricopa,6000000403,6000002746
height,17027,30.844,MAC Field Scanner Field Plot 142 Season 2,FALSE,Maricopa,6000000252,6000002738
height,17027,31.505,MAC Field Scanner Field Plot 143 Season 2,FALSE,Maricopa,6000000252,6000002739
height,17027,32.166,MAC Field Scanner Field Plot 132 Season 2,FALSE,Maricopa,6000000261,6000002728
height,17027,32.166,MAC Field Scanner Field Plot 133 Season 2,FALSE,Maricopa,6000000261,6000002729
height,17027,31.505,MAC Field Scanner Field Plot 170 Season 2,FALSE,Maricopa,6000000262,6000002766
height,17027,30.844,MAC Field Scanner Field Plot 232 Season 2,FALSE,Maricopa,6000000281,6000002828
height,17027,32.827,MAC Field Scanner Field Plot 233 Season 2,FALSE,Maricopa,6000000281,6000002829
height,17027,31.505,MAC Field Scanner Field Plot 198 Season 2,FALSE,Maricopa,6000000292,6000002794
height,17027,31.505,MAC Field Scanner Field Plot 199 Season 2,FALSE,Maricopa,6000000292,6000002795
height,17027,30.844,MAC Field Scanner Field Plot 189 Season 2,FALSE,Maricopa,6000000299,6000002785
height,17027,32.166,MAC Field Scanner Field Plot 188 Season 2,FALSE,Maricopa,6000000299,6000002784
height,17027,32.166,MAC Field Scanner Field Plot 221 Season 2,FALSE,Maricopa,6000000303,6000002817
height,17027,32.166,MAC Field Scanner Field Plot 220 Season 2,FALSE,Maricopa,6000000303,6000002816
height,17027,30.844,MAC Field Scanner Field Plot 187 Season 2,FALSE,Maricopa,6000000304,6000002783
height,17027,31.505,MAC Field Scanner Field Plot 186 Season 2,FALSE,Maricopa,6000000304,6000002782
height,17027,32.166,MAC Field Scanner Field Plot 183 Season 2,FALSE,Maricopa,6000000327,6000002779
height,17027,31.505,MAC Field Scanner Field Plot 182 Season 2,FALSE,Maricopa,6000000327,6000002778
height,17027,32.166,MAC Field Scanner Field Plot 228 Season 2,FALSE,Maricopa,6000000379,6000002824
height,17027,32.166,MAC Field Scanner Field Plot 229 Season 2,FALSE,Maricopa,6000000379,6000002825
height,17027,32.166,MAC Field Scanner Field Plot 230 Season 2,FALSE,Maricopa,6000000382,6000002826
height,17027,32.166,MAC Field Scanner Field Plot 231 Season 2,FALSE,Maricopa,6000000382,6000002827
height,17027,30.844,MAC Field Scanner Field Plot 181 Season 2,FALSE,Maricopa,6000000385,6000002777
height,17027,31.505,MAC Field Scanner Field Plot 217 Season 2,FALSE,Maricopa,6000000386,6000002813
height,17027,32.166,MAC Field Scanner Field Plot 216 Season 2,FALSE,Maricopa,6000000386,6000002812
height,17027,32.166,MAC Field Scanner Field Plot 202 Season 2,FALSE,Maricopa,6000000387,6000002798
height,17027,33.488,MAC Field Scanner Field Plot 203 Season 2,FALSE,Maricopa,6000000387,6000002799
height,17027,32.166,MAC Field Scanner Field Plot 213 Season 2,FALSE,Maricopa,6000000249,6000002809
height,17027,30.844,MAC Field Scanner Field Plot 212 Season 2,FALSE,Maricopa,6000000249,6000002808
height,17027,32.166,MAC Field Scanner Field Plot 215 Season 2,FALSE,Maricopa,6000000257,6000002811
height,17027,33.488,MAC Field Scanner Field Plot 214 Season 2,FALSE,Maricopa,6000000257,6000002810
height,17027,31.505,MAC Field Scanner Field Plot 211 Season 2,FALSE,Maricopa,6000000259,6000002807
height,17027,32.166,MAC Field Scanner Field Plot 210 Season 2,FALSE,Maricopa,6000000259,6000002806
height,17027,31.505,MAC Field Scanner Field Plot 268 Season 2,FALSE,Maricopa,6000000280,6000002864
height,17027,31.505,MAC Field Scanner Field Plot 269 Season 2,FALSE,Maricopa,6000000280,6000002865
height,17027,30.844,MAC Field Scanner Field Plot 262 Season 2,FALSE,Maricopa,6000000290,6000002858
height,17027,32.166,MAC Field Scanner Field Plot 263 Season 2,FALSE,Maricopa,6000000290,6000002859
height,17027,31.505,MAC Field Scanner Field Plot 249 Season 2,FALSE,Maricopa,6000000300,6000002845
height,17027,32.827,MAC Field Scanner Field Plot 248 Season 2,FALSE,Maricopa,6000000300,6000002844
height,17027,32.166,MAC Field Scanner Field Plot 264 Season 2,FALSE,Maricopa,6000000305,6000002860
height,17027,32.827,MAC Field Scanner Field Plot 265 Season 2,FALSE,Maricopa,6000000305,6000002861
height,17027,32.166,MAC Field Scanner Field Plot 266 Season 2,FALSE,Maricopa,6000000307,6000002862
height,17027,32.166,MAC Field Scanner Field Plot 267 Season 2,FALSE,Maricopa,6000000307,6000002863
height,17027,31.505,MAC Field Scanner Field Plot 290 Season 2,FALSE,Maricopa,6000000316,6000002886
height,17027,32.166,MAC Field Scanner Field Plot 247 Season 2,FALSE,Maricopa,6000000317,6000002843
height,17027,31.505,MAC Field Scanner Field Plot 246 Season 2,FALSE,Maricopa,6000000317,6000002842
height,17027,31.505,MAC Field Scanner Field Plot 245 Season 2,FALSE,Maricopa,6000000320,6000002841
height,17027,31.505,MAC Field Scanner Field Plot 244 Season 2,FALSE,Maricopa,6000000320,6000002840
height,17027,32.166,MAC Field Scanner Field Plot 281 Season 2,FALSE,Maricopa,6000000380,6000002877
height,17027,33.488,MAC Field Scanner Field Plot 280 Season 2,FALSE,Maricopa,6000000380,6000002876
height,17027,32.166,MAC Field Scanner Field Plot 279 Season 2,FALSE,Maricopa,6000000383,6000002875
height,17027,32.166,MAC Field Scanner Field Plot 278 Season 2,FALSE,Maricopa,6000000383,6000002874
height,17027,32.166,MAC Field Scanner Field Plot 260 Season 2,FALSE,Maricopa,6000000248,6000002856
height,17027,31.505,MAC Field Scanner Field Plot 261 Season 2,FALSE,Maricopa,6000000248,6000002857
height,17027,31.505,MAC Field Scanner Field Plot 270 Season 2,FALSE,Maricopa,6000000394,6000002866
height,17027,32.166,MAC Field Scanner Field Plot 271 Season 2,FALSE,Maricopa,6000000394,6000002867
height,17027,31.505,MAC Field Scanner Field Plot 283 Season 2,FALSE,Maricopa,6000000253,6000002879
height,17027,32.166,MAC Field Scanner Field Plot 282 Season 2,FALSE,Maricopa,6000000253,6000002878
height,17027,31.505,MAC Field Scanner Field Plot 235 Season 2,FALSE,Maricopa,6000000273,6000002831
height,17027,31.505,MAC Field Scanner Field Plot 314 Season 2,FALSE,Maricopa,6000000279,6000002910
height,17027,31.505,MAC Field Scanner Field Plot 302 Season 2,FALSE,Maricopa,6000000284,6000002898
height,17027,32.166,MAC Field Scanner Field Plot 303 Season 2,FALSE,Maricopa,6000000284,6000002899
height,17027,31.505,MAC Field Scanner Field Plot 326 Season 2,FALSE,Maricopa,6000000301,6000002922
height,17027,31.505,MAC Field Scanner Field Plot 327 Season 2,FALSE,Maricopa,6000000301,6000002923
height,17027,30.844,MAC Field Scanner Field Plot 307 Season 2,FALSE,Maricopa,6000000306,6000002903
height,17027,32.166,MAC Field Scanner Field Plot 306 Season 2,FALSE,Maricopa,6000000306,6000002902
height,17027,31.505,MAC Field Scanner Field Plot 291 Season 2,FALSE,Maricopa,6000000316,6000002887
height,17027,30.844,MAC Field Scanner Field Plot 665 Season 2,FALSE,Maricopa,6000000378,6000003261
height,17027,31.505,MAC Field Scanner Field Plot 664 Season 2,FALSE,Maricopa,6000000378,6000003260
height,17027,30.844,MAC Field Scanner Field Plot 666 Season 2,FALSE,Maricopa,6000000380,6000003262
height,17027,30.844,MAC Field Scanner Field Plot 296 Season 2,FALSE,Maricopa,6000000381,6000002892
height,17027,32.166,MAC Field Scanner Field Plot 297 Season 2,FALSE,Maricopa,6000000381,6000002893
height,17027,32.166,MAC Field Scanner Field Plot 309 Season 2,FALSE,Maricopa,6000000390,6000002905
height,17027,31.505,MAC Field Scanner Field Plot 308 Season 2,FALSE,Maricopa,6000000390,6000002904
height,17027,31.505,MAC Field Scanner Field Plot 319 Season 2,FALSE,Maricopa,6000000395,6000002915
height,17027,32.827,MAC Field Scanner Field Plot 318 Season 2,FALSE,Maricopa,6000000395,6000002914
height,17027,32.166,MAC Field Scanner Field Plot 298 Season 2,FALSE,Maricopa,6000000398,6000002894
height,17027,31.505,MAC Field Scanner Field Plot 299 Season 2,FALSE,Maricopa,6000000398,6000002895
height,17027,30.844,MAC Field Scanner Field Plot 324 Season 2,FALSE,Maricopa,6000000399,6000002920
height,17027,31.505,MAC Field Scanner Field Plot 325 Season 2,FALSE,Maricopa,6000000399,6000002921
height,17027,30.844,MAC Field Scanner Field Plot 659 Season 2,FALSE,Maricopa,6000000250,6000003255
height,17027,31.505,MAC Field Scanner Field Plot 658 Season 2,FALSE,Maricopa,6000000250,6000003254
height,17027,31.505,MAC Field Scanner Field Plot 661 Season 2,FALSE,Maricopa,6000000252,6000003257
height,17027,31.505,MAC Field Scanner Field Plot 660 Season 2,FALSE,Maricopa,6000000252,6000003256
height,17027,31.505,MAC Field Scanner Field Plot 702 Season 2,FALSE,Maricopa,6000000278,6000003298
height,17027,30.844,MAC Field Scanner Field Plot 712 Season 2,FALSE,Maricopa,6000000293,6000003308
height,17027,31.505,MAC Field Scanner Field Plot 713 Season 2,FALSE,Maricopa,6000000293,6000003309
height,17027,31.505,MAC Field Scanner Field Plot 710 Season 2,FALSE,Maricopa,6000000298,6000003306
height,17027,30.844,MAC Field Scanner Field Plot 711 Season 2,FALSE,Maricopa,6000000298,6000003307
height,17027,30.844,MAC Field Scanner Field Plot 678 Season 2,FALSE,Maricopa,6000000305,6000003274
height,17027,30.844,MAC Field Scanner Field Plot 679 Season 2,FALSE,Maricopa,6000000305,6000003275
height,17027,31.505,MAC Field Scanner Field Plot 682 Season 2,FALSE,Maricopa,6000000308,6000003278
height,17027,31.505,MAC Field Scanner Field Plot 683 Season 2,FALSE,Maricopa,6000000308,6000003279
height,17027,31.505,MAC Field Scanner Field Plot 674 Season 2,FALSE,Maricopa,6000000311,6000003270
height,17027,31.505,MAC Field Scanner Field Plot 675 Season 2,FALSE,Maricopa,6000000311,6000003271
height,17027,31.505,MAC Field Scanner Field Plot 718 Season 2,FALSE,Maricopa,6000000312,6000003314
height,17027,32.166,MAC Field Scanner Field Plot 719 Season 2,FALSE,Maricopa,6000000312,6000003315
height,17027,31.505,MAC Field Scanner Field Plot 686 Season 2,FALSE,Maricopa,6000000313,6000003282
height,17027,31.505,MAC Field Scanner Field Plot 703 Season 2,FALSE,Maricopa,6000000278,6000003299
height,17027,30.844,MAC Field Scanner Field Plot 667 Season 2,FALSE,Maricopa,6000000380,6000003263
height,17027,31.505,MAC Field Scanner Field Plot 693 Season 2,FALSE,Maricopa,6000000382,6000003289
height,17027,31.505,MAC Field Scanner Field Plot 692 Season 2,FALSE,Maricopa,6000000382,6000003288
height,17027,31.505,MAC Field Scanner Field Plot 714 Season 2,FALSE,Maricopa,6000000385,6000003310
height,17027,31.505,MAC Field Scanner Field Plot 715 Season 2,FALSE,Maricopa,6000000385,6000003311
height,17027,31.505,MAC Field Scanner Field Plot 701 Season 2,FALSE,Maricopa,6000000387,6000003297
height,17027,31.505,MAC Field Scanner Field Plot 700 Season 2,FALSE,Maricopa,6000000387,6000003296
height,17027,31.505,MAC Field Scanner Field Plot 708 Season 2,FALSE,Maricopa,6000000256,6000003304
height,17027,30.844,MAC Field Scanner Field Plot 709 Season 2,FALSE,Maricopa,6000000256,6000003305
height,17027,31.505,MAC Field Scanner Field Plot 716 Season 2,FALSE,Maricopa,6000000257,6000003312
height,17027,30.844,MAC Field Scanner Field Plot 717 Season 2,FALSE,Maricopa,6000000257,6000003313
height,17027,32.166,MAC Field Scanner Field Plot 699 Season 2,FALSE,Maricopa,6000000408,6000003295
height,17027,30.844,MAC Field Scanner Field Plot 698 Season 2,FALSE,Maricopa,6000000408,6000003294
height,17027,32.166,MAC Field Scanner Field Plot 684 Season 2,FALSE,Maricopa,6000000270,6000003280
height,17027,30.844,MAC Field Scanner Field Plot 765 Season 2,FALSE,Maricopa,6000000290,6000003361
height,17027,31.505,MAC Field Scanner Field Plot 764 Season 2,FALSE,Maricopa,6000000290,6000003360
height,17027,31.505,MAC Field Scanner Field Plot 742 Season 2,FALSE,Maricopa,6000000295,6000003338
height,17027,31.505,MAC Field Scanner Field Plot 743 Season 2,FALSE,Maricopa,6000000295,6000003339
height,17027,31.505,MAC Field Scanner Field Plot 725 Season 2,FALSE,Maricopa,6000000299,6000003321
height,17027,30.844,MAC Field Scanner Field Plot 724 Season 2,FALSE,Maricopa,6000000299,6000003320
height,17027,31.505,MAC Field Scanner Field Plot 735 Season 2,FALSE,Maricopa,6000000249,6000003331
height,17027,31.505,MAC Field Scanner Field Plot 734 Season 2,FALSE,Maricopa,6000000249,6000003330
height,17027,30.844,MAC Field Scanner Field Plot 740 Season 2,FALSE,Maricopa,6000000394,6000003336
height,17027,31.505,MAC Field Scanner Field Plot 741 Season 2,FALSE,Maricopa,6000000394,6000003337
height,17027,31.505,MAC Field Scanner Field Plot 759 Season 2,FALSE,Maricopa,6000000398,6000003355
height,17027,31.505,MAC Field Scanner Field Plot 758 Season 2,FALSE,Maricopa,6000000398,6000003354
height,17027,31.505,MAC Field Scanner Field Plot 729 Season 2,FALSE,Maricopa,6000000399,6000003325
height,17027,31.505,MAC Field Scanner Field Plot 728 Season 2,FALSE,Maricopa,6000000399,6000003324
height,17027,31.505,MAC Field Scanner Field Plot 757 Season 2,FALSE,Maricopa,6000000402,6000003353
height,17027,30.844,MAC Field Scanner Field Plot 756 Season 2,FALSE,Maricopa,6000000402,6000003352
height,17027,31.505,MAC Field Scanner Field Plot 727 Season 2,FALSE,Maricopa,6000000251,6000003323
height,17027,31.505,MAC Field Scanner Field Plot 726 Season 2,FALSE,Maricopa,6000000251,6000003322
height,17027,31.505,MAC Field Scanner Field Plot 755 Season 2,FALSE,Maricopa,6000000254,6000003351
height,17027,32.166,MAC Field Scanner Field Plot 754 Season 2,FALSE,Maricopa,6000000254,6000003350
height,17027,31.505,MAC Field Scanner Field Plot 770 Season 2,FALSE,Maricopa,6000000260,6000003366
height,17027,31.505,MAC Field Scanner Field Plot 771 Season 2,FALSE,Maricopa,6000000260,6000003367
height,17027,31.505,MAC Field Scanner Field Plot 748 Season 2,FALSE,Maricopa,6000000261,6000003344
height,17027,31.505,MAC Field Scanner Field Plot 827 Season 2,FALSE,Maricopa,6000000284,6000003423
height,17027,32.166,MAC Field Scanner Field Plot 826 Season 2,FALSE,Maricopa,6000000284,6000003422
height,17027,32.166,MAC Field Scanner Field Plot 795 Season 2,FALSE,Maricopa,6000000286,6000003391
height,17027,31.505,MAC Field Scanner Field Plot 794 Season 2,FALSE,Maricopa,6000000286,6000003390
height,17027,32.827,MAC Field Scanner Field Plot 802 Season 2,FALSE,Maricopa,6000000294,6000003398
height,17027,31.505,MAC Field Scanner Field Plot 803 Season 2,FALSE,Maricopa,6000000294,6000003399
height,17027,31.505,MAC Field Scanner Field Plot 812 Season 2,FALSE,Maricopa,6000000296,6000003408
height,17027,31.505,MAC Field Scanner Field Plot 813 Season 2,FALSE,Maricopa,6000000296,6000003409
height,17027,31.505,MAC Field Scanner Field Plot 829 Season 2,FALSE,Maricopa,6000000310,6000003425
height,17027,31.505,MAC Field Scanner Field Plot 828 Season 2,FALSE,Maricopa,6000000310,6000003424
height,17027,30.844,MAC Field Scanner Field Plot 787 Season 2,FALSE,Maricopa,6000000317,6000003383
height,17027,32.166,MAC Field Scanner Field Plot 786 Season 2,FALSE,Maricopa,6000000317,6000003382
height,17027,31.505,MAC Field Scanner Field Plot 791 Season 2,FALSE,Maricopa,6000000383,6000003387
height,17027,30.844,MAC Field Scanner Field Plot 790 Season 2,FALSE,Maricopa,6000000383,6000003386
height,17027,32.166,MAC Field Scanner Field Plot 799 Season 2,FALSE,Maricopa,6000000384,6000003395
height,17027,31.505,MAC Field Scanner Field Plot 798 Season 2,FALSE,Maricopa,6000000384,6000003394
height,17027,32.166,MAC Field Scanner Field Plot 804 Season 2,FALSE,Maricopa,6000000397,6000003400
height,17027,32.166,MAC Field Scanner Field Plot 805 Season 2,FALSE,Maricopa,6000000397,6000003401
height,17027,31.505,MAC Field Scanner Field Plot 797 Season 2,FALSE,Maricopa,6000000401,6000003393
height,17027,31.505,MAC Field Scanner Field Plot 796 Season 2,FALSE,Maricopa,6000000401,6000003392
height,17027,32.166,MAC Field Scanner Field Plot 831 Season 2,FALSE,Maricopa,6000000259,6000003427
height,17027,32.166,MAC Field Scanner Field Plot 830 Season 2,FALSE,Maricopa,6000000259,6000003426
height,17027,31.505,MAC Field Scanner Field Plot 806 Season 2,FALSE,Maricopa,6000000405,6000003402
height,17027,32.166,MAC Field Scanner Field Plot 807 Season 2,FALSE,Maricopa,6000000405,6000003403
height,17027,31.505,MAC Field Scanner Field Plot 821 Season 2,FALSE,Maricopa,6000000262,6000003417
height,17027,30.844,MAC Field Scanner Field Plot 820 Season 2,FALSE,Maricopa,6000000262,6000003416
height,17027,31.505,MAC Field Scanner Field Plot 808 Season 2,FALSE,Maricopa,6000000269,6000003404
height,17027,30.844,MAC Field Scanner Field Plot 809 Season 2,FALSE,Maricopa,6000000269,6000003405
height,17027,31.505,MAC Field Scanner Field Plot 819 Season 2,FALSE,Maricopa,6000000274,6000003415
height,17028,31.505,MAC Field Scanner Field Plot 44 Season 2,FALSE,Maricopa,6000000293,6000002640
height,17028,31.505,MAC Field Scanner Field Plot 45 Season 2,FALSE,Maricopa,6000000293,6000002641
height,17028,31.505,MAC Field Scanner Field Plot 55 Season 2,FALSE,Maricopa,6000000294,6000002651
height,17028,31.505,MAC Field Scanner Field Plot 54 Season 2,FALSE,Maricopa,6000000294,6000002650
height,17028,30.844,MAC Field Scanner Field Plot 35 Season 2,FALSE,Maricopa,6000000278,6000002631
height,17028,30.183,MAC Field Scanner Field Plot 29 Season 2,FALSE,Maricopa,6000000415,6000002625
height,17028,31.505,MAC Field Scanner Field Plot 28 Season 2,FALSE,Maricopa,6000000415,6000002624
height,17028,30.844,MAC Field Scanner Field Plot 56 Season 2,FALSE,Maricopa,6000000333,6000002652
height,17028,31.505,MAC Field Scanner Field Plot 51 Season 2,FALSE,Maricopa,6000000334,6000002647
height,17028,32.166,MAC Field Scanner Field Plot 50 Season 2,FALSE,Maricopa,6000000334,6000002646
height,17028,31.505,MAC Field Scanner Field Plot 40 Season 2,FALSE,Maricopa,6000000356,6000002636
height,17028,31.505,MAC Field Scanner Field Plot 41 Season 2,FALSE,Maricopa,6000000356,6000002637
height,17028,30.183,MAC Field Scanner Field Plot 36 Season 2,FALSE,Maricopa,6000000367,6000002632
height,17028,31.505,MAC Field Scanner Field Plot 37 Season 2,FALSE,Maricopa,6000000367,6000002633
height,17028,31.505,MAC Field Scanner Field Plot 42 Season 2,FALSE,Maricopa,6000000384,6000002638
height,17028,30.844,MAC Field Scanner Field Plot 43 Season 2,FALSE,Maricopa,6000000384,6000002639
height,17028,31.505,MAC Field Scanner Field Plot 53 Season 2,FALSE,Maricopa,6000000401,6000002649
height,17028,31.505,MAC Field Scanner Field Plot 52 Season 2,FALSE,Maricopa,6000000401,6000002648
height,17028,30.844,MAC Field Scanner Field Plot 46 Season 2,FALSE,Maricopa,6000000258,6000002642
height,17028,31.505,MAC Field Scanner Field Plot 47 Season 2,FALSE,Maricopa,6000000258,6000002643
height,17028,31.505,MAC Field Scanner Field Plot 78 Season 2,FALSE,Maricopa,6000000282,6000002674
height,17028,32.166,MAC Field Scanner Field Plot 79 Season 2,FALSE,Maricopa,6000000282,6000002675
height,17028,30.844,MAC Field Scanner Field Plot 72 Season 2,FALSE,Maricopa,6000000291,6000002668
height,17028,31.505,MAC Field Scanner Field Plot 73 Season 2,FALSE,Maricopa,6000000291,6000002669
height,17028,30.844,MAC Field Scanner Field Plot 98 Season 2,FALSE,Maricopa,6000000295,6000002694
height,17028,31.505,MAC Field Scanner Field Plot 99 Season 2,FALSE,Maricopa,6000000295,6000002695
height,17028,30.844,MAC Field Scanner Field Plot 70 Season 2,FALSE,Maricopa,6000000296,6000002666
height,17028,32.166,MAC Field Scanner Field Plot 71 Season 2,FALSE,Maricopa,6000000296,6000002667
height,17028,31.505,MAC Field Scanner Field Plot 63 Season 2,FALSE,Maricopa,6000000241,6000002659
height,17028,31.505,MAC Field Scanner Field Plot 62 Season 2,FALSE,Maricopa,6000000241,6000002658
height,17028,32.166,MAC Field Scanner Field Plot 87 Season 2,FALSE,Maricopa,6000000313,6000002683
height,17028,32.166,MAC Field Scanner Field Plot 86 Season 2,FALSE,Maricopa,6000000313,6000002682
height,17028,31.505,MAC Field Scanner Field Plot 108 Season 2,FALSE,Maricopa,6000000315,6000002704
height,17028,31.505,MAC Field Scanner Field Plot 109 Season 2,FALSE,Maricopa,6000000315,6000002705
height,17028,31.505,MAC Field Scanner Field Plot 106 Season 2,FALSE,Maricopa,6000000397,6000002702
height,17028,32.166,MAC Field Scanner Field Plot 107 Season 2,FALSE,Maricopa,6000000397,6000002703
height,17028,30.844,MAC Field Scanner Field Plot 83 Season 2,FALSE,Maricopa,6000000400,6000002679
height,17028,32.166,MAC Field Scanner Field Plot 82 Season 2,FALSE,Maricopa,6000000400,6000002678
height,17028,31.505,MAC Field Scanner Field Plot 66 Season 2,FALSE,Maricopa,6000000255,6000002662
height,17028,31.505,MAC Field Scanner Field Plot 67 Season 2,FALSE,Maricopa,6000000255,6000002663
height,17028,31.505,MAC Field Scanner Field Plot 74 Season 2,FALSE,Maricopa,6000000256,6000002670
height,17028,31.505,MAC Field Scanner Field Plot 75 Season 2,FALSE,Maricopa,6000000256,6000002671
height,17028,31.505,MAC Field Scanner Field Plot 76 Season 2,FALSE,Maricopa,6000000260,6000002672
height,17028,31.505,MAC Field Scanner Field Plot 77 Season 2,FALSE,Maricopa,6000000260,6000002673
height,17028,31.505,MAC Field Scanner Field Plot 102 Season 2,FALSE,Maricopa,6000000406,6000002698
height,17028,32.166,MAC Field Scanner Field Plot 103 Season 2,FALSE,Maricopa,6000000406,6000002699
height,17028,32.827,MAC Field Scanner Field Plot 100 Season 2,FALSE,Maricopa,6000000265,6000002696
height,17028,33.488,MAC Field Scanner Field Plot 101 Season 2,FALSE,Maricopa,6000000265,6000002697
height,17028,30.844,MAC Field Scanner Field Plot 166 Season 2,FALSE,Maricopa,6000000286,6000002762
height,17028,31.505,MAC Field Scanner Field Plot 121 Season 2,FALSE,Maricopa,6000000289,6000002717
height,17028,32.166,MAC Field Scanner Field Plot 120 Season 2,FALSE,Maricopa,6000000289,6000002716
height,17028,31.505,MAC Field Scanner Field Plot 164 Season 2,FALSE,Maricopa,6000000302,6000002760
height,17028,30.844,MAC Field Scanner Field Plot 165 Season 2,FALSE,Maricopa,6000000302,6000002761
height,17028,32.166,MAC Field Scanner Field Plot 119 Season 2,FALSE,Maricopa,6000000319,6000002715
height,17028,32.166,MAC Field Scanner Field Plot 118 Season 2,FALSE,Maricopa,6000000319,6000002714
height,17028,31.505,MAC Field Scanner Field Plot 140 Season 2,FALSE,Maricopa,6000000377,6000002736
height,17028,31.505,MAC Field Scanner Field Plot 141 Season 2,FALSE,Maricopa,6000000377,6000002737
height,17028,32.166,MAC Field Scanner Field Plot 123 Season 2,FALSE,Maricopa,6000000389,6000002719
height,17028,32.166,MAC Field Scanner Field Plot 122 Season 2,FALSE,Maricopa,6000000389,6000002718
height,17028,31.505,MAC Field Scanner Field Plot 127 Season 2,FALSE,Maricopa,6000000393,6000002723
height,17028,31.505,MAC Field Scanner Field Plot 126 Season 2,FALSE,Maricopa,6000000393,6000002722
height,17028,31.505,MAC Field Scanner Field Plot 149 Season 2,FALSE,Maricopa,6000000396,6000002745
height,17028,30.844,MAC Field Scanner Field Plot 148 Season 2,FALSE,Maricopa,6000000396,6000002744
height,17028,31.505,MAC Field Scanner Field Plot 162 Season 2,FALSE,Maricopa,6000000402,6000002758
height,17028,32.166,MAC Field Scanner Field Plot 163 Season 2,FALSE,Maricopa,6000000402,6000002759
height,17028,31.505,MAC Field Scanner Field Plot 151 Season 2,FALSE,Maricopa,6000000403,6000002747
height,17028,31.505,MAC Field Scanner Field Plot 150 Season 2,FALSE,Maricopa,6000000403,6000002746
height,17028,31.505,MAC Field Scanner Field Plot 142 Season 2,FALSE,Maricopa,6000000252,6000002738
height,17028,31.505,MAC Field Scanner Field Plot 143 Season 2,FALSE,Maricopa,6000000252,6000002739
height,17028,32.166,MAC Field Scanner Field Plot 132 Season 2,FALSE,Maricopa,6000000261,6000002728
height,17028,32.166,MAC Field Scanner Field Plot 133 Season 2,FALSE,Maricopa,6000000261,6000002729
height,17028,32.166,MAC Field Scanner Field Plot 138 Season 2,FALSE,Maricopa,6000000266,6000002734
height,17028,31.505,MAC Field Scanner Field Plot 139 Season 2,FALSE,Maricopa,6000000266,6000002735
height,17028,31.505,MAC Field Scanner Field Plot 172 Season 2,FALSE,Maricopa,6000000285,6000002768
height,17028,31.505,MAC Field Scanner Field Plot 173 Season 2,FALSE,Maricopa,6000000285,6000002769
height,17028,31.505,MAC Field Scanner Field Plot 167 Season 2,FALSE,Maricopa,6000000286,6000002763
height,17028,32.166,MAC Field Scanner Field Plot 198 Season 2,FALSE,Maricopa,6000000292,6000002794
height,17028,31.505,MAC Field Scanner Field Plot 199 Season 2,FALSE,Maricopa,6000000292,6000002795
height,17028,31.505,MAC Field Scanner Field Plot 189 Season 2,FALSE,Maricopa,6000000299,6000002785
height,17028,31.505,MAC Field Scanner Field Plot 188 Season 2,FALSE,Maricopa,6000000299,6000002784
height,17028,32.166,MAC Field Scanner Field Plot 221 Season 2,FALSE,Maricopa,6000000303,6000002817
height,17028,32.166,MAC Field Scanner Field Plot 220 Season 2,FALSE,Maricopa,6000000303,6000002816
height,17028,30.844,MAC Field Scanner Field Plot 187 Season 2,FALSE,Maricopa,6000000304,6000002783
height,17028,30.844,MAC Field Scanner Field Plot 186 Season 2,FALSE,Maricopa,6000000304,6000002782
height,17028,31.505,MAC Field Scanner Field Plot 183 Season 2,FALSE,Maricopa,6000000327,6000002779
height,17028,30.844,MAC Field Scanner Field Plot 181 Season 2,FALSE,Maricopa,6000000385,6000002777
height,17028,31.505,MAC Field Scanner Field Plot 180 Season 2,FALSE,Maricopa,6000000385,6000002776
height,17028,31.505,MAC Field Scanner Field Plot 217 Season 2,FALSE,Maricopa,6000000386,6000002813
height,17028,31.505,MAC Field Scanner Field Plot 216 Season 2,FALSE,Maricopa,6000000386,6000002812
height,17028,31.505,MAC Field Scanner Field Plot 202 Season 2,FALSE,Maricopa,6000000387,6000002798
height,17028,33.488,MAC Field Scanner Field Plot 203 Season 2,FALSE,Maricopa,6000000387,6000002799
height,17028,31.505,MAC Field Scanner Field Plot 213 Season 2,FALSE,Maricopa,6000000249,6000002809
height,17028,30.844,MAC Field Scanner Field Plot 212 Season 2,FALSE,Maricopa,6000000249,6000002808
height,17028,32.166,MAC Field Scanner Field Plot 215 Season 2,FALSE,Maricopa,6000000257,6000002811
height,17028,33.488,MAC Field Scanner Field Plot 214 Season 2,FALSE,Maricopa,6000000257,6000002810
height,17028,30.844,MAC Field Scanner Field Plot 211 Season 2,FALSE,Maricopa,6000000259,6000002807
height,17028,31.505,MAC Field Scanner Field Plot 210 Season 2,FALSE,Maricopa,6000000259,6000002806
height,17028,30.844,MAC Field Scanner Field Plot 170 Season 2,FALSE,Maricopa,6000000262,6000002766
height,17028,30.844,MAC Field Scanner Field Plot 171 Season 2,FALSE,Maricopa,6000000262,6000002767
height,17028,30.844,MAC Field Scanner Field Plot 185 Season 2,FALSE,Maricopa,6000000263,6000002781
height,17028,31.505,MAC Field Scanner Field Plot 268 Season 2,FALSE,Maricopa,6000000280,6000002864
height,17028,31.505,MAC Field Scanner Field Plot 269 Season 2,FALSE,Maricopa,6000000280,6000002865
height,17028,31.505,MAC Field Scanner Field Plot 232 Season 2,FALSE,Maricopa,6000000281,6000002828
height,17028,32.166,MAC Field Scanner Field Plot 233 Season 2,FALSE,Maricopa,6000000281,6000002829
height,17028,30.844,MAC Field Scanner Field Plot 262 Season 2,FALSE,Maricopa,6000000290,6000002858
height,17028,31.505,MAC Field Scanner Field Plot 263 Season 2,FALSE,Maricopa,6000000290,6000002859
height,17028,31.505,MAC Field Scanner Field Plot 249 Season 2,FALSE,Maricopa,6000000300,6000002845
height,17028,32.827,MAC Field Scanner Field Plot 248 Season 2,FALSE,Maricopa,6000000300,6000002844
height,17028,31.505,MAC Field Scanner Field Plot 264 Season 2,FALSE,Maricopa,6000000305,6000002860
height,17028,32.166,MAC Field Scanner Field Plot 265 Season 2,FALSE,Maricopa,6000000305,6000002861
height,17028,31.505,MAC Field Scanner Field Plot 266 Season 2,FALSE,Maricopa,6000000307,6000002862
height,17028,31.505,MAC Field Scanner Field Plot 267 Season 2,FALSE,Maricopa,6000000307,6000002863
height,17028,32.166,MAC Field Scanner Field Plot 247 Season 2,FALSE,Maricopa,6000000317,6000002843
height,17028,31.505,MAC Field Scanner Field Plot 246 Season 2,FALSE,Maricopa,6000000317,6000002842
height,17028,31.505,MAC Field Scanner Field Plot 245 Season 2,FALSE,Maricopa,6000000320,6000002841
height,17028,31.505,MAC Field Scanner Field Plot 244 Season 2,FALSE,Maricopa,6000000320,6000002840
height,17028,31.505,MAC Field Scanner Field Plot 277 Season 2,FALSE,Maricopa,6000000321,6000002873
height,17028,32.166,MAC Field Scanner Field Plot 228 Season 2,FALSE,Maricopa,6000000379,6000002824
height,17028,31.505,MAC Field Scanner Field Plot 229 Season 2,FALSE,Maricopa,6000000379,6000002825
height,17028,32.166,MAC Field Scanner Field Plot 230 Season 2,FALSE,Maricopa,6000000382,6000002826
height,17028,32.166,MAC Field Scanner Field Plot 231 Season 2,FALSE,Maricopa,6000000382,6000002827
height,17028,32.166,MAC Field Scanner Field Plot 278 Season 2,FALSE,Maricopa,6000000383,6000002874
height,17028,31.505,MAC Field Scanner Field Plot 260 Season 2,FALSE,Maricopa,6000000248,6000002856
height,17028,31.505,MAC Field Scanner Field Plot 261 Season 2,FALSE,Maricopa,6000000248,6000002857
height,17028,30.844,MAC Field Scanner Field Plot 270 Season 2,FALSE,Maricopa,6000000394,6000002866
height,17028,32.166,MAC Field Scanner Field Plot 271 Season 2,FALSE,Maricopa,6000000394,6000002867
height,17028,31.505,MAC Field Scanner Field Plot 234 Season 2,FALSE,Maricopa,6000000273,6000002830
height,17028,31.505,MAC Field Scanner Field Plot 235 Season 2,FALSE,Maricopa,6000000273,6000002831
height,17028,31.505,MAC Field Scanner Field Plot 314 Season 2,FALSE,Maricopa,6000000279,6000002910
height,17028,30.844,MAC Field Scanner Field Plot 302 Season 2,FALSE,Maricopa,6000000284,6000002898
height,17028,31.505,MAC Field Scanner Field Plot 303 Season 2,FALSE,Maricopa,6000000284,6000002899
height,17028,31.505,MAC Field Scanner Field Plot 326 Season 2,FALSE,Maricopa,6000000301,6000002922
height,17028,31.505,MAC Field Scanner Field Plot 327 Season 2,FALSE,Maricopa,6000000301,6000002923
height,17028,30.844,MAC Field Scanner Field Plot 307 Season 2,FALSE,Maricopa,6000000306,6000002903
height,17028,31.505,MAC Field Scanner Field Plot 306 Season 2,FALSE,Maricopa,6000000306,6000002902
height,17028,31.505,MAC Field Scanner Field Plot 290 Season 2,FALSE,Maricopa,6000000316,6000002886
height,17028,31.505,MAC Field Scanner Field Plot 291 Season 2,FALSE,Maricopa,6000000316,6000002887
height,17028,31.505,MAC Field Scanner Field Plot 281 Season 2,FALSE,Maricopa,6000000380,6000002877
height,17028,32.827,MAC Field Scanner Field Plot 280 Season 2,FALSE,Maricopa,6000000380,6000002876
height,17028,30.844,MAC Field Scanner Field Plot 296 Season 2,FALSE,Maricopa,6000000381,6000002892
height,17028,32.166,MAC Field Scanner Field Plot 297 Season 2,FALSE,Maricopa,6000000381,6000002893
height,17028,32.166,MAC Field Scanner Field Plot 279 Season 2,FALSE,Maricopa,6000000383,6000002875
height,17028,31.505,MAC Field Scanner Field Plot 309 Season 2,FALSE,Maricopa,6000000390,6000002905
height,17028,32.166,MAC Field Scanner Field Plot 308 Season 2,FALSE,Maricopa,6000000390,6000002904
height,17028,31.505,MAC Field Scanner Field Plot 319 Season 2,FALSE,Maricopa,6000000395,6000002915
height,17028,32.166,MAC Field Scanner Field Plot 318 Season 2,FALSE,Maricopa,6000000395,6000002914
height,17028,32.166,MAC Field Scanner Field Plot 298 Season 2,FALSE,Maricopa,6000000398,6000002894
height,17028,31.505,MAC Field Scanner Field Plot 299 Season 2,FALSE,Maricopa,6000000398,6000002895
height,17028,30.844,MAC Field Scanner Field Plot 324 Season 2,FALSE,Maricopa,6000000399,6000002920
height,17028,32.166,MAC Field Scanner Field Plot 325 Season 2,FALSE,Maricopa,6000000399,6000002921
height,17028,31.505,MAC Field Scanner Field Plot 283 Season 2,FALSE,Maricopa,6000000253,6000002879
height,17028,31.505,MAC Field Scanner Field Plot 282 Season 2,FALSE,Maricopa,6000000253,6000002878
height,17028,31.505,MAC Field Scanner Field Plot 322 Season 2,FALSE,Maricopa,6000000408,6000002918
height,17028,30.844,MAC Field Scanner Field Plot 323 Season 2,FALSE,Maricopa,6000000408,6000002919
height,17028,30.844,MAC Field Scanner Field Plot 345 Season 2,FALSE,Maricopa,6000000287,6000002941
height,17028,32.166,MAC Field Scanner Field Plot 344 Season 2,FALSE,Maricopa,6000000287,6000002940
height,17028,31.505,MAC Field Scanner Field Plot 379 Season 2,FALSE,Maricopa,6000000288,6000002975
height,17028,30.844,MAC Field Scanner Field Plot 378 Season 2,FALSE,Maricopa,6000000288,6000002974
height,17028,32.166,MAC Field Scanner Field Plot 358 Season 2,FALSE,Maricopa,6000000297,6000002954
height,17028,31.505,MAC Field Scanner Field Plot 359 Season 2,FALSE,Maricopa,6000000297,6000002955
height,17028,31.505,MAC Field Scanner Field Plot 386 Season 2,FALSE,Maricopa,6000000308,6000002982
height,17028,32.166,MAC Field Scanner Field Plot 387 Season 2,FALSE,Maricopa,6000000308,6000002983
height,17028,31.505,MAC Field Scanner Field Plot 351 Season 2,FALSE,Maricopa,6000000309,6000002947
height,17028,30.844,MAC Field Scanner Field Plot 350 Season 2,FALSE,Maricopa,6000000309,6000002946
height,17028,31.505,MAC Field Scanner Field Plot 347 Season 2,FALSE,Maricopa,6000000311,6000002943
height,17028,30.844,MAC Field Scanner Field Plot 346 Season 2,FALSE,Maricopa,6000000311,6000002942
height,17028,31.505,MAC Field Scanner Field Plot 383 Season 2,FALSE,Maricopa,6000000312,6000002979
height,17028,32.166,MAC Field Scanner Field Plot 382 Season 2,FALSE,Maricopa,6000000312,6000002978
height,17028,31.505,MAC Field Scanner Field Plot 388 Season 2,FALSE,Maricopa,6000000378,6000002984
height,17028,30.844,MAC Field Scanner Field Plot 371 Season 2,FALSE,Maricopa,6000000412,6000002967
height,17028,31.505,MAC Field Scanner Field Plot 370 Season 2,FALSE,Maricopa,6000000412,6000002966
height,17028,30.844,MAC Field Scanner Field Plot 360 Season 2,FALSE,Maricopa,6000000405,6000002956
height,17028,32.166,MAC Field Scanner Field Plot 361 Season 2,FALSE,Maricopa,6000000405,6000002957
height,17028,31.505,MAC Field Scanner Field Plot 364 Season 2,FALSE,Maricopa,6000000407,6000002960
height,17028,30.844,MAC Field Scanner Field Plot 365 Season 2,FALSE,Maricopa,6000000407,6000002961
height,17028,31.505,MAC Field Scanner Field Plot 343 Season 2,FALSE,Maricopa,6000000409,6000002939
height,17028,31.505,MAC Field Scanner Field Plot 342 Season 2,FALSE,Maricopa,6000000409,6000002938
height,17028,31.505,MAC Field Scanner Field Plot 356 Season 2,FALSE,Maricopa,6000000271,6000002952
height,17028,31.505,MAC Field Scanner Field Plot 357 Season 2,FALSE,Maricopa,6000000271,6000002953
height,17028,31.505,MAC Field Scanner Field Plot 362 Season 2,FALSE,Maricopa,6000000272,6000002958
height,17028,32.166,MAC Field Scanner Field Plot 363 Season 2,FALSE,Maricopa,6000000272,6000002959
height,17028,31.505,MAC Field Scanner Field Plot 409 Season 2,FALSE,Maricopa,6000000283,6000003005
height,17028,32.166,MAC Field Scanner Field Plot 408 Season 2,FALSE,Maricopa,6000000283,6000003004
height,17028,34.81,MAC Field Scanner Field Plot 418 Season 2,FALSE,Maricopa,6000000298,6000003014
height,17028,33.488,MAC Field Scanner Field Plot 419 Season 2,FALSE,Maricopa,6000000298,6000003015
height,17028,31.505,MAC Field Scanner Field Plot 443 Season 2,FALSE,Maricopa,6000000302,6000003039
height,17028,32.166,MAC Field Scanner Field Plot 442 Season 2,FALSE,Maricopa,6000000302,6000003038
height,17028,31.505,MAC Field Scanner Field Plot 437 Season 2,FALSE,Maricopa,6000000309,6000003033
height,17028,31.505,MAC Field Scanner Field Plot 436 Season 2,FALSE,Maricopa,6000000309,6000003032
height,17028,30.844,MAC Field Scanner Field Plot 398 Season 2,FALSE,Maricopa,6000000310,6000002994
height,17028,31.505,MAC Field Scanner Field Plot 399 Season 2,FALSE,Maricopa,6000000310,6000002995
height,17028,32.166,MAC Field Scanner Field Plot 424 Season 2,FALSE,Maricopa,6000000314,6000003020
height,17028,32.166,MAC Field Scanner Field Plot 425 Season 2,FALSE,Maricopa,6000000314,6000003021
height,17028,30.844,MAC Field Scanner Field Plot 390 Season 2,FALSE,Maricopa,6000000318,6000002986
height,17028,31.505,MAC Field Scanner Field Plot 391 Season 2,FALSE,Maricopa,6000000318,6000002987
height,17028,32.166,MAC Field Scanner Field Plot 389 Season 2,FALSE,Maricopa,6000000378,6000002985
height,17028,31.505,MAC Field Scanner Field Plot 392 Season 2,FALSE,Maricopa,6000000388,6000002988
height,17028,32.166,MAC Field Scanner Field Plot 393 Season 2,FALSE,Maricopa,6000000388,6000002989
height,17028,32.166,MAC Field Scanner Field Plot 430 Season 2,FALSE,Maricopa,6000000391,6000003026
height,17028,32.166,MAC Field Scanner Field Plot 431 Season 2,FALSE,Maricopa,6000000391,6000003027
height,17028,32.166,MAC Field Scanner Field Plot 426 Season 2,FALSE,Maricopa,6000000392,6000003022
height,17028,32.166,MAC Field Scanner Field Plot 427 Season 2,FALSE,Maricopa,6000000392,6000003023
height,17028,30.844,MAC Field Scanner Field Plot 405 Season 2,FALSE,Maricopa,6000000250,6000003001
height,17028,30.844,MAC Field Scanner Field Plot 404 Season 2,FALSE,Maricopa,6000000250,6000003e3
height,17028,31.505,MAC Field Scanner Field Plot 441 Season 2,FALSE,Maricopa,6000000403,6000003037
height,17028,32.166,MAC Field Scanner Field Plot 440 Season 2,FALSE,Maricopa,6000000403,6000003036
height,17028,31.505,MAC Field Scanner Field Plot 415 Season 2,FALSE,Maricopa,6000000251,6000003011
height,17028,32.166,MAC Field Scanner Field Plot 414 Season 2,FALSE,Maricopa,6000000251,6000003010
height,17028,31.505,MAC Field Scanner Field Plot 479 Season 2,FALSE,Maricopa,6000000280,6000003075
height,17028,30.844,MAC Field Scanner Field Plot 478 Season 2,FALSE,Maricopa,6000000280,6000003074
height,17028,31.505,MAC Field Scanner Field Plot 454 Season 2,FALSE,Maricopa,6000000288,6000003050
height,17028,32.166,MAC Field Scanner Field Plot 455 Season 2,FALSE,Maricopa,6000000288,6000003051
height,17028,31.505,MAC Field Scanner Field Plot 467 Season 2,FALSE,Maricopa,6000000304,6000003063
height,17028,31.505,MAC Field Scanner Field Plot 466 Season 2,FALSE,Maricopa,6000000304,6000003062
height,17028,30.844,MAC Field Scanner Field Plot 469 Season 2,FALSE,Maricopa,6000000306,6000003065
height,17028,31.505,MAC Field Scanner Field Plot 468 Season 2,FALSE,Maricopa,6000000306,6000003064
height,17028,30.844,MAC Field Scanner Field Plot 488 Season 2,FALSE,Maricopa,6000000307,6000003084
height,17028,32.166,MAC Field Scanner Field Plot 489 Season 2,FALSE,Maricopa,6000000307,6000003085
height,17028,32.166,MAC Field Scanner Field Plot 458 Season 2,FALSE,Maricopa,6000000389,6000003054
height,17028,31.505,MAC Field Scanner Field Plot 459 Season 2,FALSE,Maricopa,6000000389,6000003055
height,17028,30.844,MAC Field Scanner Field Plot 486 Season 2,FALSE,Maricopa,6000000391,6000003082
height,17028,31.505,MAC Field Scanner Field Plot 487 Season 2,FALSE,Maricopa,6000000391,6000003083
height,17028,31.505,MAC Field Scanner Field Plot 492 Season 2,FALSE,Maricopa,6000000393,6000003088
height,17028,31.505,MAC Field Scanner Field Plot 493 Season 2,FALSE,Maricopa,6000000393,6000003089
height,17028,30.844,MAC Field Scanner Field Plot 494 Season 2,FALSE,Maricopa,6000000412,6000003090
height,17028,32.166,MAC Field Scanner Field Plot 495 Season 2,FALSE,Maricopa,6000000412,6000003091
height,17028,31.505,MAC Field Scanner Field Plot 499 Season 2,FALSE,Maricopa,6000000253,6000003095
height,17028,32.166,MAC Field Scanner Field Plot 498 Season 2,FALSE,Maricopa,6000000253,6000003094
height,17028,31.505,MAC Field Scanner Field Plot 482 Season 2,FALSE,Maricopa,6000000407,6000003078
height,17028,31.505,MAC Field Scanner Field Plot 483 Season 2,FALSE,Maricopa,6000000407,6000003079
height,17028,31.505,MAC Field Scanner Field Plot 462 Season 2,FALSE,Maricopa,6000000266,6000003058
height,17028,32.166,MAC Field Scanner Field Plot 463 Season 2,FALSE,Maricopa,6000000266,6000003059
height,17028,32.166,MAC Field Scanner Field Plot 447 Season 2,FALSE,Maricopa,6000000276,6000003043
height,17028,31.505,MAC Field Scanner Field Plot 446 Season 2,FALSE,Maricopa,6000000276,6000003042
height,17028,30.844,MAC Field Scanner Field Plot 518 Season 2,FALSE,Maricopa,6000000279,6000003114
height,17028,33.488,MAC Field Scanner Field Plot 519 Season 2,FALSE,Maricopa,6000000279,6000003115
height,17028,31.505,MAC Field Scanner Field Plot 507 Season 2,FALSE,Maricopa,6000000281,6000003103
height,17028,32.166,MAC Field Scanner Field Plot 506 Season 2,FALSE,Maricopa,6000000281,6000003102
height,17028,30.844,MAC Field Scanner Field Plot 548 Season 2,FALSE,Maricopa,6000000292,6000003144
height,17028,31.505,MAC Field Scanner Field Plot 549 Season 2,FALSE,Maricopa,6000000292,6000003145
height,17028,30.844,MAC Field Scanner Field Plot 505 Season 2,FALSE,Maricopa,6000000297,6000003101
height,17028,32.166,MAC Field Scanner Field Plot 504 Season 2,FALSE,Maricopa,6000000297,6000003100
height,17028,30.844,MAC Field Scanner Field Plot 520 Season 2,FALSE,Maricopa,6000000301,6000003116
height,17028,32.166,MAC Field Scanner Field Plot 521 Season 2,FALSE,Maricopa,6000000301,6000003117
height,17028,30.844,MAC Field Scanner Field Plot 550 Season 2,FALSE,Maricopa,6000000303,6000003146
height,17028,30.844,MAC Field Scanner Field Plot 551 Season 2,FALSE,Maricopa,6000000303,6000003147
height,17028,31.505,MAC Field Scanner Field Plot 516 Season 2,FALSE,Maricopa,6000000315,6000003112
height,17028,31.505,MAC Field Scanner Field Plot 517 Season 2,FALSE,Maricopa,6000000315,6000003113
height,17028,32.166,MAC Field Scanner Field Plot 539 Season 2,FALSE,Maricopa,6000000320,6000003135
height,17028,31.505,MAC Field Scanner Field Plot 538 Season 2,FALSE,Maricopa,6000000320,6000003134
height,17028,31.505,MAC Field Scanner Field Plot 503 Season 2,FALSE,Maricopa,6000000386,6000003099
height,17028,32.166,MAC Field Scanner Field Plot 502 Season 2,FALSE,Maricopa,6000000386,6000003098
height,17028,30.844,MAC Field Scanner Field Plot 543 Season 2,FALSE,Maricopa,6000000392,6000003139
height,17028,31.505,MAC Field Scanner Field Plot 542 Season 2,FALSE,Maricopa,6000000392,6000003138
height,17028,31.505,MAC Field Scanner Field Plot 509 Season 2,FALSE,Maricopa,6000000395,6000003105
height,17028,31.505,MAC Field Scanner Field Plot 508 Season 2,FALSE,Maricopa,6000000395,6000003104
height,17028,31.505,MAC Field Scanner Field Plot 554 Season 2,FALSE,Maricopa,6000000255,6000003150
height,17028,32.166,MAC Field Scanner Field Plot 533 Season 2,FALSE,Maricopa,6000000410,6000003129
height,17028,31.505,MAC Field Scanner Field Plot 532 Season 2,FALSE,Maricopa,6000000410,6000003128
height,17028,30.844,MAC Field Scanner Field Plot 514 Season 2,FALSE,Maricopa,6000000267,6000003110
height,17028,32.166,MAC Field Scanner Field Plot 515 Season 2,FALSE,Maricopa,6000000267,6000003111
height,17028,30.844,MAC Field Scanner Field Plot 526 Season 2,FALSE,Maricopa,6000000268,6000003122
height,17028,32.166,MAC Field Scanner Field Plot 527 Season 2,FALSE,Maricopa,6000000268,6000003123
height,17028,31.505,MAC Field Scanner Field Plot 589 Season 2,FALSE,Maricopa,6000000277,6000003185
height,17028,30.844,MAC Field Scanner Field Plot 601 Season 2,FALSE,Maricopa,6000000283,6000003197
height,17028,31.505,MAC Field Scanner Field Plot 600 Season 2,FALSE,Maricopa,6000000283,6000003196
height,17028,30.844,MAC Field Scanner Field Plot 575 Season 2,FALSE,Maricopa,6000000287,6000003171
height,17028,31.505,MAC Field Scanner Field Plot 574 Season 2,FALSE,Maricopa,6000000287,6000003170
height,17028,30.844,MAC Field Scanner Field Plot 571 Season 2,FALSE,Maricopa,6000000241,6000003167
height,17028,31.505,MAC Field Scanner Field Plot 570 Season 2,FALSE,Maricopa,6000000241,6000003166
height,17028,31.505,MAC Field Scanner Field Plot 605 Season 2,FALSE,Maricopa,6000000316,6000003201
height,17028,32.166,MAC Field Scanner Field Plot 604 Season 2,FALSE,Maricopa,6000000316,6000003200
height,17028,30.844,MAC Field Scanner Field Plot 584 Season 2,FALSE,Maricopa,6000000318,6000003180
height,17028,32.166,MAC Field Scanner Field Plot 585 Season 2,FALSE,Maricopa,6000000318,6000003181
height,17028,31.505,MAC Field Scanner Field Plot 595 Season 2,FALSE,Maricopa,6000000331,6000003191
height,17028,31.505,MAC Field Scanner Field Plot 594 Season 2,FALSE,Maricopa,6000000331,6000003190
height,17028,31.505,MAC Field Scanner Field Plot 562 Season 2,FALSE,Maricopa,6000000376,6000003158
height,17028,31.505,MAC Field Scanner Field Plot 607 Season 2,FALSE,Maricopa,6000000377,6000003203
height,17028,31.505,MAC Field Scanner Field Plot 606 Season 2,FALSE,Maricopa,6000000377,6000003202
height,17028,30.844,MAC Field Scanner Field Plot 556 Season 2,FALSE,Maricopa,6000000379,6000003152
height,17028,30.844,MAC Field Scanner Field Plot 557 Season 2,FALSE,Maricopa,6000000379,6000003153
height,17028,30.844,MAC Field Scanner Field Plot 558 Season 2,FALSE,Maricopa,6000000248,6000003154
height,17028,31.505,MAC Field Scanner Field Plot 559 Season 2,FALSE,Maricopa,6000000248,6000003155
height,17028,30.844,MAC Field Scanner Field Plot 597 Season 2,FALSE,Maricopa,6000000396,6000003193
height,17028,31.505,MAC Field Scanner Field Plot 596 Season 2,FALSE,Maricopa,6000000396,6000003192
height,17028,31.505,MAC Field Scanner Field Plot 555 Season 2,FALSE,Maricopa,6000000255,6000003151
height,17028,31.505,MAC Field Scanner Field Plot 578 Season 2,FALSE,Maricopa,6000000271,6000003174
height,17028,30.844,MAC Field Scanner Field Plot 579 Season 2,FALSE,Maricopa,6000000271,6000003175
height,17028,31.505,MAC Field Scanner Field Plot 565 Season 2,FALSE,Maricopa,6000000275,6000003161
height,17028,30.844,MAC Field Scanner Field Plot 564 Season 2,FALSE,Maricopa,6000000275,6000003160
height,17028,31.505,MAC Field Scanner Field Plot 588 Season 2,FALSE,Maricopa,6000000277,6000003184
height,17028,31.505,MAC Field Scanner Field Plot 654 Season 2,FALSE,Maricopa,6000000282,6000003250
height,17028,32.166,MAC Field Scanner Field Plot 655 Season 2,FALSE,Maricopa,6000000282,6000003251
height,17028,30.844,MAC Field Scanner Field Plot 642 Season 2,FALSE,Maricopa,6000000285,6000003238
height,17028,31.505,MAC Field Scanner Field Plot 643 Season 2,FALSE,Maricopa,6000000285,6000003239
height,17028,31.505,MAC Field Scanner Field Plot 614 Season 2,FALSE,Maricopa,6000000289,6000003210
height,17028,31.505,MAC Field Scanner Field Plot 615 Season 2,FALSE,Maricopa,6000000289,6000003211
height,17028,30.844,MAC Field Scanner Field Plot 637 Season 2,FALSE,Maricopa,6000000291,6000003233
height,17028,31.505,MAC Field Scanner Field Plot 636 Season 2,FALSE,Maricopa,6000000291,6000003232
height,17028,31.505,MAC Field Scanner Field Plot 627 Season 2,FALSE,Maricopa,6000000300,6000003223
height,17028,32.166,MAC Field Scanner Field Plot 626 Season 2,FALSE,Maricopa,6000000300,6000003222
height,17028,31.505,MAC Field Scanner Field Plot 629 Season 2,FALSE,Maricopa,6000000319,6000003225
height,17028,31.505,MAC Field Scanner Field Plot 628 Season 2,FALSE,Maricopa,6000000319,6000003224
height,17028,31.505,MAC Field Scanner Field Plot 665 Season 2,FALSE,Maricopa,6000000378,6000003261
height,17028,32.166,MAC Field Scanner Field Plot 664 Season 2,FALSE,Maricopa,6000000378,6000003260
height,17028,30.844,MAC Field Scanner Field Plot 666 Season 2,FALSE,Maricopa,6000000380,6000003262
height,17028,31.505,MAC Field Scanner Field Plot 631 Season 2,FALSE,Maricopa,6000000381,6000003227
height,17028,31.505,MAC Field Scanner Field Plot 630 Season 2,FALSE,Maricopa,6000000381,6000003226
height,17028,31.505,MAC Field Scanner Field Plot 633 Season 2,FALSE,Maricopa,6000000388,6000003229
height,17028,31.505,MAC Field Scanner Field Plot 632 Season 2,FALSE,Maricopa,6000000388,6000003228
height,17028,31.505,MAC Field Scanner Field Plot 644 Season 2,FALSE,Maricopa,6000000390,6000003240
height,17028,31.505,MAC Field Scanner Field Plot 645 Season 2,FALSE,Maricopa,6000000390,6000003241
height,17028,31.505,MAC Field Scanner Field Plot 620 Season 2,FALSE,Maricopa,6000000400,6000003216
height,17028,31.505,MAC Field Scanner Field Plot 621 Season 2,FALSE,Maricopa,6000000400,6000003217
height,17028,31.505,MAC Field Scanner Field Plot 659 Season 2,FALSE,Maricopa,6000000250,6000003255
height,17028,31.505,MAC Field Scanner Field Plot 702 Season 2,FALSE,Maricopa,6000000278,6000003298
height,17028,30.844,MAC Field Scanner Field Plot 712 Season 2,FALSE,Maricopa,6000000293,6000003308
height,17028,32.166,MAC Field Scanner Field Plot 713 Season 2,FALSE,Maricopa,6000000293,6000003309
height,17028,31.505,MAC Field Scanner Field Plot 710 Season 2,FALSE,Maricopa,6000000298,6000003306
height,17028,30.844,MAC Field Scanner Field Plot 711 Season 2,FALSE,Maricopa,6000000298,6000003307
height,17028,31.505,MAC Field Scanner Field Plot 725 Season 2,FALSE,Maricopa,6000000299,6000003321
height,17028,30.844,MAC Field Scanner Field Plot 724 Season 2,FALSE,Maricopa,6000000299,6000003320
height,17028,31.505,MAC Field Scanner Field Plot 718 Season 2,FALSE,Maricopa,6000000312,6000003314
height,17028,32.827,MAC Field Scanner Field Plot 719 Season 2,FALSE,Maricopa,6000000312,6000003315
height,17028,31.505,MAC Field Scanner Field Plot 695 Season 2,FALSE,Maricopa,6000000314,6000003291
height,17028,32.166,MAC Field Scanner Field Plot 694 Season 2,FALSE,Maricopa,6000000314,6000003290
height,17028,31.505,MAC Field Scanner Field Plot 703 Season 2,FALSE,Maricopa,6000000278,6000003299
height,17028,30.844,MAC Field Scanner Field Plot 667 Season 2,FALSE,Maricopa,6000000380,6000003263
height,17028,32.166,MAC Field Scanner Field Plot 693 Season 2,FALSE,Maricopa,6000000382,6000003289
height,17028,30.844,MAC Field Scanner Field Plot 692 Season 2,FALSE,Maricopa,6000000382,6000003288
height,17028,31.505,MAC Field Scanner Field Plot 714 Season 2,FALSE,Maricopa,6000000385,6000003310
height,17028,31.505,MAC Field Scanner Field Plot 715 Season 2,FALSE,Maricopa,6000000385,6000003311
height,17028,31.505,MAC Field Scanner Field Plot 701 Season 2,FALSE,Maricopa,6000000387,6000003297
height,17028,31.505,MAC Field Scanner Field Plot 700 Season 2,FALSE,Maricopa,6000000387,6000003296
height,17028,31.505,MAC Field Scanner Field Plot 735 Season 2,FALSE,Maricopa,6000000249,6000003331
height,17028,31.505,MAC Field Scanner Field Plot 734 Season 2,FALSE,Maricopa,6000000249,6000003330
height,17028,31.505,MAC Field Scanner Field Plot 729 Season 2,FALSE,Maricopa,6000000399,6000003325
height,17028,32.166,MAC Field Scanner Field Plot 728 Season 2,FALSE,Maricopa,6000000399,6000003324
height,17028,31.505,MAC Field Scanner Field Plot 727 Season 2,FALSE,Maricopa,6000000251,6000003323
height,17028,31.505,MAC Field Scanner Field Plot 726 Season 2,FALSE,Maricopa,6000000251,6000003322
height,17028,30.844,MAC Field Scanner Field Plot 765 Season 2,FALSE,Maricopa,6000000290,6000003361
height,17028,31.505,MAC Field Scanner Field Plot 764 Season 2,FALSE,Maricopa,6000000290,6000003360
height,17028,31.505,MAC Field Scanner Field Plot 742 Season 2,FALSE,Maricopa,6000000295,6000003338
height,17028,31.505,MAC Field Scanner Field Plot 743 Season 2,FALSE,Maricopa,6000000295,6000003339
height,17028,30.844,MAC Field Scanner Field Plot 787 Season 2,FALSE,Maricopa,6000000317,6000003383
height,17028,32.166,MAC Field Scanner Field Plot 786 Season 2,FALSE,Maricopa,6000000317,6000003382
height,17028,31.505,MAC Field Scanner Field Plot 791 Season 2,FALSE,Maricopa,6000000383,6000003387
height,17028,30.844,MAC Field Scanner Field Plot 790 Season 2,FALSE,Maricopa,6000000383,6000003386
height,17028,31.505,MAC Field Scanner Field Plot 740 Season 2,FALSE,Maricopa,6000000394,6000003336
height,17028,31.505,MAC Field Scanner Field Plot 741 Season 2,FALSE,Maricopa,6000000394,6000003337
height,17028,31.505,MAC Field Scanner Field Plot 759 Season 2,FALSE,Maricopa,6000000398,6000003355
height,17028,31.505,MAC Field Scanner Field Plot 758 Season 2,FALSE,Maricopa,6000000398,6000003354
height,17028,31.505,MAC Field Scanner Field Plot 757 Season 2,FALSE,Maricopa,6000000402,6000003353
height,17028,31.505,MAC Field Scanner Field Plot 756 Season 2,FALSE,Maricopa,6000000402,6000003352
height,17028,31.505,MAC Field Scanner Field Plot 755 Season 2,FALSE,Maricopa,6000000254,6000003351
height,17028,32.166,MAC Field Scanner Field Plot 754 Season 2,FALSE,Maricopa,6000000254,6000003350
height,17028,31.505,MAC Field Scanner Field Plot 770 Season 2,FALSE,Maricopa,6000000260,6000003366
height,17028,31.505,MAC Field Scanner Field Plot 771 Season 2,FALSE,Maricopa,6000000260,6000003367
height,17028,32.166,MAC Field Scanner Field Plot 748 Season 2,FALSE,Maricopa,6000000261,6000003344
height,17028,30.844,MAC Field Scanner Field Plot 749 Season 2,FALSE,Maricopa,6000000261,6000003345
height,17028,31.505,MAC Field Scanner Field Plot 761 Season 2,FALSE,Maricopa,6000000406,6000003357
height,17028,31.505,MAC Field Scanner Field Plot 760 Season 2,FALSE,Maricopa,6000000406,6000003356
height,17028,31.505,MAC Field Scanner Field Plot 767 Season 2,FALSE,Maricopa,6000000273,6000003363
height,17028,31.505,MAC Field Scanner Field Plot 766 Season 2,FALSE,Maricopa,6000000273,6000003362
height,17028,32.166,MAC Field Scanner Field Plot 827 Season 2,FALSE,Maricopa,6000000284,6000003423
height,17028,32.166,MAC Field Scanner Field Plot 826 Season 2,FALSE,Maricopa,6000000284,6000003422
height,17028,32.166,MAC Field Scanner Field Plot 795 Season 2,FALSE,Maricopa,6000000286,6000003391
height,17028,31.505,MAC Field Scanner Field Plot 794 Season 2,FALSE,Maricopa,6000000286,6000003390
height,17028,33.488,MAC Field Scanner Field Plot 802 Season 2,FALSE,Maricopa,6000000294,6000003398
height,17028,31.505,MAC Field Scanner Field Plot 803 Season 2,FALSE,Maricopa,6000000294,6000003399
height,17028,31.505,MAC Field Scanner Field Plot 812 Season 2,FALSE,Maricopa,6000000296,6000003408
height,17028,31.505,MAC Field Scanner Field Plot 813 Season 2,FALSE,Maricopa,6000000296,6000003409
height,17028,31.505,MAC Field Scanner Field Plot 829 Season 2,FALSE,Maricopa,6000000310,6000003425
height,17028,31.505,MAC Field Scanner Field Plot 828 Season 2,FALSE,Maricopa,6000000310,6000003424
height,17028,32.166,MAC Field Scanner Field Plot 810 Season 2,FALSE,Maricopa,6000000325,6000003406
height,17028,31.505,MAC Field Scanner Field Plot 811 Season 2,FALSE,Maricopa,6000000325,6000003407
height,17028,31.505,MAC Field Scanner Field Plot 814 Season 2,FALSE,Maricopa,6000000330,6000003410
height,17028,32.166,MAC Field Scanner Field Plot 815 Season 2,FALSE,Maricopa,6000000330,6000003411
height,17028,32.827,MAC Field Scanner Field Plot 825 Season 2,FALSE,Maricopa,6000000354,6000003421
height,17028,31.505,MAC Field Scanner Field Plot 824 Season 2,FALSE,Maricopa,6000000354,6000003420
height,17028,32.166,MAC Field Scanner Field Plot 823 Season 2,FALSE,Maricopa,6000000365,6000003419
height,17028,33.488,MAC Field Scanner Field Plot 822 Season 2,FALSE,Maricopa,6000000365,6000003418
height,17028,32.166,MAC Field Scanner Field Plot 799 Season 2,FALSE,Maricopa,6000000384,6000003395
height,17028,31.505,MAC Field Scanner Field Plot 798 Season 2,FALSE,Maricopa,6000000384,6000003394
height,17028,31.505,MAC Field Scanner Field Plot 804 Season 2,FALSE,Maricopa,6000000397,6000003400
height,17028,32.166,MAC Field Scanner Field Plot 805 Season 2,FALSE,Maricopa,6000000397,6000003401
height,17028,31.505,MAC Field Scanner Field Plot 797 Season 2,FALSE,Maricopa,6000000401,6000003393
height,17028,31.505,MAC Field Scanner Field Plot 796 Season 2,FALSE,Maricopa,6000000401,6000003392
height,17028,32.166,MAC Field Scanner Field Plot 831 Season 2,FALSE,Maricopa,6000000259,6000003427
height,17028,31.505,MAC Field Scanner Field Plot 830 Season 2,FALSE,Maricopa,6000000259,6000003426
height,17028,31.505,MAC Field Scanner Field Plot 806 Season 2,FALSE,Maricopa,6000000405,6000003402
height,17029,30.844,MAC Field Scanner Field Plot 44 Season 2,FALSE,Maricopa,6000000293,6000002640
height,17029,31.505,MAC Field Scanner Field Plot 45 Season 2,FALSE,Maricopa,6000000293,6000002641
height,17029,32.166,MAC Field Scanner Field Plot 55 Season 2,FALSE,Maricopa,6000000294,6000002651
height,17029,30.844,MAC Field Scanner Field Plot 54 Season 2,FALSE,Maricopa,6000000294,6000002650
height,17029,31.505,MAC Field Scanner Field Plot 70 Season 2,FALSE,Maricopa,6000000296,6000002666
height,17029,31.505,MAC Field Scanner Field Plot 63 Season 2,FALSE,Maricopa,6000000241,6000002659
height,17029,30.844,MAC Field Scanner Field Plot 62 Season 2,FALSE,Maricopa,6000000241,6000002658
height,17029,30.844,MAC Field Scanner Field Plot 35 Season 2,FALSE,Maricopa,6000000278,6000002631
height,17029,30.844,MAC Field Scanner Field Plot 29 Season 2,FALSE,Maricopa,6000000415,6000002625
height,17029,30.844,MAC Field Scanner Field Plot 28 Season 2,FALSE,Maricopa,6000000415,6000002624
height,17029,30.844,MAC Field Scanner Field Plot 57 Season 2,FALSE,Maricopa,6000000333,6000002653
height,17029,31.505,MAC Field Scanner Field Plot 56 Season 2,FALSE,Maricopa,6000000333,6000002652
height,17029,30.844,MAC Field Scanner Field Plot 51 Season 2,FALSE,Maricopa,6000000334,6000002647
height,17029,31.505,MAC Field Scanner Field Plot 50 Season 2,FALSE,Maricopa,6000000334,6000002646
height,17029,31.505,MAC Field Scanner Field Plot 59 Season 2,FALSE,Maricopa,6000000349,6000002655
height,17029,31.505,MAC Field Scanner Field Plot 58 Season 2,FALSE,Maricopa,6000000349,6000002654
height,17029,31.505,MAC Field Scanner Field Plot 40 Season 2,FALSE,Maricopa,6000000356,6000002636
height,17029,32.166,MAC Field Scanner Field Plot 41 Season 2,FALSE,Maricopa,6000000356,6000002637
height,17029,32.166,MAC Field Scanner Field Plot 42 Season 2,FALSE,Maricopa,6000000384,6000002638
height,17029,31.505,MAC Field Scanner Field Plot 43 Season 2,FALSE,Maricopa,6000000384,6000002639
height,17029,32.166,MAC Field Scanner Field Plot 53 Season 2,FALSE,Maricopa,6000000401,6000002649
height,17029,31.505,MAC Field Scanner Field Plot 52 Season 2,FALSE,Maricopa,6000000401,6000002648
height,17029,32.166,MAC Field Scanner Field Plot 66 Season 2,FALSE,Maricopa,6000000255,6000002662
height,17029,31.505,MAC Field Scanner Field Plot 67 Season 2,FALSE,Maricopa,6000000255,6000002663
height,17029,31.505,MAC Field Scanner Field Plot 46 Season 2,FALSE,Maricopa,6000000258,6000002642
height,17029,31.505,MAC Field Scanner Field Plot 47 Season 2,FALSE,Maricopa,6000000258,6000002643
height,17029,30.844,MAC Field Scanner Field Plot 61 Season 2,FALSE,Maricopa,6000000274,6000002657
height,17029,31.505,MAC Field Scanner Field Plot 60 Season 2,FALSE,Maricopa,6000000274,6000002656
height,17029,31.505,MAC Field Scanner Field Plot 78 Season 2,FALSE,Maricopa,6000000282,6000002674
height,17029,32.166,MAC Field Scanner Field Plot 79 Season 2,FALSE,Maricopa,6000000282,6000002675
height,17029,31.505,MAC Field Scanner Field Plot 121 Season 2,FALSE,Maricopa,6000000289,6000002717
height,17029,32.166,MAC Field Scanner Field Plot 120 Season 2,FALSE,Maricopa,6000000289,6000002716
height,17029,31.505,MAC Field Scanner Field Plot 72 Season 2,FALSE,Maricopa,6000000291,6000002668
height,17029,30.844,MAC Field Scanner Field Plot 73 Season 2,FALSE,Maricopa,6000000291,6000002669
height,17029,30.844,MAC Field Scanner Field Plot 98 Season 2,FALSE,Maricopa,6000000295,6000002694
height,17029,31.505,MAC Field Scanner Field Plot 99 Season 2,FALSE,Maricopa,6000000295,6000002695
height,17029,32.166,MAC Field Scanner Field Plot 71 Season 2,FALSE,Maricopa,6000000296,6000002667
height,17029,32.827,MAC Field Scanner Field Plot 87 Season 2,FALSE,Maricopa,6000000313,6000002683
height,17029,32.166,MAC Field Scanner Field Plot 86 Season 2,FALSE,Maricopa,6000000313,6000002682
height,17029,31.505,MAC Field Scanner Field Plot 108 Season 2,FALSE,Maricopa,6000000315,6000002704
height,17029,31.505,MAC Field Scanner Field Plot 109 Season 2,FALSE,Maricopa,6000000315,6000002705
height,17029,32.166,MAC Field Scanner Field Plot 119 Season 2,FALSE,Maricopa,6000000319,6000002715
height,17029,31.505,MAC Field Scanner Field Plot 118 Season 2,FALSE,Maricopa,6000000319,6000002714
height,17029,31.505,MAC Field Scanner Field Plot 123 Season 2,FALSE,Maricopa,6000000389,6000002719
height,17029,32.166,MAC Field Scanner Field Plot 122 Season 2,FALSE,Maricopa,6000000389,6000002718
height,17029,31.505,MAC Field Scanner Field Plot 126 Season 2,FALSE,Maricopa,6000000393,6000002722
height,17029,32.166,MAC Field Scanner Field Plot 106 Season 2,FALSE,Maricopa,6000000397,6000002702
height,17029,32.166,MAC Field Scanner Field Plot 107 Season 2,FALSE,Maricopa,6000000397,6000002703
height,17029,30.844,MAC Field Scanner Field Plot 83 Season 2,FALSE,Maricopa,6000000400,6000002679
height,17029,32.166,MAC Field Scanner Field Plot 82 Season 2,FALSE,Maricopa,6000000400,6000002678
height,17029,32.166,MAC Field Scanner Field Plot 74 Season 2,FALSE,Maricopa,6000000256,6000002670
height,17029,31.505,MAC Field Scanner Field Plot 75 Season 2,FALSE,Maricopa,6000000256,6000002671
height,17029,31.505,MAC Field Scanner Field Plot 76 Season 2,FALSE,Maricopa,6000000260,6000002672
height,17029,31.505,MAC Field Scanner Field Plot 77 Season 2,FALSE,Maricopa,6000000260,6000002673
height,17029,31.505,MAC Field Scanner Field Plot 102 Season 2,FALSE,Maricopa,6000000406,6000002698
height,17029,32.166,MAC Field Scanner Field Plot 103 Season 2,FALSE,Maricopa,6000000406,6000002699
height,17029,32.827,MAC Field Scanner Field Plot 100 Season 2,FALSE,Maricopa,6000000265,6000002696
height,17029,33.488,MAC Field Scanner Field Plot 101 Season 2,FALSE,Maricopa,6000000265,6000002697
height,17029,31.505,MAC Field Scanner Field Plot 172 Season 2,FALSE,Maricopa,6000000285,6000002768
height,17029,30.844,MAC Field Scanner Field Plot 173 Season 2,FALSE,Maricopa,6000000285,6000002769
height,17029,30.844,MAC Field Scanner Field Plot 166 Season 2,FALSE,Maricopa,6000000286,6000002762
height,17029,31.505,MAC Field Scanner Field Plot 167 Season 2,FALSE,Maricopa,6000000286,6000002763
height,17029,31.505,MAC Field Scanner Field Plot 164 Season 2,FALSE,Maricopa,6000000302,6000002760
height,17029,31.505,MAC Field Scanner Field Plot 165 Season 2,FALSE,Maricopa,6000000302,6000002761
height,17029,31.505,MAC Field Scanner Field Plot 140 Season 2,FALSE,Maricopa,6000000377,6000002736
height,17029,31.505,MAC Field Scanner Field Plot 141 Season 2,FALSE,Maricopa,6000000377,6000002737
height,17029,30.844,MAC Field Scanner Field Plot 181 Season 2,FALSE,Maricopa,6000000385,6000002777
height,17029,31.505,MAC Field Scanner Field Plot 180 Season 2,FALSE,Maricopa,6000000385,6000002776
height,17029,31.505,MAC Field Scanner Field Plot 127 Season 2,FALSE,Maricopa,6000000393,6000002723
height,17029,31.505,MAC Field Scanner Field Plot 149 Season 2,FALSE,Maricopa,6000000396,6000002745
height,17029,30.844,MAC Field Scanner Field Plot 148 Season 2,FALSE,Maricopa,6000000396,6000002744
height,17029,31.505,MAC Field Scanner Field Plot 162 Season 2,FALSE,Maricopa,6000000402,6000002758
height,17029,32.166,MAC Field Scanner Field Plot 163 Season 2,FALSE,Maricopa,6000000402,6000002759
height,17029,31.505,MAC Field Scanner Field Plot 151 Season 2,FALSE,Maricopa,6000000403,6000002747
height,17029,31.505,MAC Field Scanner Field Plot 150 Season 2,FALSE,Maricopa,6000000403,6000002746
height,17029,31.505,MAC Field Scanner Field Plot 142 Season 2,FALSE,Maricopa,6000000252,6000002738
height,17029,31.505,MAC Field Scanner Field Plot 143 Season 2,FALSE,Maricopa,6000000252,6000002739
height,17029,32.166,MAC Field Scanner Field Plot 132 Season 2,FALSE,Maricopa,6000000261,6000002728
height,17029,32.166,MAC Field Scanner Field Plot 133 Season 2,FALSE,Maricopa,6000000261,6000002729
height,17029,31.505,MAC Field Scanner Field Plot 170 Season 2,FALSE,Maricopa,6000000262,6000002766
height,17029,31.505,MAC Field Scanner Field Plot 232 Season 2,FALSE,Maricopa,6000000281,6000002828
height,17029,32.166,MAC Field Scanner Field Plot 233 Season 2,FALSE,Maricopa,6000000281,6000002829
height,17029,32.166,MAC Field Scanner Field Plot 198 Season 2,FALSE,Maricopa,6000000292,6000002794
height,17029,31.505,MAC Field Scanner Field Plot 199 Season 2,FALSE,Maricopa,6000000292,6000002795
height,17029,31.505,MAC Field Scanner Field Plot 189 Season 2,FALSE,Maricopa,6000000299,6000002785
height,17029,32.166,MAC Field Scanner Field Plot 188 Season 2,FALSE,Maricopa,6000000299,6000002784
height,17029,32.166,MAC Field Scanner Field Plot 221 Season 2,FALSE,Maricopa,6000000303,6000002817
height,17029,32.166,MAC Field Scanner Field Plot 220 Season 2,FALSE,Maricopa,6000000303,6000002816
height,17029,30.844,MAC Field Scanner Field Plot 187 Season 2,FALSE,Maricopa,6000000304,6000002783
height,17029,30.844,MAC Field Scanner Field Plot 186 Season 2,FALSE,Maricopa,6000000304,6000002782
height,17029,31.505,MAC Field Scanner Field Plot 183 Season 2,FALSE,Maricopa,6000000327,6000002779
height,17029,32.166,MAC Field Scanner Field Plot 196 Season 2,FALSE,Maricopa,6000000244,6000002792
height,17029,32.166,MAC Field Scanner Field Plot 228 Season 2,FALSE,Maricopa,6000000379,6000002824
height,17029,31.505,MAC Field Scanner Field Plot 229 Season 2,FALSE,Maricopa,6000000379,6000002825
height,17029,32.166,MAC Field Scanner Field Plot 230 Season 2,FALSE,Maricopa,6000000382,6000002826
height,17029,32.166,MAC Field Scanner Field Plot 231 Season 2,FALSE,Maricopa,6000000382,6000002827
height,17029,31.505,MAC Field Scanner Field Plot 217 Season 2,FALSE,Maricopa,6000000386,6000002813
height,17029,31.505,MAC Field Scanner Field Plot 216 Season 2,FALSE,Maricopa,6000000386,6000002812
height,17029,32.166,MAC Field Scanner Field Plot 202 Season 2,FALSE,Maricopa,6000000387,6000002798
height,17029,33.488,MAC Field Scanner Field Plot 203 Season 2,FALSE,Maricopa,6000000387,6000002799
height,17029,32.166,MAC Field Scanner Field Plot 213 Season 2,FALSE,Maricopa,6000000249,6000002809
height,17029,30.844,MAC Field Scanner Field Plot 212 Season 2,FALSE,Maricopa,6000000249,6000002808
height,17029,32.166,MAC Field Scanner Field Plot 215 Season 2,FALSE,Maricopa,6000000257,6000002811
height,17029,33.488,MAC Field Scanner Field Plot 214 Season 2,FALSE,Maricopa,6000000257,6000002810
height,17029,30.844,MAC Field Scanner Field Plot 211 Season 2,FALSE,Maricopa,6000000259,6000002807
height,17029,31.505,MAC Field Scanner Field Plot 210 Season 2,FALSE,Maricopa,6000000259,6000002806
height,17029,30.844,MAC Field Scanner Field Plot 185 Season 2,FALSE,Maricopa,6000000263,6000002781
height,17029,31.505,MAC Field Scanner Field Plot 268 Season 2,FALSE,Maricopa,6000000280,6000002864
height,17029,31.505,MAC Field Scanner Field Plot 269 Season 2,FALSE,Maricopa,6000000280,6000002865
height,17029,31.505,MAC Field Scanner Field Plot 262 Season 2,FALSE,Maricopa,6000000290,6000002858
height,17029,32.166,MAC Field Scanner Field Plot 263 Season 2,FALSE,Maricopa,6000000290,6000002859
height,17029,31.505,MAC Field Scanner Field Plot 249 Season 2,FALSE,Maricopa,6000000300,6000002845
height,17029,32.827,MAC Field Scanner Field Plot 248 Season 2,FALSE,Maricopa,6000000300,6000002844
height,17029,31.505,MAC Field Scanner Field Plot 264 Season 2,FALSE,Maricopa,6000000305,6000002860
height,17029,32.827,MAC Field Scanner Field Plot 265 Season 2,FALSE,Maricopa,6000000305,6000002861
height,17029,32.166,MAC Field Scanner Field Plot 266 Season 2,FALSE,Maricopa,6000000307,6000002862
height,17029,31.505,MAC Field Scanner Field Plot 267 Season 2,FALSE,Maricopa,6000000307,6000002863
height,17029,31.505,MAC Field Scanner Field Plot 290 Season 2,FALSE,Maricopa,6000000316,6000002886
height,17029,31.505,MAC Field Scanner Field Plot 291 Season 2,FALSE,Maricopa,6000000316,6000002887
height,17029,32.166,MAC Field Scanner Field Plot 247 Season 2,FALSE,Maricopa,6000000317,6000002843
height,17029,31.505,MAC Field Scanner Field Plot 246 Season 2,FALSE,Maricopa,6000000317,6000002842
height,17029,31.505,MAC Field Scanner Field Plot 245 Season 2,FALSE,Maricopa,6000000320,6000002841
height,17029,31.505,MAC Field Scanner Field Plot 244 Season 2,FALSE,Maricopa,6000000320,6000002840
height,17029,31.505,MAC Field Scanner Field Plot 281 Season 2,FALSE,Maricopa,6000000380,6000002877
height,17029,32.827,MAC Field Scanner Field Plot 280 Season 2,FALSE,Maricopa,6000000380,6000002876
height,17029,32.166,MAC Field Scanner Field Plot 279 Season 2,FALSE,Maricopa,6000000383,6000002875
height,17029,32.166,MAC Field Scanner Field Plot 278 Season 2,FALSE,Maricopa,6000000383,6000002874
height,17029,31.505,MAC Field Scanner Field Plot 260 Season 2,FALSE,Maricopa,6000000248,6000002856
height,17029,31.505,MAC Field Scanner Field Plot 261 Season 2,FALSE,Maricopa,6000000248,6000002857
height,17029,31.505,MAC Field Scanner Field Plot 270 Season 2,FALSE,Maricopa,6000000394,6000002866
height,17029,32.166,MAC Field Scanner Field Plot 271 Season 2,FALSE,Maricopa,6000000394,6000002867
height,17029,30.844,MAC Field Scanner Field Plot 283 Season 2,FALSE,Maricopa,6000000253,6000002879
height,17029,31.505,MAC Field Scanner Field Plot 282 Season 2,FALSE,Maricopa,6000000253,6000002878
height,17029,31.505,MAC Field Scanner Field Plot 314 Season 2,FALSE,Maricopa,6000000279,6000002910
height,17029,30.844,MAC Field Scanner Field Plot 302 Season 2,FALSE,Maricopa,6000000284,6000002898
height,17029,31.505,MAC Field Scanner Field Plot 303 Season 2,FALSE,Maricopa,6000000284,6000002899
height,17029,31.505,MAC Field Scanner Field Plot 345 Season 2,FALSE,Maricopa,6000000287,6000002941
height,17029,32.166,MAC Field Scanner Field Plot 344 Season 2,FALSE,Maricopa,6000000287,6000002940
height,17029,32.166,MAC Field Scanner Field Plot 326 Season 2,FALSE,Maricopa,6000000301,6000002922
height,17029,30.844,MAC Field Scanner Field Plot 327 Season 2,FALSE,Maricopa,6000000301,6000002923
height,17029,31.505,MAC Field Scanner Field Plot 307 Season 2,FALSE,Maricopa,6000000306,6000002903
height,17029,31.505,MAC Field Scanner Field Plot 306 Season 2,FALSE,Maricopa,6000000306,6000002902
height,17029,31.505,MAC Field Scanner Field Plot 347 Season 2,FALSE,Maricopa,6000000311,6000002943
height,17029,30.844,MAC Field Scanner Field Plot 346 Season 2,FALSE,Maricopa,6000000311,6000002942
height,17029,30.844,MAC Field Scanner Field Plot 296 Season 2,FALSE,Maricopa,6000000381,6000002892
height,17029,32.166,MAC Field Scanner Field Plot 297 Season 2,FALSE,Maricopa,6000000381,6000002893
height,17029,32.166,MAC Field Scanner Field Plot 309 Season 2,FALSE,Maricopa,6000000390,6000002905
height,17029,32.166,MAC Field Scanner Field Plot 308 Season 2,FALSE,Maricopa,6000000390,6000002904
height,17029,31.505,MAC Field Scanner Field Plot 319 Season 2,FALSE,Maricopa,6000000395,6000002915
height,17029,32.166,MAC Field Scanner Field Plot 318 Season 2,FALSE,Maricopa,6000000395,6000002914
height,17029,32.166,MAC Field Scanner Field Plot 298 Season 2,FALSE,Maricopa,6000000398,6000002894
height,17029,31.505,MAC Field Scanner Field Plot 299 Season 2,FALSE,Maricopa,6000000398,6000002895
height,17029,30.844,MAC Field Scanner Field Plot 324 Season 2,FALSE,Maricopa,6000000399,6000002920
height,17029,32.827,MAC Field Scanner Field Plot 325 Season 2,FALSE,Maricopa,6000000399,6000002921
height,17029,31.505,MAC Field Scanner Field Plot 322 Season 2,FALSE,Maricopa,6000000408,6000002918
height,17029,30.844,MAC Field Scanner Field Plot 323 Season 2,FALSE,Maricopa,6000000408,6000002919
height,17029,31.505,MAC Field Scanner Field Plot 343 Season 2,FALSE,Maricopa,6000000409,6000002939
height,17029,31.505,MAC Field Scanner Field Plot 342 Season 2,FALSE,Maricopa,6000000409,6000002938
height,17029,30.844,MAC Field Scanner Field Plot 328 Season 2,FALSE,Maricopa,6000000269,6000002924
height,17029,31.505,MAC Field Scanner Field Plot 329 Season 2,FALSE,Maricopa,6000000269,6000002925
height,17029,30.844,MAC Field Scanner Field Plot 379 Season 2,FALSE,Maricopa,6000000288,6000002975
height,17029,30.844,MAC Field Scanner Field Plot 378 Season 2,FALSE,Maricopa,6000000288,6000002974
height,17029,32.166,MAC Field Scanner Field Plot 358 Season 2,FALSE,Maricopa,6000000297,6000002954
height,17029,31.505,MAC Field Scanner Field Plot 359 Season 2,FALSE,Maricopa,6000000297,6000002955
height,17029,31.505,MAC Field Scanner Field Plot 386 Season 2,FALSE,Maricopa,6000000308,6000002982
height,17029,32.166,MAC Field Scanner Field Plot 387 Season 2,FALSE,Maricopa,6000000308,6000002983
height,17029,30.844,MAC Field Scanner Field Plot 351 Season 2,FALSE,Maricopa,6000000309,6000002947
height,17029,30.844,MAC Field Scanner Field Plot 350 Season 2,FALSE,Maricopa,6000000309,6000002946
height,17029,30.844,MAC Field Scanner Field Plot 398 Season 2,FALSE,Maricopa,6000000310,6000002994
height,17029,31.505,MAC Field Scanner Field Plot 399 Season 2,FALSE,Maricopa,6000000310,6000002995
height,17029,31.505,MAC Field Scanner Field Plot 383 Season 2,FALSE,Maricopa,6000000312,6000002979
height,17029,31.505,MAC Field Scanner Field Plot 382 Season 2,FALSE,Maricopa,6000000312,6000002978
height,17029,30.844,MAC Field Scanner Field Plot 390 Season 2,FALSE,Maricopa,6000000318,6000002986
height,17029,31.505,MAC Field Scanner Field Plot 391 Season 2,FALSE,Maricopa,6000000318,6000002987
height,17029,31.505,MAC Field Scanner Field Plot 388 Season 2,FALSE,Maricopa,6000000378,6000002984
height,17029,32.166,MAC Field Scanner Field Plot 389 Season 2,FALSE,Maricopa,6000000378,6000002985
height,17029,31.505,MAC Field Scanner Field Plot 392 Season 2,FALSE,Maricopa,6000000388,6000002988
height,17029,32.827,MAC Field Scanner Field Plot 393 Season 2,FALSE,Maricopa,6000000388,6000002989
height,17029,30.844,MAC Field Scanner Field Plot 404 Season 2,FALSE,Maricopa,6000000250,6000003e3
height,17029,31.505,MAC Field Scanner Field Plot 371 Season 2,FALSE,Maricopa,6000000412,6000002967
height,17029,31.505,MAC Field Scanner Field Plot 370 Season 2,FALSE,Maricopa,6000000412,6000002966
height,17029,30.844,MAC Field Scanner Field Plot 360 Season 2,FALSE,Maricopa,6000000405,6000002956
height,17029,32.166,MAC Field Scanner Field Plot 361 Season 2,FALSE,Maricopa,6000000405,6000002957
height,17029,31.505,MAC Field Scanner Field Plot 364 Season 2,FALSE,Maricopa,6000000407,6000002960
height,17029,30.844,MAC Field Scanner Field Plot 365 Season 2,FALSE,Maricopa,6000000407,6000002961
height,17029,31.505,MAC Field Scanner Field Plot 356 Season 2,FALSE,Maricopa,6000000271,6000002952
height,17029,31.505,MAC Field Scanner Field Plot 357 Season 2,FALSE,Maricopa,6000000271,6000002953
height,17029,31.505,MAC Field Scanner Field Plot 362 Season 2,FALSE,Maricopa,6000000272,6000002958
height,17029,32.166,MAC Field Scanner Field Plot 363 Season 2,FALSE,Maricopa,6000000272,6000002959
height,17029,31.505,MAC Field Scanner Field Plot 409 Season 2,FALSE,Maricopa,6000000283,6000003005
height,17029,32.166,MAC Field Scanner Field Plot 408 Season 2,FALSE,Maricopa,6000000283,6000003004
height,17029,31.505,MAC Field Scanner Field Plot 454 Season 2,FALSE,Maricopa,6000000288,6000003050
height,17029,32.166,MAC Field Scanner Field Plot 455 Season 2,FALSE,Maricopa,6000000288,6000003051
height,17029,34.81,MAC Field Scanner Field Plot 418 Season 2,FALSE,Maricopa,6000000298,6000003014
height,17029,34.149,MAC Field Scanner Field Plot 419 Season 2,FALSE,Maricopa,6000000298,6000003015
height,17029,31.505,MAC Field Scanner Field Plot 443 Season 2,FALSE,Maricopa,6000000302,6000003039
height,17029,32.166,MAC Field Scanner Field Plot 442 Season 2,FALSE,Maricopa,6000000302,6000003038
height,17029,31.505,MAC Field Scanner Field Plot 437 Season 2,FALSE,Maricopa,6000000309,6000003033
height,17029,31.505,MAC Field Scanner Field Plot 436 Season 2,FALSE,Maricopa,6000000309,6000003032
height,17029,32.166,MAC Field Scanner Field Plot 424 Season 2,FALSE,Maricopa,6000000314,6000003020
height,17029,32.166,MAC Field Scanner Field Plot 425 Season 2,FALSE,Maricopa,6000000314,6000003021
height,17029,32.166,MAC Field Scanner Field Plot 458 Season 2,FALSE,Maricopa,6000000389,6000003054
height,17029,32.166,MAC Field Scanner Field Plot 430 Season 2,FALSE,Maricopa,6000000391,6000003026
height,17029,32.166,MAC Field Scanner Field Plot 431 Season 2,FALSE,Maricopa,6000000391,6000003027
height,17029,32.166,MAC Field Scanner Field Plot 426 Season 2,FALSE,Maricopa,6000000392,6000003022
height,17029,32.166,MAC Field Scanner Field Plot 427 Season 2,FALSE,Maricopa,6000000392,6000003023
height,17029,31.505,MAC Field Scanner Field Plot 405 Season 2,FALSE,Maricopa,6000000250,6000003001
height,17029,31.505,MAC Field Scanner Field Plot 441 Season 2,FALSE,Maricopa,6000000403,6000003037
height,17029,32.166,MAC Field Scanner Field Plot 440 Season 2,FALSE,Maricopa,6000000403,6000003036
height,17029,31.505,MAC Field Scanner Field Plot 415 Season 2,FALSE,Maricopa,6000000251,6000003011
height,17029,32.166,MAC Field Scanner Field Plot 414 Season 2,FALSE,Maricopa,6000000251,6000003010
height,17029,31.505,MAC Field Scanner Field Plot 411 Season 2,FALSE,Maricopa,6000000254,6000003007
height,17029,32.166,MAC Field Scanner Field Plot 410 Season 2,FALSE,Maricopa,6000000254,6000003006
height,17029,32.166,MAC Field Scanner Field Plot 428 Season 2,FALSE,Maricopa,6000000264,6000003024
height,17029,31.505,MAC Field Scanner Field Plot 479 Season 2,FALSE,Maricopa,6000000280,6000003075
height,17029,31.505,MAC Field Scanner Field Plot 478 Season 2,FALSE,Maricopa,6000000280,6000003074
height,17029,31.505,MAC Field Scanner Field Plot 507 Season 2,FALSE,Maricopa,6000000281,6000003103
height,17029,32.827,MAC Field Scanner Field Plot 506 Season 2,FALSE,Maricopa,6000000281,6000003102
height,17029,30.844,MAC Field Scanner Field Plot 505 Season 2,FALSE,Maricopa,6000000297,6000003101
height,17029,32.166,MAC Field Scanner Field Plot 504 Season 2,FALSE,Maricopa,6000000297,6000003100
height,17029,31.505,MAC Field Scanner Field Plot 467 Season 2,FALSE,Maricopa,6000000304,6000003063
height,17029,31.505,MAC Field Scanner Field Plot 466 Season 2,FALSE,Maricopa,6000000304,6000003062
height,17029,31.505,MAC Field Scanner Field Plot 469 Season 2,FALSE,Maricopa,6000000306,6000003065
height,17029,31.505,MAC Field Scanner Field Plot 468 Season 2,FALSE,Maricopa,6000000306,6000003064
height,17029,30.844,MAC Field Scanner Field Plot 488 Season 2,FALSE,Maricopa,6000000307,6000003084
height,17029,32.166,MAC Field Scanner Field Plot 489 Season 2,FALSE,Maricopa,6000000307,6000003085
height,17029,31.505,MAC Field Scanner Field Plot 503 Season 2,FALSE,Maricopa,6000000386,6000003099
height,17029,32.166,MAC Field Scanner Field Plot 502 Season 2,FALSE,Maricopa,6000000386,6000003098
height,17029,31.505,MAC Field Scanner Field Plot 459 Season 2,FALSE,Maricopa,6000000389,6000003055
height,17029,30.844,MAC Field Scanner Field Plot 486 Season 2,FALSE,Maricopa,6000000391,6000003082
height,17029,31.505,MAC Field Scanner Field Plot 487 Season 2,FALSE,Maricopa,6000000391,6000003083
height,17029,31.505,MAC Field Scanner Field Plot 492 Season 2,FALSE,Maricopa,6000000393,6000003088
height,17029,31.505,MAC Field Scanner Field Plot 493 Season 2,FALSE,Maricopa,6000000393,6000003089
height,17029,31.505,MAC Field Scanner Field Plot 509 Season 2,FALSE,Maricopa,6000000395,6000003105
height,17029,31.505,MAC Field Scanner Field Plot 508 Season 2,FALSE,Maricopa,6000000395,6000003104
height,17029,30.844,MAC Field Scanner Field Plot 494 Season 2,FALSE,Maricopa,6000000412,6000003090
height,17029,32.166,MAC Field Scanner Field Plot 495 Season 2,FALSE,Maricopa,6000000412,6000003091
height,17029,31.505,MAC Field Scanner Field Plot 499 Season 2,FALSE,Maricopa,6000000253,6000003095
height,17029,32.166,MAC Field Scanner Field Plot 498 Season 2,FALSE,Maricopa,6000000253,6000003094
height,17029,31.505,MAC Field Scanner Field Plot 482 Season 2,FALSE,Maricopa,6000000407,6000003078
height,17029,31.505,MAC Field Scanner Field Plot 483 Season 2,FALSE,Maricopa,6000000407,6000003079
height,17029,30.844,MAC Field Scanner Field Plot 518 Season 2,FALSE,Maricopa,6000000279,6000003114
height,17029,33.488,MAC Field Scanner Field Plot 519 Season 2,FALSE,Maricopa,6000000279,6000003115
height,17029,31.505,MAC Field Scanner Field Plot 548 Season 2,FALSE,Maricopa,6000000292,6000003144
height,17029,31.505,MAC Field Scanner Field Plot 549 Season 2,FALSE,Maricopa,6000000292,6000003145
height,17029,30.844,MAC Field Scanner Field Plot 520 Season 2,FALSE,Maricopa,6000000301,6000003116
height,17029,32.166,MAC Field Scanner Field Plot 521 Season 2,FALSE,Maricopa,6000000301,6000003117
height,17029,30.844,MAC Field Scanner Field Plot 550 Season 2,FALSE,Maricopa,6000000303,6000003146
height,17029,30.844,MAC Field Scanner Field Plot 551 Season 2,FALSE,Maricopa,6000000303,6000003147
height,17029,31.505,MAC Field Scanner Field Plot 570 Season 2,FALSE,Maricopa,6000000241,6000003166
height,17029,31.505,MAC Field Scanner Field Plot 516 Season 2,FALSE,Maricopa,6000000315,6000003112
height,17029,31.505,MAC Field Scanner Field Plot 517 Season 2,FALSE,Maricopa,6000000315,6000003113
height,17029,32.827,MAC Field Scanner Field Plot 539 Season 2,FALSE,Maricopa,6000000320,6000003135
height,17029,31.505,MAC Field Scanner Field Plot 538 Season 2,FALSE,Maricopa,6000000320,6000003134
height,17029,31.505,MAC Field Scanner Field Plot 562 Season 2,FALSE,Maricopa,6000000376,6000003158
height,17029,30.844,MAC Field Scanner Field Plot 556 Season 2,FALSE,Maricopa,6000000379,6000003152
height,17029,31.505,MAC Field Scanner Field Plot 557 Season 2,FALSE,Maricopa,6000000379,6000003153
height,17029,30.844,MAC Field Scanner Field Plot 558 Season 2,FALSE,Maricopa,6000000248,6000003154
height,17029,31.505,MAC Field Scanner Field Plot 559 Season 2,FALSE,Maricopa,6000000248,6000003155
height,17029,30.844,MAC Field Scanner Field Plot 543 Season 2,FALSE,Maricopa,6000000392,6000003139
height,17029,31.505,MAC Field Scanner Field Plot 542 Season 2,FALSE,Maricopa,6000000392,6000003138
height,17029,31.505,MAC Field Scanner Field Plot 554 Season 2,FALSE,Maricopa,6000000255,6000003150
height,17029,31.505,MAC Field Scanner Field Plot 555 Season 2,FALSE,Maricopa,6000000255,6000003151
height,17029,31.505,MAC Field Scanner Field Plot 533 Season 2,FALSE,Maricopa,6000000410,6000003129
height,17029,31.505,MAC Field Scanner Field Plot 532 Season 2,FALSE,Maricopa,6000000410,6000003128
height,17029,32.166,MAC Field Scanner Field Plot 515 Season 2,FALSE,Maricopa,6000000267,6000003111
height,17029,30.844,MAC Field Scanner Field Plot 526 Season 2,FALSE,Maricopa,6000000268,6000003122
height,17029,32.166,MAC Field Scanner Field Plot 527 Season 2,FALSE,Maricopa,6000000268,6000003123
height,17029,32.166,MAC Field Scanner Field Plot 565 Season 2,FALSE,Maricopa,6000000275,6000003161
height,17029,31.505,MAC Field Scanner Field Plot 564 Season 2,FALSE,Maricopa,6000000275,6000003160
height,17029,30.844,MAC Field Scanner Field Plot 589 Season 2,FALSE,Maricopa,6000000277,6000003185
height,17029,30.844,MAC Field Scanner Field Plot 601 Season 2,FALSE,Maricopa,6000000283,6000003197
height,17029,31.505,MAC Field Scanner Field Plot 600 Season 2,FALSE,Maricopa,6000000283,6000003196
height,17029,31.505,MAC Field Scanner Field Plot 575 Season 2,FALSE,Maricopa,6000000287,6000003171
height,17029,30.844,MAC Field Scanner Field Plot 574 Season 2,FALSE,Maricopa,6000000287,6000003170
height,17029,31.505,MAC Field Scanner Field Plot 614 Season 2,FALSE,Maricopa,6000000289,6000003210
height,17029,31.505,MAC Field Scanner Field Plot 615 Season 2,FALSE,Maricopa,6000000289,6000003211
height,17029,32.166,MAC Field Scanner Field Plot 626 Season 2,FALSE,Maricopa,6000000300,6000003222
height,17029,30.844,MAC Field Scanner Field Plot 571 Season 2,FALSE,Maricopa,6000000241,6000003167
height,17029,31.505,MAC Field Scanner Field Plot 605 Season 2,FALSE,Maricopa,6000000316,6000003201
height,17029,32.166,MAC Field Scanner Field Plot 604 Season 2,FALSE,Maricopa,6000000316,6000003200
height,17029,30.844,MAC Field Scanner Field Plot 584 Season 2,FALSE,Maricopa,6000000318,6000003180
height,17029,31.505,MAC Field Scanner Field Plot 585 Season 2,FALSE,Maricopa,6000000318,6000003181
height,17029,31.505,MAC Field Scanner Field Plot 595 Season 2,FALSE,Maricopa,6000000331,6000003191
height,17029,32.166,MAC Field Scanner Field Plot 594 Season 2,FALSE,Maricopa,6000000331,6000003190
height,17029,31.505,MAC Field Scanner Field Plot 607 Season 2,FALSE,Maricopa,6000000377,6000003203
height,17029,30.844,MAC Field Scanner Field Plot 606 Season 2,FALSE,Maricopa,6000000377,6000003202
height,17029,31.505,MAC Field Scanner Field Plot 597 Season 2,FALSE,Maricopa,6000000396,6000003193
height,17029,31.505,MAC Field Scanner Field Plot 596 Season 2,FALSE,Maricopa,6000000396,6000003192
height,17029,31.505,MAC Field Scanner Field Plot 620 Season 2,FALSE,Maricopa,6000000400,6000003216
height,17029,31.505,MAC Field Scanner Field Plot 621 Season 2,FALSE,Maricopa,6000000400,6000003217
height,17029,31.505,MAC Field Scanner Field Plot 622 Season 2,FALSE,Maricopa,6000000409,6000003218
height,17029,31.505,MAC Field Scanner Field Plot 623 Season 2,FALSE,Maricopa,6000000409,6000003219
height,17029,32.166,MAC Field Scanner Field Plot 618 Season 2,FALSE,Maricopa,6000000265,6000003214
height,17029,32.827,MAC Field Scanner Field Plot 619 Season 2,FALSE,Maricopa,6000000265,6000003215
height,17029,30.844,MAC Field Scanner Field Plot 578 Season 2,FALSE,Maricopa,6000000271,6000003174
height,17029,30.844,MAC Field Scanner Field Plot 579 Season 2,FALSE,Maricopa,6000000271,6000003175
height,17029,31.505,MAC Field Scanner Field Plot 588 Season 2,FALSE,Maricopa,6000000277,6000003184
height,17029,31.505,MAC Field Scanner Field Plot 654 Season 2,FALSE,Maricopa,6000000282,6000003250
height,17029,32.166,MAC Field Scanner Field Plot 655 Season 2,FALSE,Maricopa,6000000282,6000003251
height,17029,30.844,MAC Field Scanner Field Plot 642 Season 2,FALSE,Maricopa,6000000285,6000003238
height,17029,31.505,MAC Field Scanner Field Plot 643 Season 2,FALSE,Maricopa,6000000285,6000003239
height,17029,31.505,MAC Field Scanner Field Plot 637 Season 2,FALSE,Maricopa,6000000291,6000003233
height,17029,31.505,MAC Field Scanner Field Plot 636 Season 2,FALSE,Maricopa,6000000291,6000003232
height,17029,31.505,MAC Field Scanner Field Plot 627 Season 2,FALSE,Maricopa,6000000300,6000003223
height,17029,31.505,MAC Field Scanner Field Plot 678 Season 2,FALSE,Maricopa,6000000305,6000003274
height,17029,31.505,MAC Field Scanner Field Plot 679 Season 2,FALSE,Maricopa,6000000305,6000003275
height,17029,31.505,MAC Field Scanner Field Plot 674 Season 2,FALSE,Maricopa,6000000311,6000003270
height,17029,32.166,MAC Field Scanner Field Plot 675 Season 2,FALSE,Maricopa,6000000311,6000003271
height,17029,31.505,MAC Field Scanner Field Plot 629 Season 2,FALSE,Maricopa,6000000319,6000003225
height,17029,31.505,MAC Field Scanner Field Plot 628 Season 2,FALSE,Maricopa,6000000319,6000003224
height,17029,32.166,MAC Field Scanner Field Plot 665 Season 2,FALSE,Maricopa,6000000378,6000003261
height,17029,32.166,MAC Field Scanner Field Plot 664 Season 2,FALSE,Maricopa,6000000378,6000003260
height,17029,31.505,MAC Field Scanner Field Plot 667 Season 2,FALSE,Maricopa,6000000380,6000003263
height,17029,31.505,MAC Field Scanner Field Plot 666 Season 2,FALSE,Maricopa,6000000380,6000003262
height,17029,31.505,MAC Field Scanner Field Plot 631 Season 2,FALSE,Maricopa,6000000381,6000003227
height,17029,32.166,MAC Field Scanner Field Plot 630 Season 2,FALSE,Maricopa,6000000381,6000003226
height,17029,31.505,MAC Field Scanner Field Plot 633 Season 2,FALSE,Maricopa,6000000388,6000003229
height,17029,31.505,MAC Field Scanner Field Plot 632 Season 2,FALSE,Maricopa,6000000388,6000003228
height,17029,32.166,MAC Field Scanner Field Plot 644 Season 2,FALSE,Maricopa,6000000390,6000003240
height,17029,31.505,MAC Field Scanner Field Plot 645 Season 2,FALSE,Maricopa,6000000390,6000003241
height,17029,31.505,MAC Field Scanner Field Plot 659 Season 2,FALSE,Maricopa,6000000250,6000003255
height,17029,32.166,MAC Field Scanner Field Plot 658 Season 2,FALSE,Maricopa,6000000250,6000003254
height,17029,31.505,MAC Field Scanner Field Plot 661 Season 2,FALSE,Maricopa,6000000252,6000003257
height,17029,31.505,MAC Field Scanner Field Plot 660 Season 2,FALSE,Maricopa,6000000252,6000003256
height,17029,31.505,MAC Field Scanner Field Plot 702 Season 2,FALSE,Maricopa,6000000278,6000003298
height,17029,30.844,MAC Field Scanner Field Plot 712 Season 2,FALSE,Maricopa,6000000293,6000003308
height,17029,32.166,MAC Field Scanner Field Plot 713 Season 2,FALSE,Maricopa,6000000293,6000003309
height,17029,31.505,MAC Field Scanner Field Plot 710 Season 2,FALSE,Maricopa,6000000298,6000003306
height,17029,30.844,MAC Field Scanner Field Plot 711 Season 2,FALSE,Maricopa,6000000298,6000003307
height,17029,31.505,MAC Field Scanner Field Plot 725 Season 2,FALSE,Maricopa,6000000299,6000003321
height,17029,31.505,MAC Field Scanner Field Plot 724 Season 2,FALSE,Maricopa,6000000299,6000003320
height,17029,31.505,MAC Field Scanner Field Plot 682 Season 2,FALSE,Maricopa,6000000308,6000003278
height,17029,31.505,MAC Field Scanner Field Plot 683 Season 2,FALSE,Maricopa,6000000308,6000003279
height,17029,31.505,MAC Field Scanner Field Plot 718 Season 2,FALSE,Maricopa,6000000312,6000003314
height,17029,32.827,MAC Field Scanner Field Plot 719 Season 2,FALSE,Maricopa,6000000312,6000003315
height,17029,31.505,MAC Field Scanner Field Plot 686 Season 2,FALSE,Maricopa,6000000313,6000003282
height,17029,31.505,MAC Field Scanner Field Plot 687 Season 2,FALSE,Maricopa,6000000313,6000003283
height,17029,31.505,MAC Field Scanner Field Plot 695 Season 2,FALSE,Maricopa,6000000314,6000003291
height,17029,32.166,MAC Field Scanner Field Plot 694 Season 2,FALSE,Maricopa,6000000314,6000003290
height,17029,31.505,MAC Field Scanner Field Plot 703 Season 2,FALSE,Maricopa,6000000278,6000003299
height,17029,32.166,MAC Field Scanner Field Plot 693 Season 2,FALSE,Maricopa,6000000382,6000003289
height,17029,30.844,MAC Field Scanner Field Plot 692 Season 2,FALSE,Maricopa,6000000382,6000003288
height,17029,31.505,MAC Field Scanner Field Plot 714 Season 2,FALSE,Maricopa,6000000385,6000003310
height,17029,31.505,MAC Field Scanner Field Plot 715 Season 2,FALSE,Maricopa,6000000385,6000003311
height,17029,31.505,MAC Field Scanner Field Plot 701 Season 2,FALSE,Maricopa,6000000387,6000003297
height,17029,31.505,MAC Field Scanner Field Plot 700 Season 2,FALSE,Maricopa,6000000387,6000003296
height,17029,31.505,MAC Field Scanner Field Plot 735 Season 2,FALSE,Maricopa,6000000249,6000003331
height,17029,31.505,MAC Field Scanner Field Plot 734 Season 2,FALSE,Maricopa,6000000249,6000003330
height,17029,31.505,MAC Field Scanner Field Plot 729 Season 2,FALSE,Maricopa,6000000399,6000003325
height,17029,31.505,MAC Field Scanner Field Plot 728 Season 2,FALSE,Maricopa,6000000399,6000003324
height,17029,30.844,MAC Field Scanner Field Plot 765 Season 2,FALSE,Maricopa,6000000290,6000003361
height,17029,31.505,MAC Field Scanner Field Plot 764 Season 2,FALSE,Maricopa,6000000290,6000003360
height,17029,32.166,MAC Field Scanner Field Plot 742 Season 2,FALSE,Maricopa,6000000295,6000003338
height,17029,31.505,MAC Field Scanner Field Plot 743 Season 2,FALSE,Maricopa,6000000295,6000003339
height,17029,30.844,MAC Field Scanner Field Plot 787 Season 2,FALSE,Maricopa,6000000317,6000003383
height,17029,32.166,MAC Field Scanner Field Plot 786 Season 2,FALSE,Maricopa,6000000317,6000003382
height,17029,32.166,MAC Field Scanner Field Plot 791 Season 2,FALSE,Maricopa,6000000383,6000003387
height,17029,30.844,MAC Field Scanner Field Plot 790 Season 2,FALSE,Maricopa,6000000383,6000003386
height,17029,30.844,MAC Field Scanner Field Plot 740 Season 2,FALSE,Maricopa,6000000394,6000003336
height,17029,31.505,MAC Field Scanner Field Plot 741 Season 2,FALSE,Maricopa,6000000394,6000003337
height,17029,31.505,MAC Field Scanner Field Plot 759 Season 2,FALSE,Maricopa,6000000398,6000003355
height,17029,31.505,MAC Field Scanner Field Plot 758 Season 2,FALSE,Maricopa,6000000398,6000003354
height,17029,31.505,MAC Field Scanner Field Plot 757 Season 2,FALSE,Maricopa,6000000402,6000003353
height,17029,30.844,MAC Field Scanner Field Plot 756 Season 2,FALSE,Maricopa,6000000402,6000003352
height,17029,32.166,MAC Field Scanner Field Plot 755 Season 2,FALSE,Maricopa,6000000254,6000003351
height,17029,32.166,MAC Field Scanner Field Plot 754 Season 2,FALSE,Maricopa,6000000254,6000003350
height,17029,31.505,MAC Field Scanner Field Plot 770 Season 2,FALSE,Maricopa,6000000260,6000003366
height,17029,31.505,MAC Field Scanner Field Plot 771 Season 2,FALSE,Maricopa,6000000260,6000003367
height,17029,32.166,MAC Field Scanner Field Plot 748 Season 2,FALSE,Maricopa,6000000261,6000003344
height,17029,30.844,MAC Field Scanner Field Plot 749 Season 2,FALSE,Maricopa,6000000261,6000003345
height,17029,31.505,MAC Field Scanner Field Plot 761 Season 2,FALSE,Maricopa,6000000406,6000003357
height,17029,30.844,MAC Field Scanner Field Plot 760 Season 2,FALSE,Maricopa,6000000406,6000003356
height,17029,31.505,MAC Field Scanner Field Plot 767 Season 2,FALSE,Maricopa,6000000273,6000003363
height,17029,31.505,MAC Field Scanner Field Plot 766 Season 2,FALSE,Maricopa,6000000273,6000003362
height,17029,32.166,MAC Field Scanner Field Plot 827 Season 2,FALSE,Maricopa,6000000284,6000003423
height,17029,31.505,MAC Field Scanner Field Plot 826 Season 2,FALSE,Maricopa,6000000284,6000003422
height,17029,32.166,MAC Field Scanner Field Plot 795 Season 2,FALSE,Maricopa,6000000286,6000003391
height,17029,31.505,MAC Field Scanner Field Plot 794 Season 2,FALSE,Maricopa,6000000286,6000003390
height,17029,33.488,MAC Field Scanner Field Plot 802 Season 2,FALSE,Maricopa,6000000294,6000003398
height,17029,31.505,MAC Field Scanner Field Plot 803 Season 2,FALSE,Maricopa,6000000294,6000003399
height,17029,31.505,MAC Field Scanner Field Plot 812 Season 2,FALSE,Maricopa,6000000296,6000003408
height,17029,31.505,MAC Field Scanner Field Plot 813 Season 2,FALSE,Maricopa,6000000296,6000003409
height,17029,31.505,MAC Field Scanner Field Plot 829 Season 2,FALSE,Maricopa,6000000310,6000003425
height,17029,31.505,MAC Field Scanner Field Plot 828 Season 2,FALSE,Maricopa,6000000310,6000003424
height,17029,30.844,MAC Field Scanner Field Plot 793 Season 2,FALSE,Maricopa,6000000323,6000003389
height,17029,31.505,MAC Field Scanner Field Plot 810 Season 2,FALSE,Maricopa,6000000325,6000003406
height,17029,32.166,MAC Field Scanner Field Plot 811 Season 2,FALSE,Maricopa,6000000325,6000003407
height,17029,30.844,MAC Field Scanner Field Plot 814 Season 2,FALSE,Maricopa,6000000330,6000003410
height,17029,32.166,MAC Field Scanner Field Plot 815 Season 2,FALSE,Maricopa,6000000330,6000003411
height,17029,32.827,MAC Field Scanner Field Plot 825 Season 2,FALSE,Maricopa,6000000354,6000003421
height,17029,31.505,MAC Field Scanner Field Plot 824 Season 2,FALSE,Maricopa,6000000354,6000003420
height,17029,32.166,MAC Field Scanner Field Plot 823 Season 2,FALSE,Maricopa,6000000365,6000003419
height,17029,33.488,MAC Field Scanner Field Plot 822 Season 2,FALSE,Maricopa,6000000365,6000003418
height,17029,32.166,MAC Field Scanner Field Plot 799 Season 2,FALSE,Maricopa,6000000384,6000003395
height,17029,31.505,MAC Field Scanner Field Plot 798 Season 2,FALSE,Maricopa,6000000384,6000003394
height,17029,31.505,MAC Field Scanner Field Plot 804 Season 2,FALSE,Maricopa,6000000397,6000003400
height,17029,32.166,MAC Field Scanner Field Plot 805 Season 2,FALSE,Maricopa,6000000397,6000003401
height,17029,31.505,MAC Field Scanner Field Plot 797 Season 2,FALSE,Maricopa,6000000401,6000003393
height,17029,31.505,MAC Field Scanner Field Plot 796 Season 2,FALSE,Maricopa,6000000401,6000003392
height,17029,32.166,MAC Field Scanner Field Plot 831 Season 2,FALSE,Maricopa,6000000259,6000003427
height,17029,32.166,MAC Field Scanner Field Plot 830 Season 2,FALSE,Maricopa,6000000259,6000003426
height,17030,31.505,MAC Field Scanner Field Plot 44 Season 2,FALSE,Maricopa,6000000293,6000002640
height,17030,30.844,MAC Field Scanner Field Plot 45 Season 2,FALSE,Maricopa,6000000293,6000002641
height,17030,32.166,MAC Field Scanner Field Plot 55 Season 2,FALSE,Maricopa,6000000294,6000002651
height,17030,31.505,MAC Field Scanner Field Plot 54 Season 2,FALSE,Maricopa,6000000294,6000002650
height,17030,31.505,MAC Field Scanner Field Plot 63 Season 2,FALSE,Maricopa,6000000241,6000002659
height,17030,31.505,MAC Field Scanner Field Plot 62 Season 2,FALSE,Maricopa,6000000241,6000002658
height,17030,30.844,MAC Field Scanner Field Plot 35 Season 2,FALSE,Maricopa,6000000278,6000002631
height,17030,30.183,MAC Field Scanner Field Plot 29 Season 2,FALSE,Maricopa,6000000415,6000002625
height,17030,31.505,MAC Field Scanner Field Plot 28 Season 2,FALSE,Maricopa,6000000415,6000002624
height,17030,30.844,MAC Field Scanner Field Plot 57 Season 2,FALSE,Maricopa,6000000333,6000002653
height,17030,31.505,MAC Field Scanner Field Plot 56 Season 2,FALSE,Maricopa,6000000333,6000002652
height,17030,31.505,MAC Field Scanner Field Plot 51 Season 2,FALSE,Maricopa,6000000334,6000002647
height,17030,32.166,MAC Field Scanner Field Plot 50 Season 2,FALSE,Maricopa,6000000334,6000002646
height,17030,30.844,MAC Field Scanner Field Plot 59 Season 2,FALSE,Maricopa,6000000349,6000002655
height,17030,31.505,MAC Field Scanner Field Plot 58 Season 2,FALSE,Maricopa,6000000349,6000002654
height,17030,31.505,MAC Field Scanner Field Plot 40 Season 2,FALSE,Maricopa,6000000356,6000002636
height,17030,32.166,MAC Field Scanner Field Plot 41 Season 2,FALSE,Maricopa,6000000356,6000002637
height,17030,31.505,MAC Field Scanner Field Plot 42 Season 2,FALSE,Maricopa,6000000384,6000002638
height,17030,31.505,MAC Field Scanner Field Plot 43 Season 2,FALSE,Maricopa,6000000384,6000002639
height,17030,31.505,MAC Field Scanner Field Plot 53 Season 2,FALSE,Maricopa,6000000401,6000002649
height,17030,30.844,MAC Field Scanner Field Plot 52 Season 2,FALSE,Maricopa,6000000401,6000002648
height,17030,32.166,MAC Field Scanner Field Plot 66 Season 2,FALSE,Maricopa,6000000255,6000002662
height,17030,32.166,MAC Field Scanner Field Plot 67 Season 2,FALSE,Maricopa,6000000255,6000002663
height,17030,31.505,MAC Field Scanner Field Plot 46 Season 2,FALSE,Maricopa,6000000258,6000002642
height,17030,31.505,MAC Field Scanner Field Plot 47 Season 2,FALSE,Maricopa,6000000258,6000002643
height,17030,30.844,MAC Field Scanner Field Plot 61 Season 2,FALSE,Maricopa,6000000274,6000002657
height,17030,30.844,MAC Field Scanner Field Plot 60 Season 2,FALSE,Maricopa,6000000274,6000002656
height,17030,31.505,MAC Field Scanner Field Plot 78 Season 2,FALSE,Maricopa,6000000282,6000002674
height,17030,32.166,MAC Field Scanner Field Plot 79 Season 2,FALSE,Maricopa,6000000282,6000002675
height,17030,31.505,MAC Field Scanner Field Plot 121 Season 2,FALSE,Maricopa,6000000289,6000002717
height,17030,32.166,MAC Field Scanner Field Plot 120 Season 2,FALSE,Maricopa,6000000289,6000002716
height,17030,30.844,MAC Field Scanner Field Plot 72 Season 2,FALSE,Maricopa,6000000291,6000002668
height,17030,31.505,MAC Field Scanner Field Plot 73 Season 2,FALSE,Maricopa,6000000291,6000002669
height,17030,30.844,MAC Field Scanner Field Plot 98 Season 2,FALSE,Maricopa,6000000295,6000002694
height,17030,31.505,MAC Field Scanner Field Plot 99 Season 2,FALSE,Maricopa,6000000295,6000002695
height,17030,32.166,MAC Field Scanner Field Plot 70 Season 2,FALSE,Maricopa,6000000296,6000002666
height,17030,32.166,MAC Field Scanner Field Plot 71 Season 2,FALSE,Maricopa,6000000296,6000002667
height,17030,32.166,MAC Field Scanner Field Plot 87 Season 2,FALSE,Maricopa,6000000313,6000002683
height,17030,32.166,MAC Field Scanner Field Plot 86 Season 2,FALSE,Maricopa,6000000313,6000002682
height,17030,31.505,MAC Field Scanner Field Plot 108 Season 2,FALSE,Maricopa,6000000315,6000002704
height,17030,31.505,MAC Field Scanner Field Plot 109 Season 2,FALSE,Maricopa,6000000315,6000002705
height,17030,32.166,MAC Field Scanner Field Plot 119 Season 2,FALSE,Maricopa,6000000319,6000002715
height,17030,32.166,MAC Field Scanner Field Plot 118 Season 2,FALSE,Maricopa,6000000319,6000002714
height,17030,32.166,MAC Field Scanner Field Plot 123 Season 2,FALSE,Maricopa,6000000389,6000002719
height,17030,32.166,MAC Field Scanner Field Plot 122 Season 2,FALSE,Maricopa,6000000389,6000002718
height,17030,31.505,MAC Field Scanner Field Plot 106 Season 2,FALSE,Maricopa,6000000397,6000002702
height,17030,32.166,MAC Field Scanner Field Plot 107 Season 2,FALSE,Maricopa,6000000397,6000002703
height,17030,30.844,MAC Field Scanner Field Plot 83 Season 2,FALSE,Maricopa,6000000400,6000002679
height,17030,32.166,MAC Field Scanner Field Plot 82 Season 2,FALSE,Maricopa,6000000400,6000002678
height,17030,32.166,MAC Field Scanner Field Plot 74 Season 2,FALSE,Maricopa,6000000256,6000002670
height,17030,31.505,MAC Field Scanner Field Plot 75 Season 2,FALSE,Maricopa,6000000256,6000002671
height,17030,31.505,MAC Field Scanner Field Plot 76 Season 2,FALSE,Maricopa,6000000260,6000002672
height,17030,32.166,MAC Field Scanner Field Plot 77 Season 2,FALSE,Maricopa,6000000260,6000002673
height,17030,31.505,MAC Field Scanner Field Plot 102 Season 2,FALSE,Maricopa,6000000406,6000002698
height,17030,32.166,MAC Field Scanner Field Plot 103 Season 2,FALSE,Maricopa,6000000406,6000002699
height,17030,32.827,MAC Field Scanner Field Plot 100 Season 2,FALSE,Maricopa,6000000265,6000002696
height,17030,33.488,MAC Field Scanner Field Plot 101 Season 2,FALSE,Maricopa,6000000265,6000002697
height,17030,32.166,MAC Field Scanner Field Plot 110 Season 2,FALSE,Maricopa,6000000276,6000002706
height,17030,31.505,MAC Field Scanner Field Plot 172 Season 2,FALSE,Maricopa,6000000285,6000002768
height,17030,31.505,MAC Field Scanner Field Plot 173 Season 2,FALSE,Maricopa,6000000285,6000002769
height,17030,30.844,MAC Field Scanner Field Plot 166 Season 2,FALSE,Maricopa,6000000286,6000002762
height,17030,32.166,MAC Field Scanner Field Plot 167 Season 2,FALSE,Maricopa,6000000286,6000002763
height,17030,31.505,MAC Field Scanner Field Plot 164 Season 2,FALSE,Maricopa,6000000302,6000002760
height,17030,31.505,MAC Field Scanner Field Plot 165 Season 2,FALSE,Maricopa,6000000302,6000002761
height,17030,31.505,MAC Field Scanner Field Plot 140 Season 2,FALSE,Maricopa,6000000377,6000002736
height,17030,31.505,MAC Field Scanner Field Plot 141 Season 2,FALSE,Maricopa,6000000377,6000002737
height,17030,30.844,MAC Field Scanner Field Plot 181 Season 2,FALSE,Maricopa,6000000385,6000002777
height,17030,31.505,MAC Field Scanner Field Plot 180 Season 2,FALSE,Maricopa,6000000385,6000002776
height,17030,31.505,MAC Field Scanner Field Plot 127 Season 2,FALSE,Maricopa,6000000393,6000002723
height,17030,31.505,MAC Field Scanner Field Plot 126 Season 2,FALSE,Maricopa,6000000393,6000002722
height,17030,32.166,MAC Field Scanner Field Plot 149 Season 2,FALSE,Maricopa,6000000396,6000002745
height,17030,31.505,MAC Field Scanner Field Plot 148 Season 2,FALSE,Maricopa,6000000396,6000002744
height,17030,31.505,MAC Field Scanner Field Plot 162 Season 2,FALSE,Maricopa,6000000402,6000002758
height,17030,32.827,MAC Field Scanner Field Plot 163 Season 2,FALSE,Maricopa,6000000402,6000002759
height,17030,31.505,MAC Field Scanner Field Plot 151 Season 2,FALSE,Maricopa,6000000403,6000002747
height,17030,31.505,MAC Field Scanner Field Plot 150 Season 2,FALSE,Maricopa,6000000403,6000002746
height,17030,31.505,MAC Field Scanner Field Plot 142 Season 2,FALSE,Maricopa,6000000252,6000002738
height,17030,31.505,MAC Field Scanner Field Plot 143 Season 2,FALSE,Maricopa,6000000252,6000002739
height,17030,32.166,MAC Field Scanner Field Plot 132 Season 2,FALSE,Maricopa,6000000261,6000002728
height,17030,31.505,MAC Field Scanner Field Plot 232 Season 2,FALSE,Maricopa,6000000281,6000002828
height,17030,32.166,MAC Field Scanner Field Plot 233 Season 2,FALSE,Maricopa,6000000281,6000002829
height,17030,32.166,MAC Field Scanner Field Plot 198 Season 2,FALSE,Maricopa,6000000292,6000002794
height,17030,31.505,MAC Field Scanner Field Plot 199 Season 2,FALSE,Maricopa,6000000292,6000002795
height,17030,31.505,MAC Field Scanner Field Plot 189 Season 2,FALSE,Maricopa,6000000299,6000002785
height,17030,31.505,MAC Field Scanner Field Plot 188 Season 2,FALSE,Maricopa,6000000299,6000002784
height,17030,32.166,MAC Field Scanner Field Plot 221 Season 2,FALSE,Maricopa,6000000303,6000002817
height,17030,32.166,MAC Field Scanner Field Plot 220 Season 2,FALSE,Maricopa,6000000303,6000002816
height,17030,31.505,MAC Field Scanner Field Plot 187 Season 2,FALSE,Maricopa,6000000304,6000002783
height,17030,30.844,MAC Field Scanner Field Plot 186 Season 2,FALSE,Maricopa,6000000304,6000002782
height,17030,31.505,MAC Field Scanner Field Plot 183 Season 2,FALSE,Maricopa,6000000327,6000002779
height,17030,31.505,MAC Field Scanner Field Plot 182 Season 2,FALSE,Maricopa,6000000327,6000002778
height,17030,32.166,MAC Field Scanner Field Plot 228 Season 2,FALSE,Maricopa,6000000379,6000002824
height,17030,31.505,MAC Field Scanner Field Plot 229 Season 2,FALSE,Maricopa,6000000379,6000002825
height,17030,32.166,MAC Field Scanner Field Plot 230 Season 2,FALSE,Maricopa,6000000382,6000002826
height,17030,32.166,MAC Field Scanner Field Plot 231 Season 2,FALSE,Maricopa,6000000382,6000002827
height,17030,31.505,MAC Field Scanner Field Plot 217 Season 2,FALSE,Maricopa,6000000386,6000002813
height,17030,31.505,MAC Field Scanner Field Plot 216 Season 2,FALSE,Maricopa,6000000386,6000002812
height,17030,32.166,MAC Field Scanner Field Plot 202 Season 2,FALSE,Maricopa,6000000387,6000002798
height,17030,33.488,MAC Field Scanner Field Plot 203 Season 2,FALSE,Maricopa,6000000387,6000002799
height,17030,32.166,MAC Field Scanner Field Plot 213 Season 2,FALSE,Maricopa,6000000249,6000002809
height,17030,30.844,MAC Field Scanner Field Plot 212 Season 2,FALSE,Maricopa,6000000249,6000002808
height,17030,32.166,MAC Field Scanner Field Plot 215 Season 2,FALSE,Maricopa,6000000257,6000002811
height,17030,33.488,MAC Field Scanner Field Plot 214 Season 2,FALSE,Maricopa,6000000257,6000002810
height,17030,30.844,MAC Field Scanner Field Plot 211 Season 2,FALSE,Maricopa,6000000259,6000002807
height,17030,31.505,MAC Field Scanner Field Plot 210 Season 2,FALSE,Maricopa,6000000259,6000002806
height,17030,30.844,MAC Field Scanner Field Plot 185 Season 2,FALSE,Maricopa,6000000263,6000002781
height,17030,31.505,MAC Field Scanner Field Plot 268 Season 2,FALSE,Maricopa,6000000280,6000002864
height,17030,31.505,MAC Field Scanner Field Plot 269 Season 2,FALSE,Maricopa,6000000280,6000002865
height,17030,30.844,MAC Field Scanner Field Plot 262 Season 2,FALSE,Maricopa,6000000290,6000002858
height,17030,32.166,MAC Field Scanner Field Plot 263 Season 2,FALSE,Maricopa,6000000290,6000002859
height,17030,31.505,MAC Field Scanner Field Plot 249 Season 2,FALSE,Maricopa,6000000300,6000002845
height,17030,32.827,MAC Field Scanner Field Plot 248 Season 2,FALSE,Maricopa,6000000300,6000002844
height,17030,31.505,MAC Field Scanner Field Plot 264 Season 2,FALSE,Maricopa,6000000305,6000002860
height,17030,32.827,MAC Field Scanner Field Plot 265 Season 2,FALSE,Maricopa,6000000305,6000002861
height,17030,32.166,MAC Field Scanner Field Plot 266 Season 2,FALSE,Maricopa,6000000307,6000002862
height,17030,31.505,MAC Field Scanner Field Plot 267 Season 2,FALSE,Maricopa,6000000307,6000002863
height,17030,31.505,MAC Field Scanner Field Plot 290 Season 2,FALSE,Maricopa,6000000316,6000002886
height,17030,31.505,MAC Field Scanner Field Plot 291 Season 2,FALSE,Maricopa,6000000316,6000002887
height,17030,32.166,MAC Field Scanner Field Plot 247 Season 2,FALSE,Maricopa,6000000317,6000002843
height,17030,31.505,MAC Field Scanner Field Plot 246 Season 2,FALSE,Maricopa,6000000317,6000002842
height,17030,31.505,MAC Field Scanner Field Plot 245 Season 2,FALSE,Maricopa,6000000320,6000002841
height,17030,31.505,MAC Field Scanner Field Plot 244 Season 2,FALSE,Maricopa,6000000320,6000002840
height,17030,31.505,MAC Field Scanner Field Plot 281 Season 2,FALSE,Maricopa,6000000380,6000002877
height,17030,32.827,MAC Field Scanner Field Plot 280 Season 2,FALSE,Maricopa,6000000380,6000002876
height,17030,32.166,MAC Field Scanner Field Plot 279 Season 2,FALSE,Maricopa,6000000383,6000002875
height,17030,32.166,MAC Field Scanner Field Plot 278 Season 2,FALSE,Maricopa,6000000383,6000002874
height,17030,31.505,MAC Field Scanner Field Plot 260 Season 2,FALSE,Maricopa,6000000248,6000002856
height,17030,31.505,MAC Field Scanner Field Plot 261 Season 2,FALSE,Maricopa,6000000248,6000002857
height,17030,31.505,MAC Field Scanner Field Plot 270 Season 2,FALSE,Maricopa,6000000394,6000002866
height,17030,32.166,MAC Field Scanner Field Plot 271 Season 2,FALSE,Maricopa,6000000394,6000002867
height,17030,30.844,MAC Field Scanner Field Plot 283 Season 2,FALSE,Maricopa,6000000253,6000002879
height,17030,31.505,MAC Field Scanner Field Plot 282 Season 2,FALSE,Maricopa,6000000253,6000002878
height,17030,31.505,MAC Field Scanner Field Plot 314 Season 2,FALSE,Maricopa,6000000279,6000002910
height,17030,30.844,MAC Field Scanner Field Plot 302 Season 2,FALSE,Maricopa,6000000284,6000002898
height,17030,32.166,MAC Field Scanner Field Plot 303 Season 2,FALSE,Maricopa,6000000284,6000002899
height,17030,31.505,MAC Field Scanner Field Plot 345 Season 2,FALSE,Maricopa,6000000287,6000002941
height,17030,32.166,MAC Field Scanner Field Plot 344 Season 2,FALSE,Maricopa,6000000287,6000002940
height,17030,32.166,MAC Field Scanner Field Plot 326 Season 2,FALSE,Maricopa,6000000301,6000002922
height,17030,31.505,MAC Field Scanner Field Plot 327 Season 2,FALSE,Maricopa,6000000301,6000002923
height,17030,30.844,MAC Field Scanner Field Plot 307 Season 2,FALSE,Maricopa,6000000306,6000002903
height,17030,31.505,MAC Field Scanner Field Plot 306 Season 2,FALSE,Maricopa,6000000306,6000002902
height,17030,31.505,MAC Field Scanner Field Plot 347 Season 2,FALSE,Maricopa,6000000311,6000002943
height,17030,30.844,MAC Field Scanner Field Plot 346 Season 2,FALSE,Maricopa,6000000311,6000002942
height,17030,30.844,MAC Field Scanner Field Plot 296 Season 2,FALSE,Maricopa,6000000381,6000002892
height,17030,32.827,MAC Field Scanner Field Plot 297 Season 2,FALSE,Maricopa,6000000381,6000002893
height,17030,32.166,MAC Field Scanner Field Plot 309 Season 2,FALSE,Maricopa,6000000390,6000002905
height,17030,32.166,MAC Field Scanner Field Plot 308 Season 2,FALSE,Maricopa,6000000390,6000002904
height,17030,31.505,MAC Field Scanner Field Plot 319 Season 2,FALSE,Maricopa,6000000395,6000002915
height,17030,32.166,MAC Field Scanner Field Plot 318 Season 2,FALSE,Maricopa,6000000395,6000002914
height,17030,32.166,MAC Field Scanner Field Plot 298 Season 2,FALSE,Maricopa,6000000398,6000002894
height,17030,31.505,MAC Field Scanner Field Plot 299 Season 2,FALSE,Maricopa,6000000398,6000002895
height,17030,30.844,MAC Field Scanner Field Plot 324 Season 2,FALSE,Maricopa,6000000399,6000002920
height,17030,32.166,MAC Field Scanner Field Plot 325 Season 2,FALSE,Maricopa,6000000399,6000002921
height,17030,31.505,MAC Field Scanner Field Plot 322 Season 2,FALSE,Maricopa,6000000408,6000002918
height,17030,30.844,MAC Field Scanner Field Plot 323 Season 2,FALSE,Maricopa,6000000408,6000002919
height,17030,31.505,MAC Field Scanner Field Plot 343 Season 2,FALSE,Maricopa,6000000409,6000002939
height,17030,31.505,MAC Field Scanner Field Plot 342 Season 2,FALSE,Maricopa,6000000409,6000002938
height,17030,30.844,MAC Field Scanner Field Plot 328 Season 2,FALSE,Maricopa,6000000269,6000002924
height,17030,32.166,MAC Field Scanner Field Plot 329 Season 2,FALSE,Maricopa,6000000269,6000002925
height,17030,30.844,MAC Field Scanner Field Plot 379 Season 2,FALSE,Maricopa,6000000288,6000002975
height,17030,30.844,MAC Field Scanner Field Plot 378 Season 2,FALSE,Maricopa,6000000288,6000002974
height,17030,32.166,MAC Field Scanner Field Plot 358 Season 2,FALSE,Maricopa,6000000297,6000002954
height,17030,31.505,MAC Field Scanner Field Plot 359 Season 2,FALSE,Maricopa,6000000297,6000002955
height,17030,31.505,MAC Field Scanner Field Plot 386 Season 2,FALSE,Maricopa,6000000308,6000002982
height,17030,32.166,MAC Field Scanner Field Plot 387 Season 2,FALSE,Maricopa,6000000308,6000002983
height,17030,30.844,MAC Field Scanner Field Plot 351 Season 2,FALSE,Maricopa,6000000309,6000002947
height,17030,30.844,MAC Field Scanner Field Plot 350 Season 2,FALSE,Maricopa,6000000309,6000002946
height,17030,31.505,MAC Field Scanner Field Plot 398 Season 2,FALSE,Maricopa,6000000310,6000002994
height,17030,31.505,MAC Field Scanner Field Plot 399 Season 2,FALSE,Maricopa,6000000310,6000002995
height,17030,30.844,MAC Field Scanner Field Plot 383 Season 2,FALSE,Maricopa,6000000312,6000002979
height,17030,31.505,MAC Field Scanner Field Plot 382 Season 2,FALSE,Maricopa,6000000312,6000002978
height,17030,30.844,MAC Field Scanner Field Plot 390 Season 2,FALSE,Maricopa,6000000318,6000002986
height,17030,31.505,MAC Field Scanner Field Plot 391 Season 2,FALSE,Maricopa,6000000318,6000002987
height,17030,31.505,MAC Field Scanner Field Plot 388 Season 2,FALSE,Maricopa,6000000378,6000002984
height,17030,32.166,MAC Field Scanner Field Plot 389 Season 2,FALSE,Maricopa,6000000378,6000002985
height,17030,31.505,MAC Field Scanner Field Plot 392 Season 2,FALSE,Maricopa,6000000388,6000002988
height,17030,32.166,MAC Field Scanner Field Plot 393 Season 2,FALSE,Maricopa,6000000388,6000002989
height,17030,31.505,MAC Field Scanner Field Plot 371 Season 2,FALSE,Maricopa,6000000412,6000002967
height,17030,31.505,MAC Field Scanner Field Plot 370 Season 2,FALSE,Maricopa,6000000412,6000002966
height,17030,30.844,MAC Field Scanner Field Plot 360 Season 2,FALSE,Maricopa,6000000405,6000002956
height,17030,32.166,MAC Field Scanner Field Plot 361 Season 2,FALSE,Maricopa,6000000405,6000002957
height,17030,31.505,MAC Field Scanner Field Plot 364 Season 2,FALSE,Maricopa,6000000407,6000002960
height,17030,30.844,MAC Field Scanner Field Plot 365 Season 2,FALSE,Maricopa,6000000407,6000002961
height,17030,31.505,MAC Field Scanner Field Plot 356 Season 2,FALSE,Maricopa,6000000271,6000002952
height,17030,32.166,MAC Field Scanner Field Plot 357 Season 2,FALSE,Maricopa,6000000271,6000002953
height,17030,31.505,MAC Field Scanner Field Plot 362 Season 2,FALSE,Maricopa,6000000272,6000002958
height,17030,32.166,MAC Field Scanner Field Plot 363 Season 2,FALSE,Maricopa,6000000272,6000002959
height,17030,31.505,MAC Field Scanner Field Plot 409 Season 2,FALSE,Maricopa,6000000283,6000003005
height,17030,32.166,MAC Field Scanner Field Plot 408 Season 2,FALSE,Maricopa,6000000283,6000003004
height,17030,31.505,MAC Field Scanner Field Plot 454 Season 2,FALSE,Maricopa,6000000288,6000003050
height,17030,32.166,MAC Field Scanner Field Plot 455 Season 2,FALSE,Maricopa,6000000288,6000003051
height,17030,34.81,MAC Field Scanner Field Plot 418 Season 2,FALSE,Maricopa,6000000298,6000003014
height,17030,33.488,MAC Field Scanner Field Plot 419 Season 2,FALSE,Maricopa,6000000298,6000003015
height,17030,31.505,MAC Field Scanner Field Plot 443 Season 2,FALSE,Maricopa,6000000302,6000003039
height,17030,32.166,MAC Field Scanner Field Plot 442 Season 2,FALSE,Maricopa,6000000302,6000003038
height,17030,31.505,MAC Field Scanner Field Plot 437 Season 2,FALSE,Maricopa,6000000309,6000003033
height,17030,31.505,MAC Field Scanner Field Plot 436 Season 2,FALSE,Maricopa,6000000309,6000003032
height,17030,33.488,MAC Field Scanner Field Plot 424 Season 2,FALSE,Maricopa,6000000314,6000003020
height,17030,32.827,MAC Field Scanner Field Plot 425 Season 2,FALSE,Maricopa,6000000314,6000003021
height,17030,32.166,MAC Field Scanner Field Plot 430 Season 2,FALSE,Maricopa,6000000391,6000003026
height,17030,33.488,MAC Field Scanner Field Plot 431 Season 2,FALSE,Maricopa,6000000391,6000003027
height,17030,32.166,MAC Field Scanner Field Plot 426 Season 2,FALSE,Maricopa,6000000392,6000003022
height,17030,32.827,MAC Field Scanner Field Plot 427 Season 2,FALSE,Maricopa,6000000392,6000003023
height,17030,30.844,MAC Field Scanner Field Plot 405 Season 2,FALSE,Maricopa,6000000250,6000003001
height,17030,30.844,MAC Field Scanner Field Plot 404 Season 2,FALSE,Maricopa,6000000250,6000003e3
height,17030,32.166,MAC Field Scanner Field Plot 441 Season 2,FALSE,Maricopa,6000000403,6000003037
height,17030,32.166,MAC Field Scanner Field Plot 440 Season 2,FALSE,Maricopa,6000000403,6000003036
height,17030,31.505,MAC Field Scanner Field Plot 415 Season 2,FALSE,Maricopa,6000000251,6000003011
height,17030,32.166,MAC Field Scanner Field Plot 414 Season 2,FALSE,Maricopa,6000000251,6000003010
height,17030,31.505,MAC Field Scanner Field Plot 411 Season 2,FALSE,Maricopa,6000000254,6000003007
height,17030,32.166,MAC Field Scanner Field Plot 410 Season 2,FALSE,Maricopa,6000000254,6000003006
height,17030,32.166,MAC Field Scanner Field Plot 428 Season 2,FALSE,Maricopa,6000000264,6000003024
height,17030,31.505,MAC Field Scanner Field Plot 479 Season 2,FALSE,Maricopa,6000000280,6000003075
height,17030,31.505,MAC Field Scanner Field Plot 478 Season 2,FALSE,Maricopa,6000000280,6000003074
height,17030,31.505,MAC Field Scanner Field Plot 507 Season 2,FALSE,Maricopa,6000000281,6000003103
height,17030,32.827,MAC Field Scanner Field Plot 506 Season 2,FALSE,Maricopa,6000000281,6000003102
height,17030,31.505,MAC Field Scanner Field Plot 505 Season 2,FALSE,Maricopa,6000000297,6000003101
height,17030,32.827,MAC Field Scanner Field Plot 504 Season 2,FALSE,Maricopa,6000000297,6000003100
height,17030,31.505,MAC Field Scanner Field Plot 467 Season 2,FALSE,Maricopa,6000000304,6000003063
height,17030,32.166,MAC Field Scanner Field Plot 466 Season 2,FALSE,Maricopa,6000000304,6000003062
height,17030,31.505,MAC Field Scanner Field Plot 469 Season 2,FALSE,Maricopa,6000000306,6000003065
height,17030,32.166,MAC Field Scanner Field Plot 468 Season 2,FALSE,Maricopa,6000000306,6000003064
height,17030,31.505,MAC Field Scanner Field Plot 488 Season 2,FALSE,Maricopa,6000000307,6000003084
height,17030,32.166,MAC Field Scanner Field Plot 489 Season 2,FALSE,Maricopa,6000000307,6000003085
height,17030,31.505,MAC Field Scanner Field Plot 503 Season 2,FALSE,Maricopa,6000000386,6000003099
height,17030,31.505,MAC Field Scanner Field Plot 502 Season 2,FALSE,Maricopa,6000000386,6000003098
height,17030,32.166,MAC Field Scanner Field Plot 458 Season 2,FALSE,Maricopa,6000000389,6000003054
height,17030,31.505,MAC Field Scanner Field Plot 459 Season 2,FALSE,Maricopa,6000000389,6000003055
height,17030,31.505,MAC Field Scanner Field Plot 486 Season 2,FALSE,Maricopa,6000000391,6000003082
height,17030,31.505,MAC Field Scanner Field Plot 487 Season 2,FALSE,Maricopa,6000000391,6000003083
height,17030,31.505,MAC Field Scanner Field Plot 492 Season 2,FALSE,Maricopa,6000000393,6000003088
height,17030,32.166,MAC Field Scanner Field Plot 493 Season 2,FALSE,Maricopa,6000000393,6000003089
height,17030,32.166,MAC Field Scanner Field Plot 509 Season 2,FALSE,Maricopa,6000000395,6000003105
height,17030,31.505,MAC Field Scanner Field Plot 508 Season 2,FALSE,Maricopa,6000000395,6000003104
height,17030,31.505,MAC Field Scanner Field Plot 494 Season 2,FALSE,Maricopa,6000000412,6000003090
height,17030,32.827,MAC Field Scanner Field Plot 495 Season 2,FALSE,Maricopa,6000000412,6000003091
height,17030,31.505,MAC Field Scanner Field Plot 499 Season 2,FALSE,Maricopa,6000000253,6000003095
height,17030,32.166,MAC Field Scanner Field Plot 498 Season 2,FALSE,Maricopa,6000000253,6000003094
height,17030,31.505,MAC Field Scanner Field Plot 482 Season 2,FALSE,Maricopa,6000000407,6000003078
height,17030,30.844,MAC Field Scanner Field Plot 518 Season 2,FALSE,Maricopa,6000000279,6000003114
height,17030,33.488,MAC Field Scanner Field Plot 519 Season 2,FALSE,Maricopa,6000000279,6000003115
height,17030,31.505,MAC Field Scanner Field Plot 548 Season 2,FALSE,Maricopa,6000000292,6000003144
height,17030,31.505,MAC Field Scanner Field Plot 549 Season 2,FALSE,Maricopa,6000000292,6000003145
height,17030,31.505,MAC Field Scanner Field Plot 520 Season 2,FALSE,Maricopa,6000000301,6000003116
height,17030,32.166,MAC Field Scanner Field Plot 521 Season 2,FALSE,Maricopa,6000000301,6000003117
height,17030,31.505,MAC Field Scanner Field Plot 550 Season 2,FALSE,Maricopa,6000000303,6000003146
height,17030,30.844,MAC Field Scanner Field Plot 551 Season 2,FALSE,Maricopa,6000000303,6000003147
height,17030,32.166,MAC Field Scanner Field Plot 516 Season 2,FALSE,Maricopa,6000000315,6000003112
height,17030,31.505,MAC Field Scanner Field Plot 517 Season 2,FALSE,Maricopa,6000000315,6000003113
height,17030,32.827,MAC Field Scanner Field Plot 539 Season 2,FALSE,Maricopa,6000000320,6000003135
height,17030,31.505,MAC Field Scanner Field Plot 538 Season 2,FALSE,Maricopa,6000000320,6000003134
height,17030,32.166,MAC Field Scanner Field Plot 562 Season 2,FALSE,Maricopa,6000000376,6000003158
height,17030,31.505,MAC Field Scanner Field Plot 556 Season 2,FALSE,Maricopa,6000000379,6000003152
height,17030,31.505,MAC Field Scanner Field Plot 557 Season 2,FALSE,Maricopa,6000000379,6000003153
height,17030,31.505,MAC Field Scanner Field Plot 558 Season 2,FALSE,Maricopa,6000000248,6000003154
height,17030,31.505,MAC Field Scanner Field Plot 559 Season 2,FALSE,Maricopa,6000000248,6000003155
height,17030,30.844,MAC Field Scanner Field Plot 543 Season 2,FALSE,Maricopa,6000000392,6000003139
height,17030,31.505,MAC Field Scanner Field Plot 542 Season 2,FALSE,Maricopa,6000000392,6000003138
height,17030,32.166,MAC Field Scanner Field Plot 554 Season 2,FALSE,Maricopa,6000000255,6000003150
height,17030,32.166,MAC Field Scanner Field Plot 555 Season 2,FALSE,Maricopa,6000000255,6000003151
height,17030,31.505,MAC Field Scanner Field Plot 533 Season 2,FALSE,Maricopa,6000000410,6000003129
height,17030,31.505,MAC Field Scanner Field Plot 532 Season 2,FALSE,Maricopa,6000000410,6000003128
height,17030,31.505,MAC Field Scanner Field Plot 514 Season 2,FALSE,Maricopa,6000000267,6000003110
height,17030,32.166,MAC Field Scanner Field Plot 515 Season 2,FALSE,Maricopa,6000000267,6000003111
height,17030,31.505,MAC Field Scanner Field Plot 526 Season 2,FALSE,Maricopa,6000000268,6000003122
height,17030,32.166,MAC Field Scanner Field Plot 527 Season 2,FALSE,Maricopa,6000000268,6000003123
height,17030,31.505,MAC Field Scanner Field Plot 565 Season 2,FALSE,Maricopa,6000000275,6000003161
height,17030,31.505,MAC Field Scanner Field Plot 564 Season 2,FALSE,Maricopa,6000000275,6000003160
height,17030,32.166,MAC Field Scanner Field Plot 589 Season 2,FALSE,Maricopa,6000000277,6000003185
height,17030,31.505,MAC Field Scanner Field Plot 601 Season 2,FALSE,Maricopa,6000000283,6000003197
height,17030,32.166,MAC Field Scanner Field Plot 600 Season 2,FALSE,Maricopa,6000000283,6000003196
height,17030,31.505,MAC Field Scanner Field Plot 575 Season 2,FALSE,Maricopa,6000000287,6000003171
height,17030,31.505,MAC Field Scanner Field Plot 574 Season 2,FALSE,Maricopa,6000000287,6000003170
height,17030,32.166,MAC Field Scanner Field Plot 614 Season 2,FALSE,Maricopa,6000000289,6000003210
height,17030,30.844,MAC Field Scanner Field Plot 615 Season 2,FALSE,Maricopa,6000000289,6000003211
height,17030,31.505,MAC Field Scanner Field Plot 571 Season 2,FALSE,Maricopa,6000000241,6000003167
height,17030,32.166,MAC Field Scanner Field Plot 570 Season 2,FALSE,Maricopa,6000000241,6000003166
height,17030,32.166,MAC Field Scanner Field Plot 605 Season 2,FALSE,Maricopa,6000000316,6000003201
height,17030,31.505,MAC Field Scanner Field Plot 604 Season 2,FALSE,Maricopa,6000000316,6000003200
height,17030,32.166,MAC Field Scanner Field Plot 584 Season 2,FALSE,Maricopa,6000000318,6000003180
height,17030,32.166,MAC Field Scanner Field Plot 585 Season 2,FALSE,Maricopa,6000000318,6000003181
height,17030,31.505,MAC Field Scanner Field Plot 595 Season 2,FALSE,Maricopa,6000000331,6000003191
height,17030,32.166,MAC Field Scanner Field Plot 594 Season 2,FALSE,Maricopa,6000000331,6000003190
height,17030,31.505,MAC Field Scanner Field Plot 607 Season 2,FALSE,Maricopa,6000000377,6000003203
height,17030,30.844,MAC Field Scanner Field Plot 606 Season 2,FALSE,Maricopa,6000000377,6000003202
height,17030,31.505,MAC Field Scanner Field Plot 597 Season 2,FALSE,Maricopa,6000000396,6000003193
height,17030,31.505,MAC Field Scanner Field Plot 596 Season 2,FALSE,Maricopa,6000000396,6000003192
height,17030,31.505,MAC Field Scanner Field Plot 620 Season 2,FALSE,Maricopa,6000000400,6000003216
height,17030,32.166,MAC Field Scanner Field Plot 621 Season 2,FALSE,Maricopa,6000000400,6000003217
height,17030,31.505,MAC Field Scanner Field Plot 622 Season 2,FALSE,Maricopa,6000000409,6000003218
height,17030,32.166,MAC Field Scanner Field Plot 623 Season 2,FALSE,Maricopa,6000000409,6000003219
height,17030,32.166,MAC Field Scanner Field Plot 618 Season 2,FALSE,Maricopa,6000000265,6000003214
height,17030,32.827,MAC Field Scanner Field Plot 619 Season 2,FALSE,Maricopa,6000000265,6000003215
height,17030,32.166,MAC Field Scanner Field Plot 578 Season 2,FALSE,Maricopa,6000000271,6000003174
height,17030,31.505,MAC Field Scanner Field Plot 579 Season 2,FALSE,Maricopa,6000000271,6000003175
height,17030,31.505,MAC Field Scanner Field Plot 588 Season 2,FALSE,Maricopa,6000000277,6000003184
height,17030,31.505,MAC Field Scanner Field Plot 654 Season 2,FALSE,Maricopa,6000000282,6000003250
height,17030,32.827,MAC Field Scanner Field Plot 655 Season 2,FALSE,Maricopa,6000000282,6000003251
height,17030,31.505,MAC Field Scanner Field Plot 642 Season 2,FALSE,Maricopa,6000000285,6000003238
height,17030,31.505,MAC Field Scanner Field Plot 643 Season 2,FALSE,Maricopa,6000000285,6000003239
height,17030,31.505,MAC Field Scanner Field Plot 637 Season 2,FALSE,Maricopa,6000000291,6000003233
height,17030,32.166,MAC Field Scanner Field Plot 636 Season 2,FALSE,Maricopa,6000000291,6000003232
height,17030,31.505,MAC Field Scanner Field Plot 627 Season 2,FALSE,Maricopa,6000000300,6000003223
height,17030,32.166,MAC Field Scanner Field Plot 626 Season 2,FALSE,Maricopa,6000000300,6000003222
height,17030,31.505,MAC Field Scanner Field Plot 678 Season 2,FALSE,Maricopa,6000000305,6000003274
height,17030,31.505,MAC Field Scanner Field Plot 679 Season 2,FALSE,Maricopa,6000000305,6000003275
height,17030,30.844,MAC Field Scanner Field Plot 674 Season 2,FALSE,Maricopa,6000000311,6000003270
height,17030,31.505,MAC Field Scanner Field Plot 675 Season 2,FALSE,Maricopa,6000000311,6000003271
height,17030,32.166,MAC Field Scanner Field Plot 629 Season 2,FALSE,Maricopa,6000000319,6000003225
height,17030,32.166,MAC Field Scanner Field Plot 628 Season 2,FALSE,Maricopa,6000000319,6000003224
height,17030,31.505,MAC Field Scanner Field Plot 665 Season 2,FALSE,Maricopa,6000000378,6000003261
height,17030,31.505,MAC Field Scanner Field Plot 664 Season 2,FALSE,Maricopa,6000000378,6000003260
height,17030,31.505,MAC Field Scanner Field Plot 667 Season 2,FALSE,Maricopa,6000000380,6000003263
height,17030,31.505,MAC Field Scanner Field Plot 666 Season 2,FALSE,Maricopa,6000000380,6000003262
height,17030,32.166,MAC Field Scanner Field Plot 631 Season 2,FALSE,Maricopa,6000000381,6000003227
height,17030,32.166,MAC Field Scanner Field Plot 630 Season 2,FALSE,Maricopa,6000000381,6000003226
height,17030,32.166,MAC Field Scanner Field Plot 633 Season 2,FALSE,Maricopa,6000000388,6000003229
height,17030,32.166,MAC Field Scanner Field Plot 632 Season 2,FALSE,Maricopa,6000000388,6000003228
height,17030,31.505,MAC Field Scanner Field Plot 644 Season 2,FALSE,Maricopa,6000000390,6000003240
height,17030,32.166,MAC Field Scanner Field Plot 645 Season 2,FALSE,Maricopa,6000000390,6000003241
height,17030,31.505,MAC Field Scanner Field Plot 659 Season 2,FALSE,Maricopa,6000000250,6000003255
height,17030,32.166,MAC Field Scanner Field Plot 658 Season 2,FALSE,Maricopa,6000000250,6000003254
height,17030,31.505,MAC Field Scanner Field Plot 661 Season 2,FALSE,Maricopa,6000000252,6000003257
height,17030,32.166,MAC Field Scanner Field Plot 702 Season 2,FALSE,Maricopa,6000000278,6000003298
height,17030,31.505,MAC Field Scanner Field Plot 712 Season 2,FALSE,Maricopa,6000000293,6000003308
height,17030,32.166,MAC Field Scanner Field Plot 713 Season 2,FALSE,Maricopa,6000000293,6000003309
height,17030,31.505,MAC Field Scanner Field Plot 710 Season 2,FALSE,Maricopa,6000000298,6000003306
height,17030,31.505,MAC Field Scanner Field Plot 711 Season 2,FALSE,Maricopa,6000000298,6000003307
height,17030,31.505,MAC Field Scanner Field Plot 725 Season 2,FALSE,Maricopa,6000000299,6000003321
height,17030,31.505,MAC Field Scanner Field Plot 724 Season 2,FALSE,Maricopa,6000000299,6000003320
height,17030,31.505,MAC Field Scanner Field Plot 682 Season 2,FALSE,Maricopa,6000000308,6000003278
height,17030,32.166,MAC Field Scanner Field Plot 683 Season 2,FALSE,Maricopa,6000000308,6000003279
height,17030,31.505,MAC Field Scanner Field Plot 718 Season 2,FALSE,Maricopa,6000000312,6000003314
height,17030,32.166,MAC Field Scanner Field Plot 719 Season 2,FALSE,Maricopa,6000000312,6000003315
height,17030,31.505,MAC Field Scanner Field Plot 686 Season 2,FALSE,Maricopa,6000000313,6000003282
height,17030,31.505,MAC Field Scanner Field Plot 687 Season 2,FALSE,Maricopa,6000000313,6000003283
height,17030,32.166,MAC Field Scanner Field Plot 695 Season 2,FALSE,Maricopa,6000000314,6000003291
height,17030,32.827,MAC Field Scanner Field Plot 694 Season 2,FALSE,Maricopa,6000000314,6000003290
height,17030,32.166,MAC Field Scanner Field Plot 703 Season 2,FALSE,Maricopa,6000000278,6000003299
height,17030,32.166,MAC Field Scanner Field Plot 693 Season 2,FALSE,Maricopa,6000000382,6000003289
height,17030,31.505,MAC Field Scanner Field Plot 692 Season 2,FALSE,Maricopa,6000000382,6000003288
height,17030,31.505,MAC Field Scanner Field Plot 714 Season 2,FALSE,Maricopa,6000000385,6000003310
height,17030,32.166,MAC Field Scanner Field Plot 715 Season 2,FALSE,Maricopa,6000000385,6000003311
height,17030,32.166,MAC Field Scanner Field Plot 701 Season 2,FALSE,Maricopa,6000000387,6000003297
height,17030,32.166,MAC Field Scanner Field Plot 700 Season 2,FALSE,Maricopa,6000000387,6000003296
height,17030,32.166,MAC Field Scanner Field Plot 735 Season 2,FALSE,Maricopa,6000000249,6000003331
height,17030,32.166,MAC Field Scanner Field Plot 734 Season 2,FALSE,Maricopa,6000000249,6000003330
height,17030,30.844,MAC Field Scanner Field Plot 729 Season 2,FALSE,Maricopa,6000000399,6000003325
height,17030,31.505,MAC Field Scanner Field Plot 728 Season 2,FALSE,Maricopa,6000000399,6000003324
height,17030,31.505,MAC Field Scanner Field Plot 727 Season 2,FALSE,Maricopa,6000000251,6000003323
height,17030,31.505,MAC Field Scanner Field Plot 765 Season 2,FALSE,Maricopa,6000000290,6000003361
height,17030,31.505,MAC Field Scanner Field Plot 764 Season 2,FALSE,Maricopa,6000000290,6000003360
height,17030,31.505,MAC Field Scanner Field Plot 742 Season 2,FALSE,Maricopa,6000000295,6000003338
height,17030,31.505,MAC Field Scanner Field Plot 743 Season 2,FALSE,Maricopa,6000000295,6000003339
height,17030,31.505,MAC Field Scanner Field Plot 787 Season 2,FALSE,Maricopa,6000000317,6000003383
height,17030,31.505,MAC Field Scanner Field Plot 786 Season 2,FALSE,Maricopa,6000000317,6000003382
height,17030,31.505,MAC Field Scanner Field Plot 791 Season 2,FALSE,Maricopa,6000000383,6000003387
height,17030,31.505,MAC Field Scanner Field Plot 790 Season 2,FALSE,Maricopa,6000000383,6000003386
height,17030,31.505,MAC Field Scanner Field Plot 740 Season 2,FALSE,Maricopa,6000000394,6000003336
height,17030,31.505,MAC Field Scanner Field Plot 741 Season 2,FALSE,Maricopa,6000000394,6000003337
height,17030,31.505,MAC Field Scanner Field Plot 759 Season 2,FALSE,Maricopa,6000000398,6000003355
height,17030,31.505,MAC Field Scanner Field Plot 758 Season 2,FALSE,Maricopa,6000000398,6000003354
height,17030,31.505,MAC Field Scanner Field Plot 757 Season 2,FALSE,Maricopa,6000000402,6000003353
height,17030,31.505,MAC Field Scanner Field Plot 756 Season 2,FALSE,Maricopa,6000000402,6000003352
height,17030,31.505,MAC Field Scanner Field Plot 755 Season 2,FALSE,Maricopa,6000000254,6000003351
height,17030,32.166,MAC Field Scanner Field Plot 754 Season 2,FALSE,Maricopa,6000000254,6000003350
height,17030,31.505,MAC Field Scanner Field Plot 770 Season 2,FALSE,Maricopa,6000000260,6000003366
height,17030,32.166,MAC Field Scanner Field Plot 771 Season 2,FALSE,Maricopa,6000000260,6000003367
height,17030,32.166,MAC Field Scanner Field Plot 748 Season 2,FALSE,Maricopa,6000000261,6000003344
height,17030,31.505,MAC Field Scanner Field Plot 749 Season 2,FALSE,Maricopa,6000000261,6000003345
height,17030,31.505,MAC Field Scanner Field Plot 761 Season 2,FALSE,Maricopa,6000000406,6000003357
height,17030,31.505,MAC Field Scanner Field Plot 760 Season 2,FALSE,Maricopa,6000000406,6000003356
height,17030,31.505,MAC Field Scanner Field Plot 767 Season 2,FALSE,Maricopa,6000000273,6000003363
height,17030,31.505,MAC Field Scanner Field Plot 766 Season 2,FALSE,Maricopa,6000000273,6000003362
height,17030,32.166,MAC Field Scanner Field Plot 827 Season 2,FALSE,Maricopa,6000000284,6000003423
height,17030,31.505,MAC Field Scanner Field Plot 826 Season 2,FALSE,Maricopa,6000000284,6000003422
height,17030,32.166,MAC Field Scanner Field Plot 795 Season 2,FALSE,Maricopa,6000000286,6000003391
height,17030,32.166,MAC Field Scanner Field Plot 794 Season 2,FALSE,Maricopa,6000000286,6000003390
height,17030,33.488,MAC Field Scanner Field Plot 802 Season 2,FALSE,Maricopa,6000000294,6000003398
height,17030,32.166,MAC Field Scanner Field Plot 803 Season 2,FALSE,Maricopa,6000000294,6000003399
height,17030,31.505,MAC Field Scanner Field Plot 812 Season 2,FALSE,Maricopa,6000000296,6000003408
height,17030,31.505,MAC Field Scanner Field Plot 813 Season 2,FALSE,Maricopa,6000000296,6000003409
height,17030,32.166,MAC Field Scanner Field Plot 829 Season 2,FALSE,Maricopa,6000000310,6000003425
height,17030,31.505,MAC Field Scanner Field Plot 828 Season 2,FALSE,Maricopa,6000000310,6000003424
height,17030,30.844,MAC Field Scanner Field Plot 793 Season 2,FALSE,Maricopa,6000000323,6000003389
height,17030,32.166,MAC Field Scanner Field Plot 792 Season 2,FALSE,Maricopa,6000000323,6000003388
height,17030,31.505,MAC Field Scanner Field Plot 810 Season 2,FALSE,Maricopa,6000000325,6000003406
height,17030,31.505,MAC Field Scanner Field Plot 811 Season 2,FALSE,Maricopa,6000000325,6000003407
height,17030,31.505,MAC Field Scanner Field Plot 814 Season 2,FALSE,Maricopa,6000000330,6000003410
height,17030,32.166,MAC Field Scanner Field Plot 815 Season 2,FALSE,Maricopa,6000000330,6000003411
height,17030,32.166,MAC Field Scanner Field Plot 825 Season 2,FALSE,Maricopa,6000000354,6000003421
height,17030,30.844,MAC Field Scanner Field Plot 824 Season 2,FALSE,Maricopa,6000000354,6000003420
height,17030,31.505,MAC Field Scanner Field Plot 823 Season 2,FALSE,Maricopa,6000000365,6000003419
height,17030,31.505,MAC Field Scanner Field Plot 799 Season 2,FALSE,Maricopa,6000000384,6000003395
height,17030,31.505,MAC Field Scanner Field Plot 798 Season 2,FALSE,Maricopa,6000000384,6000003394
height,17030,31.505,MAC Field Scanner Field Plot 804 Season 2,FALSE,Maricopa,6000000397,6000003400
height,17030,31.505,MAC Field Scanner Field Plot 805 Season 2,FALSE,Maricopa,6000000397,6000003401
height,17030,31.505,MAC Field Scanner Field Plot 797 Season 2,FALSE,Maricopa,6000000401,6000003393
height,17030,31.505,MAC Field Scanner Field Plot 796 Season 2,FALSE,Maricopa,6000000401,6000003392
height,17030,32.827,MAC Field Scanner Field Plot 831 Season 2,FALSE,Maricopa,6000000259,6000003427
height,17030,31.505,MAC Field Scanner Field Plot 830 Season 2,FALSE,Maricopa,6000000259,6000003426
height,17030,32.166,MAC Field Scanner Field Plot 806 Season 2,FALSE,Maricopa,6000000405,6000003402
height,17031,31.505,MAC Field Scanner Field Plot 44 Season 2,FALSE,Maricopa,6000000293,6000002640
height,17031,30.844,MAC Field Scanner Field Plot 45 Season 2,FALSE,Maricopa,6000000293,6000002641
height,17031,32.166,MAC Field Scanner Field Plot 55 Season 2,FALSE,Maricopa,6000000294,6000002651
height,17031,31.505,MAC Field Scanner Field Plot 54 Season 2,FALSE,Maricopa,6000000294,6000002650
height,17031,31.505,MAC Field Scanner Field Plot 63 Season 2,FALSE,Maricopa,6000000241,6000002659
height,17031,31.505,MAC Field Scanner Field Plot 62 Season 2,FALSE,Maricopa,6000000241,6000002658
height,17031,30.844,MAC Field Scanner Field Plot 35 Season 2,FALSE,Maricopa,6000000278,6000002631
height,17031,30.183,MAC Field Scanner Field Plot 29 Season 2,FALSE,Maricopa,6000000415,6000002625
height,17031,31.505,MAC Field Scanner Field Plot 28 Season 2,FALSE,Maricopa,6000000415,6000002624
height,17031,30.844,MAC Field Scanner Field Plot 57 Season 2,FALSE,Maricopa,6000000333,6000002653
height,17031,30.844,MAC Field Scanner Field Plot 56 Season 2,FALSE,Maricopa,6000000333,6000002652
height,17031,31.505,MAC Field Scanner Field Plot 51 Season 2,FALSE,Maricopa,6000000334,6000002647
height,17031,32.166,MAC Field Scanner Field Plot 50 Season 2,FALSE,Maricopa,6000000334,6000002646
height,17031,30.844,MAC Field Scanner Field Plot 59 Season 2,FALSE,Maricopa,6000000349,6000002655
height,17031,31.505,MAC Field Scanner Field Plot 58 Season 2,FALSE,Maricopa,6000000349,6000002654
height,17031,31.505,MAC Field Scanner Field Plot 40 Season 2,FALSE,Maricopa,6000000356,6000002636
height,17031,31.505,MAC Field Scanner Field Plot 41 Season 2,FALSE,Maricopa,6000000356,6000002637
height,17031,31.505,MAC Field Scanner Field Plot 42 Season 2,FALSE,Maricopa,6000000384,6000002638
height,17031,30.844,MAC Field Scanner Field Plot 43 Season 2,FALSE,Maricopa,6000000384,6000002639
height,17031,31.505,MAC Field Scanner Field Plot 53 Season 2,FALSE,Maricopa,6000000401,6000002649
height,17031,30.844,MAC Field Scanner Field Plot 52 Season 2,FALSE,Maricopa,6000000401,6000002648
height,17031,32.166,MAC Field Scanner Field Plot 66 Season 2,FALSE,Maricopa,6000000255,6000002662
height,17031,32.166,MAC Field Scanner Field Plot 67 Season 2,FALSE,Maricopa,6000000255,6000002663
height,17031,31.505,MAC Field Scanner Field Plot 46 Season 2,FALSE,Maricopa,6000000258,6000002642
height,17031,31.505,MAC Field Scanner Field Plot 47 Season 2,FALSE,Maricopa,6000000258,6000002643
height,17031,30.844,MAC Field Scanner Field Plot 61 Season 2,FALSE,Maricopa,6000000274,6000002657
height,17031,30.844,MAC Field Scanner Field Plot 60 Season 2,FALSE,Maricopa,6000000274,6000002656
height,17031,31.505,MAC Field Scanner Field Plot 78 Season 2,FALSE,Maricopa,6000000282,6000002674
height,17031,32.166,MAC Field Scanner Field Plot 79 Season 2,FALSE,Maricopa,6000000282,6000002675
height,17031,31.505,MAC Field Scanner Field Plot 121 Season 2,FALSE,Maricopa,6000000289,6000002717
height,17031,32.166,MAC Field Scanner Field Plot 120 Season 2,FALSE,Maricopa,6000000289,6000002716
height,17031,30.844,MAC Field Scanner Field Plot 72 Season 2,FALSE,Maricopa,6000000291,6000002668
height,17031,31.505,MAC Field Scanner Field Plot 73 Season 2,FALSE,Maricopa,6000000291,6000002669
height,17031,30.844,MAC Field Scanner Field Plot 98 Season 2,FALSE,Maricopa,6000000295,6000002694
height,17031,31.505,MAC Field Scanner Field Plot 99 Season 2,FALSE,Maricopa,6000000295,6000002695
height,17031,31.505,MAC Field Scanner Field Plot 70 Season 2,FALSE,Maricopa,6000000296,6000002666
height,17031,32.166,MAC Field Scanner Field Plot 71 Season 2,FALSE,Maricopa,6000000296,6000002667
height,17031,32.166,MAC Field Scanner Field Plot 87 Season 2,FALSE,Maricopa,6000000313,6000002683
height,17031,32.166,MAC Field Scanner Field Plot 86 Season 2,FALSE,Maricopa,6000000313,6000002682
height,17031,31.505,MAC Field Scanner Field Plot 108 Season 2,FALSE,Maricopa,6000000315,6000002704
height,17031,31.505,MAC Field Scanner Field Plot 109 Season 2,FALSE,Maricopa,6000000315,6000002705
height,17031,32.827,MAC Field Scanner Field Plot 119 Season 2,FALSE,Maricopa,6000000319,6000002715
height,17031,31.505,MAC Field Scanner Field Plot 118 Season 2,FALSE,Maricopa,6000000319,6000002714
height,17031,31.505,MAC Field Scanner Field Plot 123 Season 2,FALSE,Maricopa,6000000389,6000002719
height,17031,32.166,MAC Field Scanner Field Plot 122 Season 2,FALSE,Maricopa,6000000389,6000002718
height,17031,32.166,MAC Field Scanner Field Plot 106 Season 2,FALSE,Maricopa,6000000397,6000002702
height,17031,32.166,MAC Field Scanner Field Plot 107 Season 2,FALSE,Maricopa,6000000397,6000002703
height,17031,30.844,MAC Field Scanner Field Plot 83 Season 2,FALSE,Maricopa,6000000400,6000002679
height,17031,32.166,MAC Field Scanner Field Plot 82 Season 2,FALSE,Maricopa,6000000400,6000002678
height,17031,31.505,MAC Field Scanner Field Plot 74 Season 2,FALSE,Maricopa,6000000256,6000002670
height,17031,31.505,MAC Field Scanner Field Plot 75 Season 2,FALSE,Maricopa,6000000256,6000002671
height,17031,31.505,MAC Field Scanner Field Plot 76 Season 2,FALSE,Maricopa,6000000260,6000002672
height,17031,31.505,MAC Field Scanner Field Plot 77 Season 2,FALSE,Maricopa,6000000260,6000002673
height,17031,31.505,MAC Field Scanner Field Plot 102 Season 2,FALSE,Maricopa,6000000406,6000002698
height,17031,32.166,MAC Field Scanner Field Plot 103 Season 2,FALSE,Maricopa,6000000406,6000002699
height,17031,33.488,MAC Field Scanner Field Plot 100 Season 2,FALSE,Maricopa,6000000265,6000002696
height,17031,33.488,MAC Field Scanner Field Plot 101 Season 2,FALSE,Maricopa,6000000265,6000002697
height,17031,32.166,MAC Field Scanner Field Plot 110 Season 2,FALSE,Maricopa,6000000276,6000002706
height,17031,30.844,MAC Field Scanner Field Plot 172 Season 2,FALSE,Maricopa,6000000285,6000002768
height,17031,31.505,MAC Field Scanner Field Plot 173 Season 2,FALSE,Maricopa,6000000285,6000002769
height,17031,31.505,MAC Field Scanner Field Plot 166 Season 2,FALSE,Maricopa,6000000286,6000002762
height,17031,32.166,MAC Field Scanner Field Plot 167 Season 2,FALSE,Maricopa,6000000286,6000002763
height,17031,30.844,MAC Field Scanner Field Plot 164 Season 2,FALSE,Maricopa,6000000302,6000002760
height,17031,31.505,MAC Field Scanner Field Plot 165 Season 2,FALSE,Maricopa,6000000302,6000002761
height,17031,31.505,MAC Field Scanner Field Plot 140 Season 2,FALSE,Maricopa,6000000377,6000002736
height,17031,31.505,MAC Field Scanner Field Plot 141 Season 2,FALSE,Maricopa,6000000377,6000002737
height,17031,31.505,MAC Field Scanner Field Plot 180 Season 2,FALSE,Maricopa,6000000385,6000002776
height,17031,31.505,MAC Field Scanner Field Plot 127 Season 2,FALSE,Maricopa,6000000393,6000002723
height,17031,31.505,MAC Field Scanner Field Plot 126 Season 2,FALSE,Maricopa,6000000393,6000002722
height,17031,31.505,MAC Field Scanner Field Plot 149 Season 2,FALSE,Maricopa,6000000396,6000002745
height,17031,31.505,MAC Field Scanner Field Plot 148 Season 2,FALSE,Maricopa,6000000396,6000002744
height,17031,31.505,MAC Field Scanner Field Plot 162 Season 2,FALSE,Maricopa,6000000402,6000002758
height,17031,32.827,MAC Field Scanner Field Plot 163 Season 2,FALSE,Maricopa,6000000402,6000002759
height,17031,31.505,MAC Field Scanner Field Plot 151 Season 2,FALSE,Maricopa,6000000403,6000002747
height,17031,32.166,MAC Field Scanner Field Plot 150 Season 2,FALSE,Maricopa,6000000403,6000002746
height,17031,32.166,MAC Field Scanner Field Plot 142 Season 2,FALSE,Maricopa,6000000252,6000002738
height,17031,31.505,MAC Field Scanner Field Plot 143 Season 2,FALSE,Maricopa,6000000252,6000002739
height,17031,32.827,MAC Field Scanner Field Plot 132 Season 2,FALSE,Maricopa,6000000261,6000002728
height,17031,32.827,MAC Field Scanner Field Plot 133 Season 2,FALSE,Maricopa,6000000261,6000002729
height,17031,31.505,MAC Field Scanner Field Plot 170 Season 2,FALSE,Maricopa,6000000262,6000002766
height,17031,30.844,MAC Field Scanner Field Plot 232 Season 2,FALSE,Maricopa,6000000281,6000002828
height,17031,32.827,MAC Field Scanner Field Plot 233 Season 2,FALSE,Maricopa,6000000281,6000002829
height,17031,32.166,MAC Field Scanner Field Plot 198 Season 2,FALSE,Maricopa,6000000292,6000002794
height,17031,31.505,MAC Field Scanner Field Plot 199 Season 2,FALSE,Maricopa,6000000292,6000002795
height,17031,31.505,MAC Field Scanner Field Plot 189 Season 2,FALSE,Maricopa,6000000299,6000002785
height,17031,32.166,MAC Field Scanner Field Plot 188 Season 2,FALSE,Maricopa,6000000299,6000002784
height,17031,32.827,MAC Field Scanner Field Plot 221 Season 2,FALSE,Maricopa,6000000303,6000002817
height,17031,32.166,MAC Field Scanner Field Plot 220 Season 2,FALSE,Maricopa,6000000303,6000002816
height,17031,31.505,MAC Field Scanner Field Plot 187 Season 2,FALSE,Maricopa,6000000304,6000002783
height,17031,31.505,MAC Field Scanner Field Plot 186 Season 2,FALSE,Maricopa,6000000304,6000002782
height,17031,31.505,MAC Field Scanner Field Plot 183 Season 2,FALSE,Maricopa,6000000327,6000002779
height,17031,31.505,MAC Field Scanner Field Plot 182 Season 2,FALSE,Maricopa,6000000327,6000002778
height,17031,32.166,MAC Field Scanner Field Plot 228 Season 2,FALSE,Maricopa,6000000379,6000002824
height,17031,32.166,MAC Field Scanner Field Plot 229 Season 2,FALSE,Maricopa,6000000379,6000002825
height,17031,32.166,MAC Field Scanner Field Plot 230 Season 2,FALSE,Maricopa,6000000382,6000002826
height,17031,32.827,MAC Field Scanner Field Plot 231 Season 2,FALSE,Maricopa,6000000382,6000002827
height,17031,30.844,MAC Field Scanner Field Plot 181 Season 2,FALSE,Maricopa,6000000385,6000002777
height,17031,31.505,MAC Field Scanner Field Plot 217 Season 2,FALSE,Maricopa,6000000386,6000002813
height,17031,32.166,MAC Field Scanner Field Plot 216 Season 2,FALSE,Maricopa,6000000386,6000002812
height,17031,32.166,MAC Field Scanner Field Plot 202 Season 2,FALSE,Maricopa,6000000387,6000002798
height,17031,33.488,MAC Field Scanner Field Plot 203 Season 2,FALSE,Maricopa,6000000387,6000002799
height,17031,32.166,MAC Field Scanner Field Plot 213 Season 2,FALSE,Maricopa,6000000249,6000002809
height,17031,30.844,MAC Field Scanner Field Plot 212 Season 2,FALSE,Maricopa,6000000249,6000002808
height,17031,32.166,MAC Field Scanner Field Plot 215 Season 2,FALSE,Maricopa,6000000257,6000002811
height,17031,33.488,MAC Field Scanner Field Plot 214 Season 2,FALSE,Maricopa,6000000257,6000002810
height,17031,31.505,MAC Field Scanner Field Plot 211 Season 2,FALSE,Maricopa,6000000259,6000002807
height,17031,32.166,MAC Field Scanner Field Plot 210 Season 2,FALSE,Maricopa,6000000259,6000002806
height,17031,31.505,MAC Field Scanner Field Plot 268 Season 2,FALSE,Maricopa,6000000280,6000002864
height,17031,31.505,MAC Field Scanner Field Plot 269 Season 2,FALSE,Maricopa,6000000280,6000002865
height,17031,30.844,MAC Field Scanner Field Plot 262 Season 2,FALSE,Maricopa,6000000290,6000002858
height,17031,32.166,MAC Field Scanner Field Plot 263 Season 2,FALSE,Maricopa,6000000290,6000002859
height,17031,31.505,MAC Field Scanner Field Plot 249 Season 2,FALSE,Maricopa,6000000300,6000002845
height,17031,32.827,MAC Field Scanner Field Plot 248 Season 2,FALSE,Maricopa,6000000300,6000002844
height,17031,32.166,MAC Field Scanner Field Plot 264 Season 2,FALSE,Maricopa,6000000305,6000002860
height,17031,32.166,MAC Field Scanner Field Plot 265 Season 2,FALSE,Maricopa,6000000305,6000002861
height,17031,32.166,MAC Field Scanner Field Plot 266 Season 2,FALSE,Maricopa,6000000307,6000002862
height,17031,32.166,MAC Field Scanner Field Plot 267 Season 2,FALSE,Maricopa,6000000307,6000002863
height,17031,31.505,MAC Field Scanner Field Plot 290 Season 2,FALSE,Maricopa,6000000316,6000002886
height,17031,32.166,MAC Field Scanner Field Plot 247 Season 2,FALSE,Maricopa,6000000317,6000002843
height,17031,31.505,MAC Field Scanner Field Plot 246 Season 2,FALSE,Maricopa,6000000317,6000002842
height,17031,31.505,MAC Field Scanner Field Plot 245 Season 2,FALSE,Maricopa,6000000320,6000002841
height,17031,31.505,MAC Field Scanner Field Plot 244 Season 2,FALSE,Maricopa,6000000320,6000002840
height,17031,31.505,MAC Field Scanner Field Plot 281 Season 2,FALSE,Maricopa,6000000380,6000002877
height,17031,33.488,MAC Field Scanner Field Plot 280 Season 2,FALSE,Maricopa,6000000380,6000002876
height,17031,32.166,MAC Field Scanner Field Plot 279 Season 2,FALSE,Maricopa,6000000383,6000002875
height,17031,31.505,MAC Field Scanner Field Plot 278 Season 2,FALSE,Maricopa,6000000383,6000002874
height,17031,32.166,MAC Field Scanner Field Plot 260 Season 2,FALSE,Maricopa,6000000248,6000002856
height,17031,31.505,MAC Field Scanner Field Plot 261 Season 2,FALSE,Maricopa,6000000248,6000002857
height,17031,31.505,MAC Field Scanner Field Plot 270 Season 2,FALSE,Maricopa,6000000394,6000002866
height,17031,31.505,MAC Field Scanner Field Plot 271 Season 2,FALSE,Maricopa,6000000394,6000002867
height,17031,31.505,MAC Field Scanner Field Plot 283 Season 2,FALSE,Maricopa,6000000253,6000002879
height,17031,32.166,MAC Field Scanner Field Plot 282 Season 2,FALSE,Maricopa,6000000253,6000002878
height,17031,31.505,MAC Field Scanner Field Plot 235 Season 2,FALSE,Maricopa,6000000273,6000002831
height,17031,31.505,MAC Field Scanner Field Plot 314 Season 2,FALSE,Maricopa,6000000279,6000002910
height,17031,31.505,MAC Field Scanner Field Plot 302 Season 2,FALSE,Maricopa,6000000284,6000002898
height,17031,31.505,MAC Field Scanner Field Plot 303 Season 2,FALSE,Maricopa,6000000284,6000002899
height,17031,31.505,MAC Field Scanner Field Plot 345 Season 2,FALSE,Maricopa,6000000287,6000002941
height,17031,31.505,MAC Field Scanner Field Plot 344 Season 2,FALSE,Maricopa,6000000287,6000002940
height,17031,31.505,MAC Field Scanner Field Plot 326 Season 2,FALSE,Maricopa,6000000301,6000002922
height,17031,31.505,MAC Field Scanner Field Plot 327 Season 2,FALSE,Maricopa,6000000301,6000002923
height,17031,31.505,MAC Field Scanner Field Plot 307 Season 2,FALSE,Maricopa,6000000306,6000002903
height,17031,32.166,MAC Field Scanner Field Plot 306 Season 2,FALSE,Maricopa,6000000306,6000002902
height,17031,31.505,MAC Field Scanner Field Plot 346 Season 2,FALSE,Maricopa,6000000311,6000002942
height,17031,31.505,MAC Field Scanner Field Plot 291 Season 2,FALSE,Maricopa,6000000316,6000002887
height,17031,30.844,MAC Field Scanner Field Plot 296 Season 2,FALSE,Maricopa,6000000381,6000002892
height,17031,32.166,MAC Field Scanner Field Plot 297 Season 2,FALSE,Maricopa,6000000381,6000002893
height,17031,32.166,MAC Field Scanner Field Plot 309 Season 2,FALSE,Maricopa,6000000390,6000002905
height,17031,31.505,MAC Field Scanner Field Plot 308 Season 2,FALSE,Maricopa,6000000390,6000002904
height,17031,31.505,MAC Field Scanner Field Plot 319 Season 2,FALSE,Maricopa,6000000395,6000002915
height,17031,32.166,MAC Field Scanner Field Plot 318 Season 2,FALSE,Maricopa,6000000395,6000002914
height,17031,32.166,MAC Field Scanner Field Plot 298 Season 2,FALSE,Maricopa,6000000398,6000002894
height,17031,31.505,MAC Field Scanner Field Plot 299 Season 2,FALSE,Maricopa,6000000398,6000002895
height,17031,31.505,MAC Field Scanner Field Plot 324 Season 2,FALSE,Maricopa,6000000399,6000002920
height,17031,32.166,MAC Field Scanner Field Plot 325 Season 2,FALSE,Maricopa,6000000399,6000002921
height,17031,31.505,MAC Field Scanner Field Plot 322 Season 2,FALSE,Maricopa,6000000408,6000002918
height,17031,31.505,MAC Field Scanner Field Plot 323 Season 2,FALSE,Maricopa,6000000408,6000002919
height,17031,32.166,MAC Field Scanner Field Plot 343 Season 2,FALSE,Maricopa,6000000409,6000002939
height,17031,32.166,MAC Field Scanner Field Plot 342 Season 2,FALSE,Maricopa,6000000409,6000002938
height,17031,30.844,MAC Field Scanner Field Plot 328 Season 2,FALSE,Maricopa,6000000269,6000002924
height,17031,32.166,MAC Field Scanner Field Plot 329 Season 2,FALSE,Maricopa,6000000269,6000002925
height,17031,31.505,MAC Field Scanner Field Plot 379 Season 2,FALSE,Maricopa,6000000288,6000002975
height,17031,31.505,MAC Field Scanner Field Plot 378 Season 2,FALSE,Maricopa,6000000288,6000002974
height,17031,32.166,MAC Field Scanner Field Plot 358 Season 2,FALSE,Maricopa,6000000297,6000002954
height,17031,31.505,MAC Field Scanner Field Plot 359 Season 2,FALSE,Maricopa,6000000297,6000002955
height,17031,31.505,MAC Field Scanner Field Plot 386 Season 2,FALSE,Maricopa,6000000308,6000002982
height,17031,32.166,MAC Field Scanner Field Plot 387 Season 2,FALSE,Maricopa,6000000308,6000002983
height,17031,31.505,MAC Field Scanner Field Plot 351 Season 2,FALSE,Maricopa,6000000309,6000002947
height,17031,30.844,MAC Field Scanner Field Plot 350 Season 2,FALSE,Maricopa,6000000309,6000002946
height,17031,30.844,MAC Field Scanner Field Plot 398 Season 2,FALSE,Maricopa,6000000310,6000002994
height,17031,31.505,MAC Field Scanner Field Plot 399 Season 2,FALSE,Maricopa,6000000310,6000002995
height,17031,31.505,MAC Field Scanner Field Plot 347 Season 2,FALSE,Maricopa,6000000311,6000002943
height,17031,31.505,MAC Field Scanner Field Plot 383 Season 2,FALSE,Maricopa,6000000312,6000002979
height,17031,32.166,MAC Field Scanner Field Plot 382 Season 2,FALSE,Maricopa,6000000312,6000002978
height,17031,31.505,MAC Field Scanner Field Plot 390 Season 2,FALSE,Maricopa,6000000318,6000002986
height,17031,32.166,MAC Field Scanner Field Plot 391 Season 2,FALSE,Maricopa,6000000318,6000002987
height,17031,31.505,MAC Field Scanner Field Plot 388 Season 2,FALSE,Maricopa,6000000378,6000002984
height,17031,31.505,MAC Field Scanner Field Plot 389 Season 2,FALSE,Maricopa,6000000378,6000002985
height,17031,31.505,MAC Field Scanner Field Plot 392 Season 2,FALSE,Maricopa,6000000388,6000002988
height,17031,32.827,MAC Field Scanner Field Plot 393 Season 2,FALSE,Maricopa,6000000388,6000002989
height,17031,31.505,MAC Field Scanner Field Plot 371 Season 2,FALSE,Maricopa,6000000412,6000002967
height,17031,32.166,MAC Field Scanner Field Plot 370 Season 2,FALSE,Maricopa,6000000412,6000002966
height,17031,31.505,MAC Field Scanner Field Plot 360 Season 2,FALSE,Maricopa,6000000405,6000002956
height,17031,32.166,MAC Field Scanner Field Plot 361 Season 2,FALSE,Maricopa,6000000405,6000002957
height,17031,32.166,MAC Field Scanner Field Plot 364 Season 2,FALSE,Maricopa,6000000407,6000002960
height,17031,31.505,MAC Field Scanner Field Plot 365 Season 2,FALSE,Maricopa,6000000407,6000002961
height,17031,31.505,MAC Field Scanner Field Plot 356 Season 2,FALSE,Maricopa,6000000271,6000002952
height,17031,31.505,MAC Field Scanner Field Plot 357 Season 2,FALSE,Maricopa,6000000271,6000002953
height,17031,31.505,MAC Field Scanner Field Plot 362 Season 2,FALSE,Maricopa,6000000272,6000002958
height,17031,32.166,MAC Field Scanner Field Plot 363 Season 2,FALSE,Maricopa,6000000272,6000002959
height,17031,31.505,MAC Field Scanner Field Plot 409 Season 2,FALSE,Maricopa,6000000283,6000003005
height,17031,32.827,MAC Field Scanner Field Plot 408 Season 2,FALSE,Maricopa,6000000283,6000003004
height,17031,31.505,MAC Field Scanner Field Plot 575 Season 2,FALSE,Maricopa,6000000287,6000003171
height,17031,30.844,MAC Field Scanner Field Plot 574 Season 2,FALSE,Maricopa,6000000287,6000003170
height,17031,31.505,MAC Field Scanner Field Plot 548 Season 2,FALSE,Maricopa,6000000292,6000003144
height,17031,31.505,MAC Field Scanner Field Plot 549 Season 2,FALSE,Maricopa,6000000292,6000003145
height,17031,30.844,MAC Field Scanner Field Plot 550 Season 2,FALSE,Maricopa,6000000303,6000003146
height,17031,30.844,MAC Field Scanner Field Plot 551 Season 2,FALSE,Maricopa,6000000303,6000003147
height,17031,31.505,MAC Field Scanner Field Plot 571 Season 2,FALSE,Maricopa,6000000241,6000003167
height,17031,31.505,MAC Field Scanner Field Plot 570 Season 2,FALSE,Maricopa,6000000241,6000003166
height,17031,31.505,MAC Field Scanner Field Plot 584 Season 2,FALSE,Maricopa,6000000318,6000003180
height,17031,31.505,MAC Field Scanner Field Plot 562 Season 2,FALSE,Maricopa,6000000376,6000003158
height,17031,31.505,MAC Field Scanner Field Plot 556 Season 2,FALSE,Maricopa,6000000379,6000003152
height,17031,31.505,MAC Field Scanner Field Plot 557 Season 2,FALSE,Maricopa,6000000379,6000003153
height,17031,31.505,MAC Field Scanner Field Plot 558 Season 2,FALSE,Maricopa,6000000248,6000003154
height,17031,31.505,MAC Field Scanner Field Plot 559 Season 2,FALSE,Maricopa,6000000248,6000003155
height,17031,31.505,MAC Field Scanner Field Plot 405 Season 2,FALSE,Maricopa,6000000250,6000003001
height,17031,30.844,MAC Field Scanner Field Plot 404 Season 2,FALSE,Maricopa,6000000250,6000003e3
height,17031,31.505,MAC Field Scanner Field Plot 415 Season 2,FALSE,Maricopa,6000000251,6000003011
height,17031,31.505,MAC Field Scanner Field Plot 414 Season 2,FALSE,Maricopa,6000000251,6000003010
height,17031,31.505,MAC Field Scanner Field Plot 411 Season 2,FALSE,Maricopa,6000000254,6000003007
height,17031,32.166,MAC Field Scanner Field Plot 410 Season 2,FALSE,Maricopa,6000000254,6000003006
height,17031,31.505,MAC Field Scanner Field Plot 554 Season 2,FALSE,Maricopa,6000000255,6000003150
height,17031,32.166,MAC Field Scanner Field Plot 555 Season 2,FALSE,Maricopa,6000000255,6000003151
height,17031,31.505,MAC Field Scanner Field Plot 578 Season 2,FALSE,Maricopa,6000000271,6000003174
height,17031,30.844,MAC Field Scanner Field Plot 579 Season 2,FALSE,Maricopa,6000000271,6000003175
height,17031,31.505,MAC Field Scanner Field Plot 413 Season 2,FALSE,Maricopa,6000000275,6000003009
height,17031,31.505,MAC Field Scanner Field Plot 412 Season 2,FALSE,Maricopa,6000000275,6000003008
height,17031,30.844,MAC Field Scanner Field Plot 589 Season 2,FALSE,Maricopa,6000000277,6000003185
height,17031,31.505,MAC Field Scanner Field Plot 601 Season 2,FALSE,Maricopa,6000000283,6000003197
height,17031,30.844,MAC Field Scanner Field Plot 600 Season 2,FALSE,Maricopa,6000000283,6000003196
height,17031,31.505,MAC Field Scanner Field Plot 614 Season 2,FALSE,Maricopa,6000000289,6000003210
height,17031,30.844,MAC Field Scanner Field Plot 615 Season 2,FALSE,Maricopa,6000000289,6000003211
height,17031,31.505,MAC Field Scanner Field Plot 637 Season 2,FALSE,Maricopa,6000000291,6000003233
height,17031,32.166,MAC Field Scanner Field Plot 636 Season 2,FALSE,Maricopa,6000000291,6000003232
height,17031,30.844,MAC Field Scanner Field Plot 627 Season 2,FALSE,Maricopa,6000000300,6000003223
height,17031,32.166,MAC Field Scanner Field Plot 626 Season 2,FALSE,Maricopa,6000000300,6000003222
height,17031,32.166,MAC Field Scanner Field Plot 605 Season 2,FALSE,Maricopa,6000000316,6000003201
height,17031,31.505,MAC Field Scanner Field Plot 604 Season 2,FALSE,Maricopa,6000000316,6000003200
height,17031,31.505,MAC Field Scanner Field Plot 585 Season 2,FALSE,Maricopa,6000000318,6000003181
height,17031,31.505,MAC Field Scanner Field Plot 629 Season 2,FALSE,Maricopa,6000000319,6000003225
height,17031,32.166,MAC Field Scanner Field Plot 628 Season 2,FALSE,Maricopa,6000000319,6000003224
height,17031,31.505,MAC Field Scanner Field Plot 595 Season 2,FALSE,Maricopa,6000000331,6000003191
height,17031,32.166,MAC Field Scanner Field Plot 594 Season 2,FALSE,Maricopa,6000000331,6000003190
height,17031,31.505,MAC Field Scanner Field Plot 607 Season 2,FALSE,Maricopa,6000000377,6000003203
height,17031,30.844,MAC Field Scanner Field Plot 606 Season 2,FALSE,Maricopa,6000000377,6000003202
height,17031,32.166,MAC Field Scanner Field Plot 631 Season 2,FALSE,Maricopa,6000000381,6000003227
height,17031,32.166,MAC Field Scanner Field Plot 630 Season 2,FALSE,Maricopa,6000000381,6000003226
height,17031,32.166,MAC Field Scanner Field Plot 633 Season 2,FALSE,Maricopa,6000000388,6000003229
height,17031,32.166,MAC Field Scanner Field Plot 632 Season 2,FALSE,Maricopa,6000000388,6000003228
height,17031,31.505,MAC Field Scanner Field Plot 597 Season 2,FALSE,Maricopa,6000000396,6000003193
height,17031,31.505,MAC Field Scanner Field Plot 596 Season 2,FALSE,Maricopa,6000000396,6000003192
height,17031,31.505,MAC Field Scanner Field Plot 620 Season 2,FALSE,Maricopa,6000000400,6000003216
height,17031,32.166,MAC Field Scanner Field Plot 621 Season 2,FALSE,Maricopa,6000000400,6000003217
height,17031,31.505,MAC Field Scanner Field Plot 635 Season 2,FALSE,Maricopa,6000000258,6000003231
height,17031,31.505,MAC Field Scanner Field Plot 634 Season 2,FALSE,Maricopa,6000000258,6000003230
height,17031,31.505,MAC Field Scanner Field Plot 622 Season 2,FALSE,Maricopa,6000000409,6000003218
height,17031,32.166,MAC Field Scanner Field Plot 623 Season 2,FALSE,Maricopa,6000000409,6000003219
height,17031,32.166,MAC Field Scanner Field Plot 618 Season 2,FALSE,Maricopa,6000000265,6000003214
height,17031,31.505,MAC Field Scanner Field Plot 654 Season 2,FALSE,Maricopa,6000000282,6000003250
height,17031,32.827,MAC Field Scanner Field Plot 655 Season 2,FALSE,Maricopa,6000000282,6000003251
height,17031,31.505,MAC Field Scanner Field Plot 642 Season 2,FALSE,Maricopa,6000000285,6000003238
height,17031,31.505,MAC Field Scanner Field Plot 643 Season 2,FALSE,Maricopa,6000000285,6000003239
height,17031,31.505,MAC Field Scanner Field Plot 678 Season 2,FALSE,Maricopa,6000000305,6000003274
height,17031,31.505,MAC Field Scanner Field Plot 679 Season 2,FALSE,Maricopa,6000000305,6000003275
height,17031,31.505,MAC Field Scanner Field Plot 682 Season 2,FALSE,Maricopa,6000000308,6000003278
height,17031,32.166,MAC Field Scanner Field Plot 683 Season 2,FALSE,Maricopa,6000000308,6000003279
height,17031,31.505,MAC Field Scanner Field Plot 674 Season 2,FALSE,Maricopa,6000000311,6000003270
height,17031,31.505,MAC Field Scanner Field Plot 675 Season 2,FALSE,Maricopa,6000000311,6000003271
height,17031,31.505,MAC Field Scanner Field Plot 686 Season 2,FALSE,Maricopa,6000000313,6000003282
height,17031,31.505,MAC Field Scanner Field Plot 687 Season 2,FALSE,Maricopa,6000000313,6000003283
height,17031,32.166,MAC Field Scanner Field Plot 695 Season 2,FALSE,Maricopa,6000000314,6000003291
height,17031,32.166,MAC Field Scanner Field Plot 694 Season 2,FALSE,Maricopa,6000000314,6000003290
height,17031,31.505,MAC Field Scanner Field Plot 665 Season 2,FALSE,Maricopa,6000000378,6000003261
height,17031,31.505,MAC Field Scanner Field Plot 664 Season 2,FALSE,Maricopa,6000000378,6000003260
height,17031,31.505,MAC Field Scanner Field Plot 667 Season 2,FALSE,Maricopa,6000000380,6000003263
height,17031,31.505,MAC Field Scanner Field Plot 666 Season 2,FALSE,Maricopa,6000000380,6000003262
height,17031,32.166,MAC Field Scanner Field Plot 693 Season 2,FALSE,Maricopa,6000000382,6000003289
height,17031,31.505,MAC Field Scanner Field Plot 692 Season 2,FALSE,Maricopa,6000000382,6000003288
height,17031,31.505,MAC Field Scanner Field Plot 644 Season 2,FALSE,Maricopa,6000000390,6000003240
height,17031,32.166,MAC Field Scanner Field Plot 645 Season 2,FALSE,Maricopa,6000000390,6000003241
height,17031,31.505,MAC Field Scanner Field Plot 659 Season 2,FALSE,Maricopa,6000000250,6000003255
height,17031,32.166,MAC Field Scanner Field Plot 658 Season 2,FALSE,Maricopa,6000000250,6000003254
height,17031,31.505,MAC Field Scanner Field Plot 661 Season 2,FALSE,Maricopa,6000000252,6000003257
height,17031,32.166,MAC Field Scanner Field Plot 660 Season 2,FALSE,Maricopa,6000000252,6000003256
height,17031,32.166,MAC Field Scanner Field Plot 663 Season 2,FALSE,Maricopa,6000000263,6000003259
height,17031,31.505,MAC Field Scanner Field Plot 662 Season 2,FALSE,Maricopa,6000000263,6000003258
height,17031,31.505,MAC Field Scanner Field Plot 652 Season 2,FALSE,Maricopa,6000000264,6000003248
height,17031,32.166,MAC Field Scanner Field Plot 653 Season 2,FALSE,Maricopa,6000000264,6000003249
height,17031,32.166,MAC Field Scanner Field Plot 702 Season 2,FALSE,Maricopa,6000000278,6000003298
height,17031,31.505,MAC Field Scanner Field Plot 712 Season 2,FALSE,Maricopa,6000000293,6000003308
height,17031,32.166,MAC Field Scanner Field Plot 713 Season 2,FALSE,Maricopa,6000000293,6000003309
height,17031,31.505,MAC Field Scanner Field Plot 742 Season 2,FALSE,Maricopa,6000000295,6000003338
height,17031,31.505,MAC Field Scanner Field Plot 743 Season 2,FALSE,Maricopa,6000000295,6000003339
height,17031,31.505,MAC Field Scanner Field Plot 710 Season 2,FALSE,Maricopa,6000000298,6000003306
height,17031,30.844,MAC Field Scanner Field Plot 711 Season 2,FALSE,Maricopa,6000000298,6000003307
height,17031,31.505,MAC Field Scanner Field Plot 725 Season 2,FALSE,Maricopa,6000000299,6000003321
height,17031,31.505,MAC Field Scanner Field Plot 724 Season 2,FALSE,Maricopa,6000000299,6000003320
height,17031,31.505,MAC Field Scanner Field Plot 718 Season 2,FALSE,Maricopa,6000000312,6000003314
height,17031,32.827,MAC Field Scanner Field Plot 719 Season 2,FALSE,Maricopa,6000000312,6000003315
height,17031,31.505,MAC Field Scanner Field Plot 703 Season 2,FALSE,Maricopa,6000000278,6000003299
height,17031,30.844,MAC Field Scanner Field Plot 714 Season 2,FALSE,Maricopa,6000000385,6000003310
height,17031,32.166,MAC Field Scanner Field Plot 715 Season 2,FALSE,Maricopa,6000000385,6000003311
height,17031,32.166,MAC Field Scanner Field Plot 701 Season 2,FALSE,Maricopa,6000000387,6000003297
height,17031,32.827,MAC Field Scanner Field Plot 700 Season 2,FALSE,Maricopa,6000000387,6000003296
height,17031,31.505,MAC Field Scanner Field Plot 735 Season 2,FALSE,Maricopa,6000000249,6000003331
height,17031,32.166,MAC Field Scanner Field Plot 734 Season 2,FALSE,Maricopa,6000000249,6000003330
height,17031,31.505,MAC Field Scanner Field Plot 740 Season 2,FALSE,Maricopa,6000000394,6000003336
height,17031,31.505,MAC Field Scanner Field Plot 741 Season 2,FALSE,Maricopa,6000000394,6000003337
height,17031,30.844,MAC Field Scanner Field Plot 729 Season 2,FALSE,Maricopa,6000000399,6000003325
height,17031,32.166,MAC Field Scanner Field Plot 728 Season 2,FALSE,Maricopa,6000000399,6000003324
height,17031,32.166,MAC Field Scanner Field Plot 727 Season 2,FALSE,Maricopa,6000000251,6000003323
height,17031,32.166,MAC Field Scanner Field Plot 726 Season 2,FALSE,Maricopa,6000000251,6000003322
height,17031,31.505,MAC Field Scanner Field Plot 708 Season 2,FALSE,Maricopa,6000000256,6000003304
height,17031,32.166,MAC Field Scanner Field Plot 795 Season 2,FALSE,Maricopa,6000000286,6000003391
height,17031,32.166,MAC Field Scanner Field Plot 794 Season 2,FALSE,Maricopa,6000000286,6000003390
height,17031,31.505,MAC Field Scanner Field Plot 765 Season 2,FALSE,Maricopa,6000000290,6000003361
height,17031,32.166,MAC Field Scanner Field Plot 764 Season 2,FALSE,Maricopa,6000000290,6000003360
height,17031,33.488,MAC Field Scanner Field Plot 802 Season 2,FALSE,Maricopa,6000000294,6000003398
height,17031,32.166,MAC Field Scanner Field Plot 803 Season 2,FALSE,Maricopa,6000000294,6000003399
height,17031,31.505,MAC Field Scanner Field Plot 787 Season 2,FALSE,Maricopa,6000000317,6000003383
height,17031,31.505,MAC Field Scanner Field Plot 786 Season 2,FALSE,Maricopa,6000000317,6000003382
height,17031,31.505,MAC Field Scanner Field Plot 791 Season 2,FALSE,Maricopa,6000000383,6000003387
height,17031,31.505,MAC Field Scanner Field Plot 790 Season 2,FALSE,Maricopa,6000000383,6000003386
height,17031,32.166,MAC Field Scanner Field Plot 799 Season 2,FALSE,Maricopa,6000000384,6000003395
height,17031,31.505,MAC Field Scanner Field Plot 798 Season 2,FALSE,Maricopa,6000000384,6000003394
height,17031,31.505,MAC Field Scanner Field Plot 804 Season 2,FALSE,Maricopa,6000000397,6000003400
height,17031,31.505,MAC Field Scanner Field Plot 805 Season 2,FALSE,Maricopa,6000000397,6000003401
height,17031,31.505,MAC Field Scanner Field Plot 759 Season 2,FALSE,Maricopa,6000000398,6000003355
height,17031,31.505,MAC Field Scanner Field Plot 758 Season 2,FALSE,Maricopa,6000000398,6000003354
height,17031,31.505,MAC Field Scanner Field Plot 797 Season 2,FALSE,Maricopa,6000000401,6000003393
height,17031,31.505,MAC Field Scanner Field Plot 796 Season 2,FALSE,Maricopa,6000000401,6000003392
height,17031,31.505,MAC Field Scanner Field Plot 757 Season 2,FALSE,Maricopa,6000000402,6000003353
height,17031,31.505,MAC Field Scanner Field Plot 756 Season 2,FALSE,Maricopa,6000000402,6000003352
height,17031,31.505,MAC Field Scanner Field Plot 755 Season 2,FALSE,Maricopa,6000000254,6000003351
height,17031,31.505,MAC Field Scanner Field Plot 754 Season 2,FALSE,Maricopa,6000000254,6000003350
height,17031,32.166,MAC Field Scanner Field Plot 806 Season 2,FALSE,Maricopa,6000000405,6000003402
height,17031,31.505,MAC Field Scanner Field Plot 770 Season 2,FALSE,Maricopa,6000000260,6000003366
height,17031,32.166,MAC Field Scanner Field Plot 771 Season 2,FALSE,Maricopa,6000000260,6000003367
height,17031,32.166,MAC Field Scanner Field Plot 827 Season 2,FALSE,Maricopa,6000000284,6000003423
height,17031,31.505,MAC Field Scanner Field Plot 826 Season 2,FALSE,Maricopa,6000000284,6000003422
height,17035,33.488,MAC Field Scanner Field Plot 802 Season 2,FALSE,Maricopa,6000000294,6000003398
height,17035,31.505,MAC Field Scanner Field Plot 803 Season 2,FALSE,Maricopa,6000000294,6000003399
height,17031,31.505,MAC Field Scanner Field Plot 812 Season 2,FALSE,Maricopa,6000000296,6000003408
height,17035,55.301,MAC Field Scanner Field Plot 812 Season 2,FALSE,Maricopa,6000000296,6000003408
height,17031,31.505,MAC Field Scanner Field Plot 813 Season 2,FALSE,Maricopa,6000000296,6000003409
height,17031,31.505,MAC Field Scanner Field Plot 829 Season 2,FALSE,Maricopa,6000000310,6000003425
height,17031,31.505,MAC Field Scanner Field Plot 828 Season 2,FALSE,Maricopa,6000000310,6000003424
height,17031,31.505,MAC Field Scanner Field Plot 810 Season 2,FALSE,Maricopa,6000000325,6000003406
height,17035,31.505,MAC Field Scanner Field Plot 810 Season 2,FALSE,Maricopa,6000000325,6000003406
height,17031,31.505,MAC Field Scanner Field Plot 811 Season 2,FALSE,Maricopa,6000000325,6000003407
height,17035,36.132,MAC Field Scanner Field Plot 811 Season 2,FALSE,Maricopa,6000000325,6000003407
height,17031,31.505,MAC Field Scanner Field Plot 814 Season 2,FALSE,Maricopa,6000000330,6000003410
height,17031,32.166,MAC Field Scanner Field Plot 815 Season 2,FALSE,Maricopa,6000000330,6000003411
height,17031,32.827,MAC Field Scanner Field Plot 825 Season 2,FALSE,Maricopa,6000000354,6000003421
height,17031,31.505,MAC Field Scanner Field Plot 824 Season 2,FALSE,Maricopa,6000000354,6000003420
height,17031,31.505,MAC Field Scanner Field Plot 823 Season 2,FALSE,Maricopa,6000000365,6000003419
height,17035,31.505,MAC Field Scanner Field Plot 804 Season 2,FALSE,Maricopa,6000000397,6000003400
height,17035,31.505,MAC Field Scanner Field Plot 805 Season 2,FALSE,Maricopa,6000000397,6000003401
height,17031,32.827,MAC Field Scanner Field Plot 831 Season 2,FALSE,Maricopa,6000000259,6000003427
height,17031,31.505,MAC Field Scanner Field Plot 830 Season 2,FALSE,Maricopa,6000000259,6000003426
height,17035,31.505,MAC Field Scanner Field Plot 806 Season 2,FALSE,Maricopa,6000000405,6000003402
height,17031,31.505,MAC Field Scanner Field Plot 807 Season 2,FALSE,Maricopa,6000000405,6000003403
height,17035,32.166,MAC Field Scanner Field Plot 807 Season 2,FALSE,Maricopa,6000000405,6000003403
height,17031,31.505,MAC Field Scanner Field Plot 821 Season 2,FALSE,Maricopa,6000000262,6000003417
height,17031,30.844,MAC Field Scanner Field Plot 820 Season 2,FALSE,Maricopa,6000000262,6000003416
height,17035,31.505,MAC Field Scanner Field Plot 827 Season 2,FALSE,Maricopa,6000000284,6000003423
height,17035,31.505,MAC Field Scanner Field Plot 826 Season 2,FALSE,Maricopa,6000000284,6000003422
height,17036,31.505,MAC Field Scanner Field Plot 345 Season 2,FALSE,Maricopa,6000000287,6000002941
height,17036,32.166,MAC Field Scanner Field Plot 344 Season 2,FALSE,Maricopa,6000000287,6000002940
height,17036,32.827,MAC Field Scanner Field Plot 358 Season 2,FALSE,Maricopa,6000000297,6000002954
height,17036,30.844,MAC Field Scanner Field Plot 351 Season 2,FALSE,Maricopa,6000000309,6000002947
height,17036,30.844,MAC Field Scanner Field Plot 350 Season 2,FALSE,Maricopa,6000000309,6000002946
height,17035,31.505,MAC Field Scanner Field Plot 829 Season 2,FALSE,Maricopa,6000000310,6000003425
height,17035,31.505,MAC Field Scanner Field Plot 828 Season 2,FALSE,Maricopa,6000000310,6000003424
height,17036,31.505,MAC Field Scanner Field Plot 347 Season 2,FALSE,Maricopa,6000000311,6000002943
height,17036,30.844,MAC Field Scanner Field Plot 346 Season 2,FALSE,Maricopa,6000000311,6000002942
height,17036,32.166,MAC Field Scanner Field Plot 354 Season 2,FALSE,Maricopa,6000000326,6000002950
height,17036,31.505,MAC Field Scanner Field Plot 355 Season 2,FALSE,Maricopa,6000000326,6000002951
height,17035,32.166,MAC Field Scanner Field Plot 815 Season 2,FALSE,Maricopa,6000000330,6000003411
height,17036,30.844,MAC Field Scanner Field Plot 339 Season 2,FALSE,Maricopa,6000000341,6000002935
height,17036,30.844,MAC Field Scanner Field Plot 338 Season 2,FALSE,Maricopa,6000000341,6000002934
height,17036,30.844,MAC Field Scanner Field Plot 341 Season 2,FALSE,Maricopa,6000000353,6000002937
height,17036,31.505,MAC Field Scanner Field Plot 340 Season 2,FALSE,Maricopa,6000000353,6000002936
height,17035,32.827,MAC Field Scanner Field Plot 825 Season 2,FALSE,Maricopa,6000000354,6000003421
height,17035,30.844,MAC Field Scanner Field Plot 824 Season 2,FALSE,Maricopa,6000000354,6000003420
height,17035,71.165,MAC Field Scanner Field Plot 831 Season 2,FALSE,Maricopa,6000000259,6000003427
height,17035,31.505,MAC Field Scanner Field Plot 830 Season 2,FALSE,Maricopa,6000000259,6000003426
height,17035,30.844,MAC Field Scanner Field Plot 821 Season 2,FALSE,Maricopa,6000000262,6000003417
height,17035,31.505,MAC Field Scanner Field Plot 820 Season 2,FALSE,Maricopa,6000000262,6000003416
height,17036,32.166,MAC Field Scanner Field Plot 343 Season 2,FALSE,Maricopa,6000000409,6000002939
height,17036,31.505,MAC Field Scanner Field Plot 342 Season 2,FALSE,Maricopa,6000000409,6000002938
height,17036,31.505,MAC Field Scanner Field Plot 356 Season 2,FALSE,Maricopa,6000000271,6000002952
height,17036,32.166,MAC Field Scanner Field Plot 357 Season 2,FALSE,Maricopa,6000000271,6000002953
height,17035,30.844,MAC Field Scanner Field Plot 819 Season 2,FALSE,Maricopa,6000000274,6000003415
height,17035,32.166,MAC Field Scanner Field Plot 818 Season 2,FALSE,Maricopa,6000000274,6000003414
height,17036,32.166,MAC Field Scanner Field Plot 409 Season 2,FALSE,Maricopa,6000000283,6000003005
height,17036,32.166,MAC Field Scanner Field Plot 408 Season 2,FALSE,Maricopa,6000000283,6000003004
height,17036,31.505,MAC Field Scanner Field Plot 379 Season 2,FALSE,Maricopa,6000000288,6000002975
height,17036,31.505,MAC Field Scanner Field Plot 378 Season 2,FALSE,Maricopa,6000000288,6000002974
height,17036,31.505,MAC Field Scanner Field Plot 359 Season 2,FALSE,Maricopa,6000000297,6000002955
height,17036,31.505,MAC Field Scanner Field Plot 386 Season 2,FALSE,Maricopa,6000000308,6000002982
height,17036,32.166,MAC Field Scanner Field Plot 387 Season 2,FALSE,Maricopa,6000000308,6000002983
height,17036,31.505,MAC Field Scanner Field Plot 398 Season 2,FALSE,Maricopa,6000000310,6000002994
height,17036,31.505,MAC Field Scanner Field Plot 399 Season 2,FALSE,Maricopa,6000000310,6000002995
height,17036,30.844,MAC Field Scanner Field Plot 383 Season 2,FALSE,Maricopa,6000000312,6000002979
height,17036,31.505,MAC Field Scanner Field Plot 382 Season 2,FALSE,Maricopa,6000000312,6000002978
height,17036,30.844,MAC Field Scanner Field Plot 390 Season 2,FALSE,Maricopa,6000000318,6000002986
height,17036,32.166,MAC Field Scanner Field Plot 391 Season 2,FALSE,Maricopa,6000000318,6000002987
height,17036,31.505,MAC Field Scanner Field Plot 388 Season 2,FALSE,Maricopa,6000000378,6000002984
height,17036,32.166,MAC Field Scanner Field Plot 389 Season 2,FALSE,Maricopa,6000000378,6000002985
height,17036,31.505,MAC Field Scanner Field Plot 392 Season 2,FALSE,Maricopa,6000000388,6000002988
height,17036,32.827,MAC Field Scanner Field Plot 393 Season 2,FALSE,Maricopa,6000000388,6000002989
height,17036,31.505,MAC Field Scanner Field Plot 405 Season 2,FALSE,Maricopa,6000000250,6000003001
height,17036,30.844,MAC Field Scanner Field Plot 404 Season 2,FALSE,Maricopa,6000000250,6000003e3
height,17036,30.844,MAC Field Scanner Field Plot 371 Season 2,FALSE,Maricopa,6000000412,6000002967
height,17036,31.505,MAC Field Scanner Field Plot 370 Season 2,FALSE,Maricopa,6000000412,6000002966
height,17036,31.505,MAC Field Scanner Field Plot 414 Season 2,FALSE,Maricopa,6000000251,6000003010
height,17036,31.505,MAC Field Scanner Field Plot 411 Season 2,FALSE,Maricopa,6000000254,6000003007
height,17036,32.166,MAC Field Scanner Field Plot 410 Season 2,FALSE,Maricopa,6000000254,6000003006
height,17036,31.505,MAC Field Scanner Field Plot 360 Season 2,FALSE,Maricopa,6000000405,6000002956
height,17036,32.166,MAC Field Scanner Field Plot 361 Season 2,FALSE,Maricopa,6000000405,6000002957
height,17036,31.505,MAC Field Scanner Field Plot 364 Season 2,FALSE,Maricopa,6000000407,6000002960
height,17036,31.505,MAC Field Scanner Field Plot 365 Season 2,FALSE,Maricopa,6000000407,6000002961
height,17036,31.505,MAC Field Scanner Field Plot 362 Season 2,FALSE,Maricopa,6000000272,6000002958
height,17036,32.166,MAC Field Scanner Field Plot 363 Season 2,FALSE,Maricopa,6000000272,6000002959
height,17036,31.505,MAC Field Scanner Field Plot 454 Season 2,FALSE,Maricopa,6000000288,6000003050
height,17036,31.505,MAC Field Scanner Field Plot 455 Season 2,FALSE,Maricopa,6000000288,6000003051
height,17036,34.149,MAC Field Scanner Field Plot 418 Season 2,FALSE,Maricopa,6000000298,6000003014
height,17036,33.488,MAC Field Scanner Field Plot 419 Season 2,FALSE,Maricopa,6000000298,6000003015
height,17036,31.505,MAC Field Scanner Field Plot 443 Season 2,FALSE,Maricopa,6000000302,6000003039
height,17036,32.166,MAC Field Scanner Field Plot 442 Season 2,FALSE,Maricopa,6000000302,6000003038
height,17036,31.505,MAC Field Scanner Field Plot 467 Season 2,FALSE,Maricopa,6000000304,6000003063
height,17036,31.505,MAC Field Scanner Field Plot 466 Season 2,FALSE,Maricopa,6000000304,6000003062
height,17036,31.505,MAC Field Scanner Field Plot 469 Season 2,FALSE,Maricopa,6000000306,6000003065
height,17036,32.166,MAC Field Scanner Field Plot 468 Season 2,FALSE,Maricopa,6000000306,6000003064
height,17036,31.505,MAC Field Scanner Field Plot 437 Season 2,FALSE,Maricopa,6000000309,6000003033
height,17036,31.505,MAC Field Scanner Field Plot 436 Season 2,FALSE,Maricopa,6000000309,6000003032
height,17036,32.166,MAC Field Scanner Field Plot 424 Season 2,FALSE,Maricopa,6000000314,6000003020
height,17036,32.166,MAC Field Scanner Field Plot 425 Season 2,FALSE,Maricopa,6000000314,6000003021
height,17036,32.166,MAC Field Scanner Field Plot 458 Season 2,FALSE,Maricopa,6000000389,6000003054
height,17036,31.505,MAC Field Scanner Field Plot 459 Season 2,FALSE,Maricopa,6000000389,6000003055
height,17036,32.166,MAC Field Scanner Field Plot 430 Season 2,FALSE,Maricopa,6000000391,6000003026
height,17036,32.166,MAC Field Scanner Field Plot 431 Season 2,FALSE,Maricopa,6000000391,6000003027
height,17036,32.166,MAC Field Scanner Field Plot 426 Season 2,FALSE,Maricopa,6000000392,6000003022
height,17036,32.166,MAC Field Scanner Field Plot 427 Season 2,FALSE,Maricopa,6000000392,6000003023
height,17036,32.166,MAC Field Scanner Field Plot 441 Season 2,FALSE,Maricopa,6000000403,6000003037
height,17036,32.166,MAC Field Scanner Field Plot 440 Season 2,FALSE,Maricopa,6000000403,6000003036
height,17036,31.505,MAC Field Scanner Field Plot 415 Season 2,FALSE,Maricopa,6000000251,6000003011
height,17036,31.505,MAC Field Scanner Field Plot 428 Season 2,FALSE,Maricopa,6000000264,6000003024
height,17036,31.505,MAC Field Scanner Field Plot 429 Season 2,FALSE,Maricopa,6000000264,6000003025
height,17036,31.505,MAC Field Scanner Field Plot 462 Season 2,FALSE,Maricopa,6000000266,6000003058
height,17036,32.166,MAC Field Scanner Field Plot 463 Season 2,FALSE,Maricopa,6000000266,6000003059
height,17036,32.827,MAC Field Scanner Field Plot 420 Season 2,FALSE,Maricopa,6000000267,6000003016
height,17036,30.844,MAC Field Scanner Field Plot 518 Season 2,FALSE,Maricopa,6000000279,6000003114
height,17036,32.827,MAC Field Scanner Field Plot 519 Season 2,FALSE,Maricopa,6000000279,6000003115
height,17036,31.505,MAC Field Scanner Field Plot 479 Season 2,FALSE,Maricopa,6000000280,6000003075
height,17036,30.844,MAC Field Scanner Field Plot 478 Season 2,FALSE,Maricopa,6000000280,6000003074
height,17036,31.505,MAC Field Scanner Field Plot 507 Season 2,FALSE,Maricopa,6000000281,6000003103
height,17036,32.827,MAC Field Scanner Field Plot 506 Season 2,FALSE,Maricopa,6000000281,6000003102
height,17036,31.505,MAC Field Scanner Field Plot 505 Season 2,FALSE,Maricopa,6000000297,6000003101
height,17036,32.166,MAC Field Scanner Field Plot 504 Season 2,FALSE,Maricopa,6000000297,6000003100
height,17036,31.505,MAC Field Scanner Field Plot 520 Season 2,FALSE,Maricopa,6000000301,6000003116
height,17036,32.166,MAC Field Scanner Field Plot 521 Season 2,FALSE,Maricopa,6000000301,6000003117
height,17036,31.505,MAC Field Scanner Field Plot 488 Season 2,FALSE,Maricopa,6000000307,6000003084
height,17036,32.166,MAC Field Scanner Field Plot 489 Season 2,FALSE,Maricopa,6000000307,6000003085
height,17036,31.505,MAC Field Scanner Field Plot 516 Season 2,FALSE,Maricopa,6000000315,6000003112
height,17036,31.505,MAC Field Scanner Field Plot 517 Season 2,FALSE,Maricopa,6000000315,6000003113
height,17036,30.844,MAC Field Scanner Field Plot 503 Season 2,FALSE,Maricopa,6000000386,6000003099
height,17036,31.505,MAC Field Scanner Field Plot 502 Season 2,FALSE,Maricopa,6000000386,6000003098
height,17036,30.844,MAC Field Scanner Field Plot 486 Season 2,FALSE,Maricopa,6000000391,6000003082
height,17036,32.166,MAC Field Scanner Field Plot 487 Season 2,FALSE,Maricopa,6000000391,6000003083
height,17036,31.505,MAC Field Scanner Field Plot 492 Season 2,FALSE,Maricopa,6000000393,6000003088
height,17036,31.505,MAC Field Scanner Field Plot 493 Season 2,FALSE,Maricopa,6000000393,6000003089
height,17036,31.505,MAC Field Scanner Field Plot 509 Season 2,FALSE,Maricopa,6000000395,6000003105
height,17036,31.505,MAC Field Scanner Field Plot 508 Season 2,FALSE,Maricopa,6000000395,6000003104
height,17036,31.505,MAC Field Scanner Field Plot 494 Season 2,FALSE,Maricopa,6000000412,6000003090
height,17036,32.827,MAC Field Scanner Field Plot 495 Season 2,FALSE,Maricopa,6000000412,6000003091
height,17036,31.505,MAC Field Scanner Field Plot 499 Season 2,FALSE,Maricopa,6000000253,6000003095
height,17036,32.166,MAC Field Scanner Field Plot 498 Season 2,FALSE,Maricopa,6000000253,6000003094
height,17036,31.505,MAC Field Scanner Field Plot 482 Season 2,FALSE,Maricopa,6000000407,6000003078
height,17036,31.505,MAC Field Scanner Field Plot 483 Season 2,FALSE,Maricopa,6000000407,6000003079
height,17036,31.505,MAC Field Scanner Field Plot 514 Season 2,FALSE,Maricopa,6000000267,6000003110
height,17036,31.505,MAC Field Scanner Field Plot 575 Season 2,FALSE,Maricopa,6000000287,6000003171
height,17036,31.505,MAC Field Scanner Field Plot 574 Season 2,FALSE,Maricopa,6000000287,6000003170
height,17036,31.505,MAC Field Scanner Field Plot 548 Season 2,FALSE,Maricopa,6000000292,6000003144
height,17036,31.505,MAC Field Scanner Field Plot 549 Season 2,FALSE,Maricopa,6000000292,6000003145
height,17036,30.844,MAC Field Scanner Field Plot 550 Season 2,FALSE,Maricopa,6000000303,6000003146
height,17036,30.844,MAC Field Scanner Field Plot 551 Season 2,FALSE,Maricopa,6000000303,6000003147
height,17036,31.505,MAC Field Scanner Field Plot 571 Season 2,FALSE,Maricopa,6000000241,6000003167
height,17036,31.505,MAC Field Scanner Field Plot 570 Season 2,FALSE,Maricopa,6000000241,6000003166
height,17036,32.827,MAC Field Scanner Field Plot 539 Season 2,FALSE,Maricopa,6000000320,6000003135
height,17036,32.166,MAC Field Scanner Field Plot 538 Season 2,FALSE,Maricopa,6000000320,6000003134
height,17036,31.505,MAC Field Scanner Field Plot 562 Season 2,FALSE,Maricopa,6000000376,6000003158
height,17036,30.844,MAC Field Scanner Field Plot 556 Season 2,FALSE,Maricopa,6000000379,6000003152
height,17036,31.505,MAC Field Scanner Field Plot 557 Season 2,FALSE,Maricopa,6000000379,6000003153
height,17036,30.844,MAC Field Scanner Field Plot 558 Season 2,FALSE,Maricopa,6000000248,6000003154
height,17036,31.505,MAC Field Scanner Field Plot 559 Season 2,FALSE,Maricopa,6000000248,6000003155
height,17036,30.844,MAC Field Scanner Field Plot 543 Season 2,FALSE,Maricopa,6000000392,6000003139
height,17036,31.505,MAC Field Scanner Field Plot 542 Season 2,FALSE,Maricopa,6000000392,6000003138
height,17036,31.505,MAC Field Scanner Field Plot 554 Season 2,FALSE,Maricopa,6000000255,6000003150
height,17036,32.166,MAC Field Scanner Field Plot 555 Season 2,FALSE,Maricopa,6000000255,6000003151
height,17036,31.505,MAC Field Scanner Field Plot 533 Season 2,FALSE,Maricopa,6000000410,6000003129
height,17036,31.505,MAC Field Scanner Field Plot 532 Season 2,FALSE,Maricopa,6000000410,6000003128
height,17036,30.844,MAC Field Scanner Field Plot 526 Season 2,FALSE,Maricopa,6000000268,6000003122
height,17036,32.166,MAC Field Scanner Field Plot 527 Season 2,FALSE,Maricopa,6000000268,6000003123
height,17036,30.844,MAC Field Scanner Field Plot 578 Season 2,FALSE,Maricopa,6000000271,6000003174
height,17036,31.505,MAC Field Scanner Field Plot 579 Season 2,FALSE,Maricopa,6000000271,6000003175
height,17036,31.505,MAC Field Scanner Field Plot 565 Season 2,FALSE,Maricopa,6000000275,6000003161
height,17036,31.505,MAC Field Scanner Field Plot 564 Season 2,FALSE,Maricopa,6000000275,6000003160
height,17036,31.505,MAC Field Scanner Field Plot 589 Season 2,FALSE,Maricopa,6000000277,6000003185
height,17036,31.505,MAC Field Scanner Field Plot 601 Season 2,FALSE,Maricopa,6000000283,6000003197
height,17036,30.844,MAC Field Scanner Field Plot 600 Season 2,FALSE,Maricopa,6000000283,6000003196
height,17036,32.166,MAC Field Scanner Field Plot 614 Season 2,FALSE,Maricopa,6000000289,6000003210
height,17036,30.844,MAC Field Scanner Field Plot 615 Season 2,FALSE,Maricopa,6000000289,6000003211
height,17036,32.166,MAC Field Scanner Field Plot 636 Season 2,FALSE,Maricopa,6000000291,6000003232
height,17036,31.505,MAC Field Scanner Field Plot 627 Season 2,FALSE,Maricopa,6000000300,6000003223
height,17036,32.166,MAC Field Scanner Field Plot 626 Season 2,FALSE,Maricopa,6000000300,6000003222
height,17036,32.166,MAC Field Scanner Field Plot 605 Season 2,FALSE,Maricopa,6000000316,6000003201
height,17036,31.505,MAC Field Scanner Field Plot 604 Season 2,FALSE,Maricopa,6000000316,6000003200
height,17036,31.505,MAC Field Scanner Field Plot 584 Season 2,FALSE,Maricopa,6000000318,6000003180
height,17036,31.505,MAC Field Scanner Field Plot 585 Season 2,FALSE,Maricopa,6000000318,6000003181
height,17036,32.166,MAC Field Scanner Field Plot 629 Season 2,FALSE,Maricopa,6000000319,6000003225
height,17036,32.166,MAC Field Scanner Field Plot 628 Season 2,FALSE,Maricopa,6000000319,6000003224
height,17036,31.505,MAC Field Scanner Field Plot 595 Season 2,FALSE,Maricopa,6000000331,6000003191
height,17036,32.166,MAC Field Scanner Field Plot 594 Season 2,FALSE,Maricopa,6000000331,6000003190
height,17036,31.505,MAC Field Scanner Field Plot 607 Season 2,FALSE,Maricopa,6000000377,6000003203
height,17036,30.844,MAC Field Scanner Field Plot 606 Season 2,FALSE,Maricopa,6000000377,6000003202
height,17036,32.166,MAC Field Scanner Field Plot 631 Season 2,FALSE,Maricopa,6000000381,6000003227
height,17036,32.166,MAC Field Scanner Field Plot 630 Season 2,FALSE,Maricopa,6000000381,6000003226
height,17036,32.166,MAC Field Scanner Field Plot 633 Season 2,FALSE,Maricopa,6000000388,6000003229
height,17036,32.166,MAC Field Scanner Field Plot 632 Season 2,FALSE,Maricopa,6000000388,6000003228
height,17036,31.505,MAC Field Scanner Field Plot 597 Season 2,FALSE,Maricopa,6000000396,6000003193
height,17036,31.505,MAC Field Scanner Field Plot 596 Season 2,FALSE,Maricopa,6000000396,6000003192
height,17036,31.505,MAC Field Scanner Field Plot 620 Season 2,FALSE,Maricopa,6000000400,6000003216
height,17036,31.505,MAC Field Scanner Field Plot 621 Season 2,FALSE,Maricopa,6000000400,6000003217
height,17036,31.505,MAC Field Scanner Field Plot 635 Season 2,FALSE,Maricopa,6000000258,6000003231
height,17036,30.844,MAC Field Scanner Field Plot 634 Season 2,FALSE,Maricopa,6000000258,6000003230
height,17036,31.505,MAC Field Scanner Field Plot 622 Season 2,FALSE,Maricopa,6000000409,6000003218
height,17036,31.505,MAC Field Scanner Field Plot 623 Season 2,FALSE,Maricopa,6000000409,6000003219
height,17036,32.166,MAC Field Scanner Field Plot 618 Season 2,FALSE,Maricopa,6000000265,6000003214
height,17036,31.505,MAC Field Scanner Field Plot 654 Season 2,FALSE,Maricopa,6000000282,6000003250
height,17036,32.166,MAC Field Scanner Field Plot 655 Season 2,FALSE,Maricopa,6000000282,6000003251
height,17036,30.844,MAC Field Scanner Field Plot 642 Season 2,FALSE,Maricopa,6000000285,6000003238
height,17036,31.505,MAC Field Scanner Field Plot 643 Season 2,FALSE,Maricopa,6000000285,6000003239
height,17036,31.505,MAC Field Scanner Field Plot 637 Season 2,FALSE,Maricopa,6000000291,6000003233
height,17036,31.505,MAC Field Scanner Field Plot 678 Season 2,FALSE,Maricopa,6000000305,6000003274
height,17036,31.505,MAC Field Scanner Field Plot 679 Season 2,FALSE,Maricopa,6000000305,6000003275
height,17036,30.844,MAC Field Scanner Field Plot 682 Season 2,FALSE,Maricopa,6000000308,6000003278
height,17036,32.166,MAC Field Scanner Field Plot 683 Season 2,FALSE,Maricopa,6000000308,6000003279
height,17036,31.505,MAC Field Scanner Field Plot 674 Season 2,FALSE,Maricopa,6000000311,6000003270
height,17036,31.505,MAC Field Scanner Field Plot 675 Season 2,FALSE,Maricopa,6000000311,6000003271
height,17036,31.505,MAC Field Scanner Field Plot 686 Season 2,FALSE,Maricopa,6000000313,6000003282
height,17036,31.505,MAC Field Scanner Field Plot 687 Season 2,FALSE,Maricopa,6000000313,6000003283
height,17036,31.505,MAC Field Scanner Field Plot 665 Season 2,FALSE,Maricopa,6000000378,6000003261
height,17036,31.505,MAC Field Scanner Field Plot 664 Season 2,FALSE,Maricopa,6000000378,6000003260
height,17036,31.505,MAC Field Scanner Field Plot 667 Season 2,FALSE,Maricopa,6000000380,6000003263
height,17036,31.505,MAC Field Scanner Field Plot 666 Season 2,FALSE,Maricopa,6000000380,6000003262
height,17036,31.505,MAC Field Scanner Field Plot 692 Season 2,FALSE,Maricopa,6000000382,6000003288
height,17036,31.505,MAC Field Scanner Field Plot 644 Season 2,FALSE,Maricopa,6000000390,6000003240
height,17036,32.166,MAC Field Scanner Field Plot 645 Season 2,FALSE,Maricopa,6000000390,6000003241
height,17036,31.505,MAC Field Scanner Field Plot 659 Season 2,FALSE,Maricopa,6000000250,6000003255
height,17036,32.166,MAC Field Scanner Field Plot 658 Season 2,FALSE,Maricopa,6000000250,6000003254
height,17036,31.505,MAC Field Scanner Field Plot 661 Season 2,FALSE,Maricopa,6000000252,6000003257
height,17036,31.505,MAC Field Scanner Field Plot 660 Season 2,FALSE,Maricopa,6000000252,6000003256
height,17036,31.505,MAC Field Scanner Field Plot 663 Season 2,FALSE,Maricopa,6000000263,6000003259
height,17036,31.505,MAC Field Scanner Field Plot 662 Season 2,FALSE,Maricopa,6000000263,6000003258
height,17036,31.505,MAC Field Scanner Field Plot 652 Season 2,FALSE,Maricopa,6000000264,6000003248
height,17036,32.166,MAC Field Scanner Field Plot 653 Season 2,FALSE,Maricopa,6000000264,6000003249
height,17036,31.505,MAC Field Scanner Field Plot 684 Season 2,FALSE,Maricopa,6000000270,6000003280
height,17036,31.505,MAC Field Scanner Field Plot 685 Season 2,FALSE,Maricopa,6000000270,6000003281
height,17036,32.166,MAC Field Scanner Field Plot 702 Season 2,FALSE,Maricopa,6000000278,6000003298
height,17036,31.505,MAC Field Scanner Field Plot 712 Season 2,FALSE,Maricopa,6000000293,6000003308
height,17036,32.166,MAC Field Scanner Field Plot 713 Season 2,FALSE,Maricopa,6000000293,6000003309
height,17036,31.505,MAC Field Scanner Field Plot 742 Season 2,FALSE,Maricopa,6000000295,6000003338
height,17036,31.505,MAC Field Scanner Field Plot 743 Season 2,FALSE,Maricopa,6000000295,6000003339
height,17036,32.166,MAC Field Scanner Field Plot 710 Season 2,FALSE,Maricopa,6000000298,6000003306
height,17036,30.844,MAC Field Scanner Field Plot 711 Season 2,FALSE,Maricopa,6000000298,6000003307
height,17036,31.505,MAC Field Scanner Field Plot 725 Season 2,FALSE,Maricopa,6000000299,6000003321
height,17036,30.844,MAC Field Scanner Field Plot 724 Season 2,FALSE,Maricopa,6000000299,6000003320
height,17036,31.505,MAC Field Scanner Field Plot 718 Season 2,FALSE,Maricopa,6000000312,6000003314
height,17036,32.166,MAC Field Scanner Field Plot 719 Season 2,FALSE,Maricopa,6000000312,6000003315
height,17036,31.505,MAC Field Scanner Field Plot 695 Season 2,FALSE,Maricopa,6000000314,6000003291
height,17036,32.166,MAC Field Scanner Field Plot 694 Season 2,FALSE,Maricopa,6000000314,6000003290
height,17036,31.505,MAC Field Scanner Field Plot 703 Season 2,FALSE,Maricopa,6000000278,6000003299
height,17036,32.166,MAC Field Scanner Field Plot 693 Season 2,FALSE,Maricopa,6000000382,6000003289
height,17036,31.505,MAC Field Scanner Field Plot 714 Season 2,FALSE,Maricopa,6000000385,6000003310
height,17036,32.166,MAC Field Scanner Field Plot 715 Season 2,FALSE,Maricopa,6000000385,6000003311
height,17036,32.166,MAC Field Scanner Field Plot 701 Season 2,FALSE,Maricopa,6000000387,6000003297
height,17036,32.827,MAC Field Scanner Field Plot 700 Season 2,FALSE,Maricopa,6000000387,6000003296
height,17036,31.505,MAC Field Scanner Field Plot 735 Season 2,FALSE,Maricopa,6000000249,6000003331
height,17036,32.166,MAC Field Scanner Field Plot 734 Season 2,FALSE,Maricopa,6000000249,6000003330
height,17036,31.505,MAC Field Scanner Field Plot 740 Season 2,FALSE,Maricopa,6000000394,6000003336
height,17036,31.505,MAC Field Scanner Field Plot 741 Season 2,FALSE,Maricopa,6000000394,6000003337
height,17036,30.844,MAC Field Scanner Field Plot 729 Season 2,FALSE,Maricopa,6000000399,6000003325
height,17036,32.166,MAC Field Scanner Field Plot 728 Season 2,FALSE,Maricopa,6000000399,6000003324
height,17036,31.505,MAC Field Scanner Field Plot 727 Season 2,FALSE,Maricopa,6000000251,6000003323
height,17036,32.166,MAC Field Scanner Field Plot 795 Season 2,FALSE,Maricopa,6000000286,6000003391
height,17036,31.505,MAC Field Scanner Field Plot 794 Season 2,FALSE,Maricopa,6000000286,6000003390
height,17036,31.505,MAC Field Scanner Field Plot 765 Season 2,FALSE,Maricopa,6000000290,6000003361
height,17036,32.166,MAC Field Scanner Field Plot 764 Season 2,FALSE,Maricopa,6000000290,6000003360
height,17036,33.488,MAC Field Scanner Field Plot 802 Season 2,FALSE,Maricopa,6000000294,6000003398
height,17036,30.844,MAC Field Scanner Field Plot 787 Season 2,FALSE,Maricopa,6000000317,6000003383
height,17036,31.505,MAC Field Scanner Field Plot 786 Season 2,FALSE,Maricopa,6000000317,6000003382
height,17036,31.505,MAC Field Scanner Field Plot 791 Season 2,FALSE,Maricopa,6000000383,6000003387
height,17036,31.505,MAC Field Scanner Field Plot 790 Season 2,FALSE,Maricopa,6000000383,6000003386
height,17036,32.166,MAC Field Scanner Field Plot 799 Season 2,FALSE,Maricopa,6000000384,6000003395
height,17036,31.505,MAC Field Scanner Field Plot 798 Season 2,FALSE,Maricopa,6000000384,6000003394
height,17036,31.505,MAC Field Scanner Field Plot 759 Season 2,FALSE,Maricopa,6000000398,6000003355
height,17036,31.505,MAC Field Scanner Field Plot 758 Season 2,FALSE,Maricopa,6000000398,6000003354
height,17036,30.844,MAC Field Scanner Field Plot 797 Season 2,FALSE,Maricopa,6000000401,6000003393
height,17036,31.505,MAC Field Scanner Field Plot 796 Season 2,FALSE,Maricopa,6000000401,6000003392
height,17036,31.505,MAC Field Scanner Field Plot 757 Season 2,FALSE,Maricopa,6000000402,6000003353
height,17036,31.505,MAC Field Scanner Field Plot 756 Season 2,FALSE,Maricopa,6000000402,6000003352
height,17036,31.505,MAC Field Scanner Field Plot 755 Season 2,FALSE,Maricopa,6000000254,6000003351
height,17036,31.505,MAC Field Scanner Field Plot 754 Season 2,FALSE,Maricopa,6000000254,6000003350
height,17036,31.505,MAC Field Scanner Field Plot 770 Season 2,FALSE,Maricopa,6000000260,6000003366
height,17036,31.505,MAC Field Scanner Field Plot 771 Season 2,FALSE,Maricopa,6000000260,6000003367
height,17036,32.166,MAC Field Scanner Field Plot 748 Season 2,FALSE,Maricopa,6000000261,6000003344
height,17036,31.505,MAC Field Scanner Field Plot 749 Season 2,FALSE,Maricopa,6000000261,6000003345
height,17036,31.505,MAC Field Scanner Field Plot 761 Season 2,FALSE,Maricopa,6000000406,6000003357
height,17036,31.505,MAC Field Scanner Field Plot 760 Season 2,FALSE,Maricopa,6000000406,6000003356
height,17036,31.505,MAC Field Scanner Field Plot 767 Season 2,FALSE,Maricopa,6000000273,6000003363
height,17036,32.166,MAC Field Scanner Field Plot 827 Season 2,FALSE,Maricopa,6000000284,6000003423
height,17036,31.505,MAC Field Scanner Field Plot 826 Season 2,FALSE,Maricopa,6000000284,6000003422
height,17036,31.505,MAC Field Scanner Field Plot 803 Season 2,FALSE,Maricopa,6000000294,6000003399
height,17036,31.505,MAC Field Scanner Field Plot 812 Season 2,FALSE,Maricopa,6000000296,6000003408
height,17036,31.505,MAC Field Scanner Field Plot 813 Season 2,FALSE,Maricopa,6000000296,6000003409
height,17036,31.505,MAC Field Scanner Field Plot 829 Season 2,FALSE,Maricopa,6000000310,6000003425
height,17036,31.505,MAC Field Scanner Field Plot 828 Season 2,FALSE,Maricopa,6000000310,6000003424
height,17036,31.505,MAC Field Scanner Field Plot 810 Season 2,FALSE,Maricopa,6000000325,6000003406
height,17036,31.505,MAC Field Scanner Field Plot 811 Season 2,FALSE,Maricopa,6000000325,6000003407
height,17036,31.505,MAC Field Scanner Field Plot 814 Season 2,FALSE,Maricopa,6000000330,6000003410
height,17036,32.166,MAC Field Scanner Field Plot 815 Season 2,FALSE,Maricopa,6000000330,6000003411
height,17036,32.827,MAC Field Scanner Field Plot 825 Season 2,FALSE,Maricopa,6000000354,6000003421
height,17036,31.505,MAC Field Scanner Field Plot 824 Season 2,FALSE,Maricopa,6000000354,6000003420
height,17036,32.166,MAC Field Scanner Field Plot 823 Season 2,FALSE,Maricopa,6000000365,6000003419
height,17036,33.488,MAC Field Scanner Field Plot 822 Season 2,FALSE,Maricopa,6000000365,6000003418
height,17036,31.505,MAC Field Scanner Field Plot 804 Season 2,FALSE,Maricopa,6000000397,6000003400
height,17036,32.166,MAC Field Scanner Field Plot 805 Season 2,FALSE,Maricopa,6000000397,6000003401
height,17036,32.827,MAC Field Scanner Field Plot 831 Season 2,FALSE,Maricopa,6000000259,6000003427
height,17036,31.505,MAC Field Scanner Field Plot 830 Season 2,FALSE,Maricopa,6000000259,6000003426
height,17036,32.166,MAC Field Scanner Field Plot 806 Season 2,FALSE,Maricopa,6000000405,6000003402
height,17036,32.166,MAC Field Scanner Field Plot 807 Season 2,FALSE,Maricopa,6000000405,6000003403
height,17036,31.505,MAC Field Scanner Field Plot 821 Season 2,FALSE,Maricopa,6000000262,6000003417
height,17036,31.505,MAC Field Scanner Field Plot 820 Season 2,FALSE,Maricopa,6000000262,6000003416
height,17036,32.166,MAC Field Scanner Field Plot 808 Season 2,FALSE,Maricopa,6000000269,6000003404
height,17036,31.505,MAC Field Scanner Field Plot 809 Season 2,FALSE,Maricopa,6000000269,6000003405
height,17036,31.505,MAC Field Scanner Field Plot 819 Season 2,FALSE,Maricopa,6000000274,6000003415
height,17036,31.505,MAC Field Scanner Field Plot 818 Season 2,FALSE,Maricopa,6000000274,6000003414
height,17037,31.505,MAC Field Scanner Field Plot 78 Season 2,FALSE,Maricopa,6000000282,6000002674
height,17037,32.166,MAC Field Scanner Field Plot 79 Season 2,FALSE,Maricopa,6000000282,6000002675
height,17037,30.844,MAC Field Scanner Field Plot 72 Season 2,FALSE,Maricopa,6000000291,6000002668
height,17037,31.505,MAC Field Scanner Field Plot 73 Season 2,FALSE,Maricopa,6000000291,6000002669
height,17037,31.505,MAC Field Scanner Field Plot 44 Season 2,FALSE,Maricopa,6000000293,6000002640
height,17037,30.844,MAC Field Scanner Field Plot 45 Season 2,FALSE,Maricopa,6000000293,6000002641
height,17037,31.505,MAC Field Scanner Field Plot 55 Season 2,FALSE,Maricopa,6000000294,6000002651
height,17037,31.505,MAC Field Scanner Field Plot 54 Season 2,FALSE,Maricopa,6000000294,6000002650
height,17037,32.166,MAC Field Scanner Field Plot 70 Season 2,FALSE,Maricopa,6000000296,6000002666
height,17037,32.166,MAC Field Scanner Field Plot 71 Season 2,FALSE,Maricopa,6000000296,6000002667
height,17037,31.505,MAC Field Scanner Field Plot 63 Season 2,FALSE,Maricopa,6000000241,6000002659
height,17037,31.505,MAC Field Scanner Field Plot 62 Season 2,FALSE,Maricopa,6000000241,6000002658
height,17037,30.844,MAC Field Scanner Field Plot 35 Season 2,FALSE,Maricopa,6000000278,6000002631
height,17037,30.844,MAC Field Scanner Field Plot 29 Season 2,FALSE,Maricopa,6000000415,6000002625
height,17037,31.505,MAC Field Scanner Field Plot 28 Season 2,FALSE,Maricopa,6000000415,6000002624
height,17037,30.844,MAC Field Scanner Field Plot 57 Season 2,FALSE,Maricopa,6000000333,6000002653
height,17037,31.505,MAC Field Scanner Field Plot 56 Season 2,FALSE,Maricopa,6000000333,6000002652
height,17037,31.505,MAC Field Scanner Field Plot 42 Season 2,FALSE,Maricopa,6000000384,6000002638
height,17037,30.844,MAC Field Scanner Field Plot 43 Season 2,FALSE,Maricopa,6000000384,6000002639
height,17037,31.505,MAC Field Scanner Field Plot 53 Season 2,FALSE,Maricopa,6000000401,6000002649
height,17037,31.505,MAC Field Scanner Field Plot 52 Season 2,FALSE,Maricopa,6000000401,6000002648
height,17037,32.166,MAC Field Scanner Field Plot 66 Season 2,FALSE,Maricopa,6000000255,6000002662
height,17037,31.505,MAC Field Scanner Field Plot 67 Season 2,FALSE,Maricopa,6000000255,6000002663
height,17037,31.505,MAC Field Scanner Field Plot 74 Season 2,FALSE,Maricopa,6000000256,6000002670
height,17037,31.505,MAC Field Scanner Field Plot 75 Season 2,FALSE,Maricopa,6000000256,6000002671
height,17037,31.505,MAC Field Scanner Field Plot 46 Season 2,FALSE,Maricopa,6000000258,6000002642
height,17037,32.166,MAC Field Scanner Field Plot 47 Season 2,FALSE,Maricopa,6000000258,6000002643
height,17037,31.505,MAC Field Scanner Field Plot 76 Season 2,FALSE,Maricopa,6000000260,6000002672
height,17037,31.505,MAC Field Scanner Field Plot 77 Season 2,FALSE,Maricopa,6000000260,6000002673
height,17037,31.505,MAC Field Scanner Field Plot 121 Season 2,FALSE,Maricopa,6000000289,6000002717
height,17037,32.166,MAC Field Scanner Field Plot 120 Season 2,FALSE,Maricopa,6000000289,6000002716
height,17037,30.844,MAC Field Scanner Field Plot 98 Season 2,FALSE,Maricopa,6000000295,6000002694
height,17037,31.505,MAC Field Scanner Field Plot 99 Season 2,FALSE,Maricopa,6000000295,6000002695
height,17037,32.166,MAC Field Scanner Field Plot 87 Season 2,FALSE,Maricopa,6000000313,6000002683
height,17037,32.166,MAC Field Scanner Field Plot 86 Season 2,FALSE,Maricopa,6000000313,6000002682
height,17037,31.505,MAC Field Scanner Field Plot 108 Season 2,FALSE,Maricopa,6000000315,6000002704
height,17037,31.505,MAC Field Scanner Field Plot 109 Season 2,FALSE,Maricopa,6000000315,6000002705
height,17037,32.166,MAC Field Scanner Field Plot 119 Season 2,FALSE,Maricopa,6000000319,6000002715
height,17037,32.166,MAC Field Scanner Field Plot 118 Season 2,FALSE,Maricopa,6000000319,6000002714
height,17037,32.166,MAC Field Scanner Field Plot 123 Season 2,FALSE,Maricopa,6000000389,6000002719
height,17037,32.166,MAC Field Scanner Field Plot 122 Season 2,FALSE,Maricopa,6000000389,6000002718
height,17037,31.505,MAC Field Scanner Field Plot 127 Season 2,FALSE,Maricopa,6000000393,6000002723
height,17037,31.505,MAC Field Scanner Field Plot 126 Season 2,FALSE,Maricopa,6000000393,6000002722
height,17037,31.505,MAC Field Scanner Field Plot 106 Season 2,FALSE,Maricopa,6000000397,6000002702
height,17037,32.166,MAC Field Scanner Field Plot 107 Season 2,FALSE,Maricopa,6000000397,6000002703
height,17037,30.844,MAC Field Scanner Field Plot 83 Season 2,FALSE,Maricopa,6000000400,6000002679
height,17037,32.166,MAC Field Scanner Field Plot 82 Season 2,FALSE,Maricopa,6000000400,6000002678
height,17037,32.166,MAC Field Scanner Field Plot 132 Season 2,FALSE,Maricopa,6000000261,6000002728
height,17037,32.827,MAC Field Scanner Field Plot 133 Season 2,FALSE,Maricopa,6000000261,6000002729
height,17037,31.505,MAC Field Scanner Field Plot 102 Season 2,FALSE,Maricopa,6000000406,6000002698
height,17037,32.166,MAC Field Scanner Field Plot 103 Season 2,FALSE,Maricopa,6000000406,6000002699
height,17037,32.827,MAC Field Scanner Field Plot 100 Season 2,FALSE,Maricopa,6000000265,6000002696
height,17037,33.488,MAC Field Scanner Field Plot 101 Season 2,FALSE,Maricopa,6000000265,6000002697
height,17037,32.166,MAC Field Scanner Field Plot 110 Season 2,FALSE,Maricopa,6000000276,6000002706
height,17037,32.166,MAC Field Scanner Field Plot 111 Season 2,FALSE,Maricopa,6000000276,6000002707
height,17037,31.505,MAC Field Scanner Field Plot 91 Season 2,FALSE,Maricopa,6000000277,6000002687
height,17037,32.166,MAC Field Scanner Field Plot 90 Season 2,FALSE,Maricopa,6000000277,6000002686
height,17037,31.505,MAC Field Scanner Field Plot 172 Season 2,FALSE,Maricopa,6000000285,6000002768
height,17037,30.844,MAC Field Scanner Field Plot 173 Season 2,FALSE,Maricopa,6000000285,6000002769
height,17037,30.844,MAC Field Scanner Field Plot 166 Season 2,FALSE,Maricopa,6000000286,6000002762
height,17037,31.505,MAC Field Scanner Field Plot 167 Season 2,FALSE,Maricopa,6000000286,6000002763
height,17037,31.505,MAC Field Scanner Field Plot 189 Season 2,FALSE,Maricopa,6000000299,6000002785
height,17037,32.166,MAC Field Scanner Field Plot 188 Season 2,FALSE,Maricopa,6000000299,6000002784
height,17037,31.505,MAC Field Scanner Field Plot 164 Season 2,FALSE,Maricopa,6000000302,6000002760
height,17037,31.505,MAC Field Scanner Field Plot 165 Season 2,FALSE,Maricopa,6000000302,6000002761
height,17037,30.844,MAC Field Scanner Field Plot 187 Season 2,FALSE,Maricopa,6000000304,6000002783
height,17037,31.505,MAC Field Scanner Field Plot 186 Season 2,FALSE,Maricopa,6000000304,6000002782
height,17037,31.505,MAC Field Scanner Field Plot 140 Season 2,FALSE,Maricopa,6000000377,6000002736
height,17037,31.505,MAC Field Scanner Field Plot 141 Season 2,FALSE,Maricopa,6000000377,6000002737
height,17037,31.505,MAC Field Scanner Field Plot 181 Season 2,FALSE,Maricopa,6000000385,6000002777
height,17037,32.166,MAC Field Scanner Field Plot 180 Season 2,FALSE,Maricopa,6000000385,6000002776
height,17037,31.505,MAC Field Scanner Field Plot 149 Season 2,FALSE,Maricopa,6000000396,6000002745
height,17037,30.844,MAC Field Scanner Field Plot 148 Season 2,FALSE,Maricopa,6000000396,6000002744
height,17037,31.505,MAC Field Scanner Field Plot 162 Season 2,FALSE,Maricopa,6000000402,6000002758
height,17037,32.166,MAC Field Scanner Field Plot 163 Season 2,FALSE,Maricopa,6000000402,6000002759
height,17037,31.505,MAC Field Scanner Field Plot 151 Season 2,FALSE,Maricopa,6000000403,6000002747
height,17037,31.505,MAC Field Scanner Field Plot 150 Season 2,FALSE,Maricopa,6000000403,6000002746
height,17037,32.166,MAC Field Scanner Field Plot 142 Season 2,FALSE,Maricopa,6000000252,6000002738
height,17037,31.505,MAC Field Scanner Field Plot 143 Season 2,FALSE,Maricopa,6000000252,6000002739
height,17037,30.844,MAC Field Scanner Field Plot 170 Season 2,FALSE,Maricopa,6000000262,6000002766
height,17037,30.844,MAC Field Scanner Field Plot 171 Season 2,FALSE,Maricopa,6000000262,6000002767
height,17037,30.844,MAC Field Scanner Field Plot 185 Season 2,FALSE,Maricopa,6000000263,6000002781
height,17037,31.505,MAC Field Scanner Field Plot 232 Season 2,FALSE,Maricopa,6000000281,6000002828
height,17037,32.166,MAC Field Scanner Field Plot 233 Season 2,FALSE,Maricopa,6000000281,6000002829
height,17037,31.505,MAC Field Scanner Field Plot 198 Season 2,FALSE,Maricopa,6000000292,6000002794
height,17037,31.505,MAC Field Scanner Field Plot 199 Season 2,FALSE,Maricopa,6000000292,6000002795
height,17037,32.827,MAC Field Scanner Field Plot 221 Season 2,FALSE,Maricopa,6000000303,6000002817
height,17037,32.166,MAC Field Scanner Field Plot 220 Season 2,FALSE,Maricopa,6000000303,6000002816
height,17037,32.166,MAC Field Scanner Field Plot 247 Season 2,FALSE,Maricopa,6000000317,6000002843
height,17037,31.505,MAC Field Scanner Field Plot 246 Season 2,FALSE,Maricopa,6000000317,6000002842
height,17037,31.505,MAC Field Scanner Field Plot 245 Season 2,FALSE,Maricopa,6000000320,6000002841
height,17037,31.505,MAC Field Scanner Field Plot 244 Season 2,FALSE,Maricopa,6000000320,6000002840
height,17037,32.166,MAC Field Scanner Field Plot 196 Season 2,FALSE,Maricopa,6000000244,6000002792
height,17037,32.827,MAC Field Scanner Field Plot 197 Season 2,FALSE,Maricopa,6000000244,6000002793
height,17037,32.166,MAC Field Scanner Field Plot 228 Season 2,FALSE,Maricopa,6000000379,6000002824
height,17037,32.166,MAC Field Scanner Field Plot 229 Season 2,FALSE,Maricopa,6000000379,6000002825
height,17037,32.166,MAC Field Scanner Field Plot 230 Season 2,FALSE,Maricopa,6000000382,6000002826
height,17037,32.827,MAC Field Scanner Field Plot 231 Season 2,FALSE,Maricopa,6000000382,6000002827
height,17037,31.505,MAC Field Scanner Field Plot 217 Season 2,FALSE,Maricopa,6000000386,6000002813
height,17037,31.505,MAC Field Scanner Field Plot 216 Season 2,FALSE,Maricopa,6000000386,6000002812
height,17037,31.505,MAC Field Scanner Field Plot 202 Season 2,FALSE,Maricopa,6000000387,6000002798
height,17037,32.827,MAC Field Scanner Field Plot 203 Season 2,FALSE,Maricopa,6000000387,6000002799
height,17037,32.166,MAC Field Scanner Field Plot 213 Season 2,FALSE,Maricopa,6000000249,6000002809
height,17037,30.844,MAC Field Scanner Field Plot 212 Season 2,FALSE,Maricopa,6000000249,6000002808
height,17037,32.166,MAC Field Scanner Field Plot 215 Season 2,FALSE,Maricopa,6000000257,6000002811
height,17037,33.488,MAC Field Scanner Field Plot 214 Season 2,FALSE,Maricopa,6000000257,6000002810
height,17037,31.505,MAC Field Scanner Field Plot 211 Season 2,FALSE,Maricopa,6000000259,6000002807
height,17037,32.166,MAC Field Scanner Field Plot 210 Season 2,FALSE,Maricopa,6000000259,6000002806
height,17037,31.505,MAC Field Scanner Field Plot 234 Season 2,FALSE,Maricopa,6000000273,6000002830
height,17037,31.505,MAC Field Scanner Field Plot 235 Season 2,FALSE,Maricopa,6000000273,6000002831
height,17037,31.505,MAC Field Scanner Field Plot 268 Season 2,FALSE,Maricopa,6000000280,6000002864
height,17037,31.505,MAC Field Scanner Field Plot 269 Season 2,FALSE,Maricopa,6000000280,6000002865
height,17037,31.505,MAC Field Scanner Field Plot 262 Season 2,FALSE,Maricopa,6000000290,6000002858
height,17037,32.166,MAC Field Scanner Field Plot 263 Season 2,FALSE,Maricopa,6000000290,6000002859
height,17037,31.505,MAC Field Scanner Field Plot 249 Season 2,FALSE,Maricopa,6000000300,6000002845
height,17037,32.827,MAC Field Scanner Field Plot 248 Season 2,FALSE,Maricopa,6000000300,6000002844
height,17037,32.166,MAC Field Scanner Field Plot 264 Season 2,FALSE,Maricopa,6000000305,6000002860
height,17037,32.166,MAC Field Scanner Field Plot 265 Season 2,FALSE,Maricopa,6000000305,6000002861
height,17037,32.166,MAC Field Scanner Field Plot 266 Season 2,FALSE,Maricopa,6000000307,6000002862
height,17037,31.505,MAC Field Scanner Field Plot 267 Season 2,FALSE,Maricopa,6000000307,6000002863
height,17037,31.505,MAC Field Scanner Field Plot 290 Season 2,FALSE,Maricopa,6000000316,6000002886
height,17037,32.166,MAC Field Scanner Field Plot 291 Season 2,FALSE,Maricopa,6000000316,6000002887
height,17037,31.505,MAC Field Scanner Field Plot 281 Season 2,FALSE,Maricopa,6000000380,6000002877
height,17037,32.827,MAC Field Scanner Field Plot 280 Season 2,FALSE,Maricopa,6000000380,6000002876
height,17037,30.844,MAC Field Scanner Field Plot 296 Season 2,FALSE,Maricopa,6000000381,6000002892
height,17037,32.166,MAC Field Scanner Field Plot 297 Season 2,FALSE,Maricopa,6000000381,6000002893
height,17037,32.166,MAC Field Scanner Field Plot 279 Season 2,FALSE,Maricopa,6000000383,6000002875
height,17037,32.166,MAC Field Scanner Field Plot 278 Season 2,FALSE,Maricopa,6000000383,6000002874
height,17037,32.166,MAC Field Scanner Field Plot 260 Season 2,FALSE,Maricopa,6000000248,6000002856
height,17037,32.166,MAC Field Scanner Field Plot 261 Season 2,FALSE,Maricopa,6000000248,6000002857
height,17037,31.505,MAC Field Scanner Field Plot 270 Season 2,FALSE,Maricopa,6000000394,6000002866
height,17037,32.166,MAC Field Scanner Field Plot 271 Season 2,FALSE,Maricopa,6000000394,6000002867
height,17037,32.166,MAC Field Scanner Field Plot 298 Season 2,FALSE,Maricopa,6000000398,6000002894
height,17037,31.505,MAC Field Scanner Field Plot 299 Season 2,FALSE,Maricopa,6000000398,6000002895
height,17037,31.505,MAC Field Scanner Field Plot 283 Season 2,FALSE,Maricopa,6000000253,6000002879
height,17037,31.505,MAC Field Scanner Field Plot 282 Season 2,FALSE,Maricopa,6000000253,6000002878
height,17037,31.505,MAC Field Scanner Field Plot 314 Season 2,FALSE,Maricopa,6000000279,6000002910
height,17037,31.505,MAC Field Scanner Field Plot 302 Season 2,FALSE,Maricopa,6000000284,6000002898
height,17037,31.505,MAC Field Scanner Field Plot 303 Season 2,FALSE,Maricopa,6000000284,6000002899
height,17037,30.844,MAC Field Scanner Field Plot 345 Season 2,FALSE,Maricopa,6000000287,6000002941
height,17037,31.505,MAC Field Scanner Field Plot 344 Season 2,FALSE,Maricopa,6000000287,6000002940
height,17037,32.166,MAC Field Scanner Field Plot 326 Season 2,FALSE,Maricopa,6000000301,6000002922
height,17037,31.505,MAC Field Scanner Field Plot 327 Season 2,FALSE,Maricopa,6000000301,6000002923
height,17037,30.844,MAC Field Scanner Field Plot 307 Season 2,FALSE,Maricopa,6000000306,6000002903
height,17037,31.505,MAC Field Scanner Field Plot 306 Season 2,FALSE,Maricopa,6000000306,6000002902
height,17037,30.844,MAC Field Scanner Field Plot 351 Season 2,FALSE,Maricopa,6000000309,6000002947
height,17037,30.844,MAC Field Scanner Field Plot 350 Season 2,FALSE,Maricopa,6000000309,6000002946
height,17037,31.505,MAC Field Scanner Field Plot 347 Season 2,FALSE,Maricopa,6000000311,6000002943
height,17037,30.844,MAC Field Scanner Field Plot 346 Season 2,FALSE,Maricopa,6000000311,6000002942
height,17037,32.827,MAC Field Scanner Field Plot 309 Season 2,FALSE,Maricopa,6000000390,6000002905
height,17037,32.166,MAC Field Scanner Field Plot 308 Season 2,FALSE,Maricopa,6000000390,6000002904
height,17037,31.505,MAC Field Scanner Field Plot 319 Season 2,FALSE,Maricopa,6000000395,6000002915
height,17037,32.166,MAC Field Scanner Field Plot 318 Season 2,FALSE,Maricopa,6000000395,6000002914
height,17037,30.844,MAC Field Scanner Field Plot 324 Season 2,FALSE,Maricopa,6000000399,6000002920
height,17037,32.827,MAC Field Scanner Field Plot 325 Season 2,FALSE,Maricopa,6000000399,6000002921
height,17037,31.505,MAC Field Scanner Field Plot 659 Season 2,FALSE,Maricopa,6000000250,6000003255
height,17037,32.166,MAC Field Scanner Field Plot 658 Season 2,FALSE,Maricopa,6000000250,6000003254
height,17037,32.166,MAC Field Scanner Field Plot 661 Season 2,FALSE,Maricopa,6000000252,6000003257
height,17037,32.166,MAC Field Scanner Field Plot 660 Season 2,FALSE,Maricopa,6000000252,6000003256
height,17037,32.166,MAC Field Scanner Field Plot 662 Season 2,FALSE,Maricopa,6000000263,6000003258
height,17037,32.166,MAC Field Scanner Field Plot 322 Season 2,FALSE,Maricopa,6000000408,6000002918
height,17037,30.844,MAC Field Scanner Field Plot 323 Season 2,FALSE,Maricopa,6000000408,6000002919
height,17037,31.505,MAC Field Scanner Field Plot 343 Season 2,FALSE,Maricopa,6000000409,6000002939
height,17037,31.505,MAC Field Scanner Field Plot 342 Season 2,FALSE,Maricopa,6000000409,6000002938
height,17037,31.505,MAC Field Scanner Field Plot 328 Season 2,FALSE,Maricopa,6000000269,6000002924
height,17037,32.166,MAC Field Scanner Field Plot 329 Season 2,FALSE,Maricopa,6000000269,6000002925
height,17037,31.505,MAC Field Scanner Field Plot 702 Season 2,FALSE,Maricopa,6000000278,6000003298
height,17037,30.844,MAC Field Scanner Field Plot 712 Season 2,FALSE,Maricopa,6000000293,6000003308
height,17037,31.505,MAC Field Scanner Field Plot 713 Season 2,FALSE,Maricopa,6000000293,6000003309
height,17037,32.166,MAC Field Scanner Field Plot 710 Season 2,FALSE,Maricopa,6000000298,6000003306
height,17037,31.505,MAC Field Scanner Field Plot 711 Season 2,FALSE,Maricopa,6000000298,6000003307
height,17037,31.505,MAC Field Scanner Field Plot 678 Season 2,FALSE,Maricopa,6000000305,6000003274
height,17037,31.505,MAC Field Scanner Field Plot 679 Season 2,FALSE,Maricopa,6000000305,6000003275
height,17037,31.505,MAC Field Scanner Field Plot 682 Season 2,FALSE,Maricopa,6000000308,6000003278
height,17037,32.166,MAC Field Scanner Field Plot 683 Season 2,FALSE,Maricopa,6000000308,6000003279
height,17037,31.505,MAC Field Scanner Field Plot 674 Season 2,FALSE,Maricopa,6000000311,6000003270
height,17037,31.505,MAC Field Scanner Field Plot 675 Season 2,FALSE,Maricopa,6000000311,6000003271
height,17037,31.505,MAC Field Scanner Field Plot 686 Season 2,FALSE,Maricopa,6000000313,6000003282
height,17037,31.505,MAC Field Scanner Field Plot 687 Season 2,FALSE,Maricopa,6000000313,6000003283
height,17037,31.505,MAC Field Scanner Field Plot 695 Season 2,FALSE,Maricopa,6000000314,6000003291
height,17037,32.166,MAC Field Scanner Field Plot 694 Season 2,FALSE,Maricopa,6000000314,6000003290
height,17037,31.505,MAC Field Scanner Field Plot 703 Season 2,FALSE,Maricopa,6000000278,6000003299
height,17037,31.505,MAC Field Scanner Field Plot 665 Season 2,FALSE,Maricopa,6000000378,6000003261
height,17037,31.505,MAC Field Scanner Field Plot 664 Season 2,FALSE,Maricopa,6000000378,6000003260
height,17037,31.505,MAC Field Scanner Field Plot 667 Season 2,FALSE,Maricopa,6000000380,6000003263
height,17037,31.505,MAC Field Scanner Field Plot 666 Season 2,FALSE,Maricopa,6000000380,6000003262
height,17037,32.827,MAC Field Scanner Field Plot 693 Season 2,FALSE,Maricopa,6000000382,6000003289
height,17037,32.166,MAC Field Scanner Field Plot 692 Season 2,FALSE,Maricopa,6000000382,6000003288
height,17037,31.505,MAC Field Scanner Field Plot 714 Season 2,FALSE,Maricopa,6000000385,6000003310
height,17037,31.505,MAC Field Scanner Field Plot 715 Season 2,FALSE,Maricopa,6000000385,6000003311
height,17037,32.827,MAC Field Scanner Field Plot 701 Season 2,FALSE,Maricopa,6000000387,6000003297
height,17037,32.827,MAC Field Scanner Field Plot 700 Season 2,FALSE,Maricopa,6000000387,6000003296
height,17037,31.505,MAC Field Scanner Field Plot 708 Season 2,FALSE,Maricopa,6000000256,6000003304
height,17037,31.505,MAC Field Scanner Field Plot 709 Season 2,FALSE,Maricopa,6000000256,6000003305
height,17037,31.505,MAC Field Scanner Field Plot 716 Season 2,FALSE,Maricopa,6000000257,6000003312
height,17037,31.505,MAC Field Scanner Field Plot 765 Season 2,FALSE,Maricopa,6000000290,6000003361
height,17037,31.505,MAC Field Scanner Field Plot 764 Season 2,FALSE,Maricopa,6000000290,6000003360
height,17037,32.166,MAC Field Scanner Field Plot 742 Season 2,FALSE,Maricopa,6000000295,6000003338
height,17037,31.505,MAC Field Scanner Field Plot 743 Season 2,FALSE,Maricopa,6000000295,6000003339
height,17037,32.166,MAC Field Scanner Field Plot 725 Season 2,FALSE,Maricopa,6000000299,6000003321
height,17037,31.505,MAC Field Scanner Field Plot 724 Season 2,FALSE,Maricopa,6000000299,6000003320
height,17037,30.844,MAC Field Scanner Field Plot 718 Season 2,FALSE,Maricopa,6000000312,6000003314
height,17037,32.166,MAC Field Scanner Field Plot 719 Season 2,FALSE,Maricopa,6000000312,6000003315
height,17037,31.505,MAC Field Scanner Field Plot 735 Season 2,FALSE,Maricopa,6000000249,6000003331
height,17037,31.505,MAC Field Scanner Field Plot 734 Season 2,FALSE,Maricopa,6000000249,6000003330
height,17037,46.708,MAC Field Scanner Field Plot 740 Season 2,FALSE,Maricopa,6000000394,6000003336
height,17037,31.505,MAC Field Scanner Field Plot 741 Season 2,FALSE,Maricopa,6000000394,6000003337
height,17037,31.505,MAC Field Scanner Field Plot 759 Season 2,FALSE,Maricopa,6000000398,6000003355
height,17037,31.505,MAC Field Scanner Field Plot 758 Season 2,FALSE,Maricopa,6000000398,6000003354
height,17037,31.505,MAC Field Scanner Field Plot 729 Season 2,FALSE,Maricopa,6000000399,6000003325
height,17037,31.505,MAC Field Scanner Field Plot 728 Season 2,FALSE,Maricopa,6000000399,6000003324
height,17037,32.166,MAC Field Scanner Field Plot 757 Season 2,FALSE,Maricopa,6000000402,6000003353
height,17037,31.505,MAC Field Scanner Field Plot 756 Season 2,FALSE,Maricopa,6000000402,6000003352
height,17037,40.098,MAC Field Scanner Field Plot 727 Season 2,FALSE,Maricopa,6000000251,6000003323
height,17037,32.166,MAC Field Scanner Field Plot 726 Season 2,FALSE,Maricopa,6000000251,6000003322
height,17037,33.488,MAC Field Scanner Field Plot 755 Season 2,FALSE,Maricopa,6000000254,6000003351
height,17037,32.166,MAC Field Scanner Field Plot 754 Season 2,FALSE,Maricopa,6000000254,6000003350
height,17037,31.505,MAC Field Scanner Field Plot 827 Season 2,FALSE,Maricopa,6000000284,6000003423
height,17037,31.505,MAC Field Scanner Field Plot 826 Season 2,FALSE,Maricopa,6000000284,6000003422
height,17037,34.149,MAC Field Scanner Field Plot 795 Season 2,FALSE,Maricopa,6000000286,6000003391
height,17037,32.166,MAC Field Scanner Field Plot 794 Season 2,FALSE,Maricopa,6000000286,6000003390
height,17037,40.759,MAC Field Scanner Field Plot 802 Season 2,FALSE,Maricopa,6000000294,6000003398
height,17037,31.505,MAC Field Scanner Field Plot 803 Season 2,FALSE,Maricopa,6000000294,6000003399
height,17037,30.844,MAC Field Scanner Field Plot 812 Season 2,FALSE,Maricopa,6000000296,6000003408
height,17037,31.505,MAC Field Scanner Field Plot 813 Season 2,FALSE,Maricopa,6000000296,6000003409
height,17037,32.166,MAC Field Scanner Field Plot 828 Season 2,FALSE,Maricopa,6000000310,6000003424
height,17037,30.844,MAC Field Scanner Field Plot 787 Season 2,FALSE,Maricopa,6000000317,6000003383
height,17037,32.166,MAC Field Scanner Field Plot 786 Season 2,FALSE,Maricopa,6000000317,6000003382
height,17037,31.505,MAC Field Scanner Field Plot 791 Season 2,FALSE,Maricopa,6000000383,6000003387
height,17037,31.505,MAC Field Scanner Field Plot 790 Season 2,FALSE,Maricopa,6000000383,6000003386
height,17037,32.166,MAC Field Scanner Field Plot 799 Season 2,FALSE,Maricopa,6000000384,6000003395
height,17037,32.166,MAC Field Scanner Field Plot 798 Season 2,FALSE,Maricopa,6000000384,6000003394
height,17037,53.979,MAC Field Scanner Field Plot 804 Season 2,FALSE,Maricopa,6000000397,6000003400
height,17037,31.505,MAC Field Scanner Field Plot 805 Season 2,FALSE,Maricopa,6000000397,6000003401
height,17037,31.505,MAC Field Scanner Field Plot 797 Season 2,FALSE,Maricopa,6000000401,6000003393
height,17037,40.098,MAC Field Scanner Field Plot 796 Season 2,FALSE,Maricopa,6000000401,6000003392
height,17037,31.505,MAC Field Scanner Field Plot 806 Season 2,FALSE,Maricopa,6000000405,6000003402
height,17037,32.166,MAC Field Scanner Field Plot 807 Season 2,FALSE,Maricopa,6000000405,6000003403
height,17037,31.505,MAC Field Scanner Field Plot 821 Season 2,FALSE,Maricopa,6000000262,6000003417
height,17037,31.505,MAC Field Scanner Field Plot 820 Season 2,FALSE,Maricopa,6000000262,6000003416
height,17037,46.047,MAC Field Scanner Field Plot 808 Season 2,FALSE,Maricopa,6000000269,6000003404
height,17037,31.505,MAC Field Scanner Field Plot 809 Season 2,FALSE,Maricopa,6000000269,6000003405
height,17037,31.505,MAC Field Scanner Field Plot 819 Season 2,FALSE,Maricopa,6000000274,6000003415
height,17037,32.166,MAC Field Scanner Field Plot 818 Season 2,FALSE,Maricopa,6000000274,6000003414
height,17038,32.166,MAC Field Scanner Field Plot 232 Season 2,FALSE,Maricopa,6000000281,6000002828
height,17038,32.827,MAC Field Scanner Field Plot 233 Season 2,FALSE,Maricopa,6000000281,6000002829
height,17038,32.166,MAC Field Scanner Field Plot 221 Season 2,FALSE,Maricopa,6000000303,6000002817
height,17038,32.827,MAC Field Scanner Field Plot 220 Season 2,FALSE,Maricopa,6000000303,6000002816
height,17037,31.505,MAC Field Scanner Field Plot 829 Season 2,FALSE,Maricopa,6000000310,6000003425
height,17038,33.488,MAC Field Scanner Field Plot 244 Season 2,FALSE,Maricopa,6000000320,6000002840
height,17038,32.827,MAC Field Scanner Field Plot 226 Season 2,FALSE,Maricopa,6000000351,6000002822
height,17038,32.827,MAC Field Scanner Field Plot 223 Season 2,FALSE,Maricopa,6000000415,6000002819
height,17038,33.488,MAC Field Scanner Field Plot 222 Season 2,FALSE,Maricopa,6000000415,6000002818
height,17038,32.827,MAC Field Scanner Field Plot 236 Season 2,FALSE,Maricopa,6000000342,6000002832
height,17038,33.488,MAC Field Scanner Field Plot 237 Season 2,FALSE,Maricopa,6000000342,6000002833
height,17038,34.149,MAC Field Scanner Field Plot 227 Season 2,FALSE,Maricopa,6000000351,6000002823
height,17038,32.827,MAC Field Scanner Field Plot 238 Season 2,FALSE,Maricopa,6000000355,6000002834
height,17038,33.488,MAC Field Scanner Field Plot 239 Season 2,FALSE,Maricopa,6000000355,6000002835
height,17038,32.827,MAC Field Scanner Field Plot 243 Season 2,FALSE,Maricopa,6000000364,6000002839
height,17038,33.488,MAC Field Scanner Field Plot 242 Season 2,FALSE,Maricopa,6000000364,6000002838
height,17038,32.827,MAC Field Scanner Field Plot 219 Season 2,FALSE,Maricopa,6000000366,6000002815
height,17038,32.827,MAC Field Scanner Field Plot 228 Season 2,FALSE,Maricopa,6000000379,6000002824
height,17038,32.827,MAC Field Scanner Field Plot 229 Season 2,FALSE,Maricopa,6000000379,6000002825
height,17038,32.827,MAC Field Scanner Field Plot 230 Season 2,FALSE,Maricopa,6000000382,6000002826
height,17038,35.471,MAC Field Scanner Field Plot 231 Season 2,FALSE,Maricopa,6000000382,6000002827
height,17038,32.166,MAC Field Scanner Field Plot 217 Season 2,FALSE,Maricopa,6000000386,6000002813
height,17038,32.166,MAC Field Scanner Field Plot 216 Season 2,FALSE,Maricopa,6000000386,6000002812
height,17038,32.827,MAC Field Scanner Field Plot 213 Season 2,FALSE,Maricopa,6000000249,6000002809
height,17038,32.827,MAC Field Scanner Field Plot 212 Season 2,FALSE,Maricopa,6000000249,6000002808
height,17038,34.149,MAC Field Scanner Field Plot 215 Season 2,FALSE,Maricopa,6000000257,6000002811
height,17038,32.827,MAC Field Scanner Field Plot 268 Season 2,FALSE,Maricopa,6000000280,6000002864
height,17038,33.488,MAC Field Scanner Field Plot 269 Season 2,FALSE,Maricopa,6000000280,6000002865
height,17038,32.827,MAC Field Scanner Field Plot 262 Season 2,FALSE,Maricopa,6000000290,6000002858
height,17038,34.81,MAC Field Scanner Field Plot 263 Season 2,FALSE,Maricopa,6000000290,6000002859
height,17038,32.827,MAC Field Scanner Field Plot 249 Season 2,FALSE,Maricopa,6000000300,6000002845
height,17038,32.827,MAC Field Scanner Field Plot 248 Season 2,FALSE,Maricopa,6000000300,6000002844
height,17038,33.488,MAC Field Scanner Field Plot 264 Season 2,FALSE,Maricopa,6000000305,6000002860
height,17038,33.488,MAC Field Scanner Field Plot 265 Season 2,FALSE,Maricopa,6000000305,6000002861
height,17038,32.827,MAC Field Scanner Field Plot 266 Season 2,FALSE,Maricopa,6000000307,6000002862
height,17038,32.827,MAC Field Scanner Field Plot 267 Season 2,FALSE,Maricopa,6000000307,6000002863
height,17038,33.488,MAC Field Scanner Field Plot 290 Season 2,FALSE,Maricopa,6000000316,6000002886
height,17038,32.827,MAC Field Scanner Field Plot 291 Season 2,FALSE,Maricopa,6000000316,6000002887
height,17038,33.488,MAC Field Scanner Field Plot 247 Season 2,FALSE,Maricopa,6000000317,6000002843
height,17038,32.827,MAC Field Scanner Field Plot 246 Season 2,FALSE,Maricopa,6000000317,6000002842
height,17038,32.827,MAC Field Scanner Field Plot 245 Season 2,FALSE,Maricopa,6000000320,6000002841
height,17038,32.827,MAC Field Scanner Field Plot 281 Season 2,FALSE,Maricopa,6000000380,6000002877
height,17038,33.488,MAC Field Scanner Field Plot 280 Season 2,FALSE,Maricopa,6000000380,6000002876
height,17038,32.166,MAC Field Scanner Field Plot 296 Season 2,FALSE,Maricopa,6000000381,6000002892
height,17038,32.827,MAC Field Scanner Field Plot 297 Season 2,FALSE,Maricopa,6000000381,6000002893
height,17038,33.488,MAC Field Scanner Field Plot 279 Season 2,FALSE,Maricopa,6000000383,6000002875
height,17038,32.166,MAC Field Scanner Field Plot 278 Season 2,FALSE,Maricopa,6000000383,6000002874
height,17038,33.488,MAC Field Scanner Field Plot 260 Season 2,FALSE,Maricopa,6000000248,6000002856
height,17038,32.166,MAC Field Scanner Field Plot 261 Season 2,FALSE,Maricopa,6000000248,6000002857
height,17038,32.827,MAC Field Scanner Field Plot 270 Season 2,FALSE,Maricopa,6000000394,6000002866
height,17038,32.827,MAC Field Scanner Field Plot 271 Season 2,FALSE,Maricopa,6000000394,6000002867
height,17038,34.149,MAC Field Scanner Field Plot 298 Season 2,FALSE,Maricopa,6000000398,6000002894
height,17038,33.488,MAC Field Scanner Field Plot 283 Season 2,FALSE,Maricopa,6000000253,6000002879
height,17038,33.488,MAC Field Scanner Field Plot 282 Season 2,FALSE,Maricopa,6000000253,6000002878
height,17038,33.488,MAC Field Scanner Field Plot 314 Season 2,FALSE,Maricopa,6000000279,6000002910
height,17038,32.827,MAC Field Scanner Field Plot 302 Season 2,FALSE,Maricopa,6000000284,6000002898
height,17038,32.827,MAC Field Scanner Field Plot 303 Season 2,FALSE,Maricopa,6000000284,6000002899
height,17038,32.827,MAC Field Scanner Field Plot 345 Season 2,FALSE,Maricopa,6000000287,6000002941
height,17038,32.166,MAC Field Scanner Field Plot 344 Season 2,FALSE,Maricopa,6000000287,6000002940
height,17038,34.149,MAC Field Scanner Field Plot 326 Season 2,FALSE,Maricopa,6000000301,6000002922
height,17038,33.488,MAC Field Scanner Field Plot 327 Season 2,FALSE,Maricopa,6000000301,6000002923
height,17038,33.488,MAC Field Scanner Field Plot 307 Season 2,FALSE,Maricopa,6000000306,6000002903
height,17038,33.488,MAC Field Scanner Field Plot 306 Season 2,FALSE,Maricopa,6000000306,6000002902
height,17038,32.827,MAC Field Scanner Field Plot 351 Season 2,FALSE,Maricopa,6000000309,6000002947
height,17038,32.827,MAC Field Scanner Field Plot 350 Season 2,FALSE,Maricopa,6000000309,6000002946
height,17038,34.149,MAC Field Scanner Field Plot 347 Season 2,FALSE,Maricopa,6000000311,6000002943
height,17038,33.488,MAC Field Scanner Field Plot 346 Season 2,FALSE,Maricopa,6000000311,6000002942
height,17038,32.827,MAC Field Scanner Field Plot 309 Season 2,FALSE,Maricopa,6000000390,6000002905
height,17038,34.149,MAC Field Scanner Field Plot 308 Season 2,FALSE,Maricopa,6000000390,6000002904
height,17038,33.488,MAC Field Scanner Field Plot 319 Season 2,FALSE,Maricopa,6000000395,6000002915
height,17038,33.488,MAC Field Scanner Field Plot 318 Season 2,FALSE,Maricopa,6000000395,6000002914
height,17038,32.166,MAC Field Scanner Field Plot 299 Season 2,FALSE,Maricopa,6000000398,6000002895
height,17038,32.827,MAC Field Scanner Field Plot 324 Season 2,FALSE,Maricopa,6000000399,6000002920
height,17038,34.149,MAC Field Scanner Field Plot 325 Season 2,FALSE,Maricopa,6000000399,6000002921
height,17038,32.827,MAC Field Scanner Field Plot 322 Season 2,FALSE,Maricopa,6000000408,6000002918
height,17038,33.488,MAC Field Scanner Field Plot 323 Season 2,FALSE,Maricopa,6000000408,6000002919
height,17038,32.827,MAC Field Scanner Field Plot 343 Season 2,FALSE,Maricopa,6000000409,6000002939
height,17038,32.166,MAC Field Scanner Field Plot 342 Season 2,FALSE,Maricopa,6000000409,6000002938
height,17038,32.166,MAC Field Scanner Field Plot 328 Season 2,FALSE,Maricopa,6000000269,6000002924
height,17038,32.827,MAC Field Scanner Field Plot 329 Season 2,FALSE,Maricopa,6000000269,6000002925
height,17038,33.488,MAC Field Scanner Field Plot 409 Season 2,FALSE,Maricopa,6000000283,6000003005
height,17038,33.488,MAC Field Scanner Field Plot 408 Season 2,FALSE,Maricopa,6000000283,6000003004
height,17038,33.488,MAC Field Scanner Field Plot 379 Season 2,FALSE,Maricopa,6000000288,6000002975
height,17038,33.488,MAC Field Scanner Field Plot 378 Season 2,FALSE,Maricopa,6000000288,6000002974
height,17038,34.81,MAC Field Scanner Field Plot 358 Season 2,FALSE,Maricopa,6000000297,6000002954
height,17038,33.488,MAC Field Scanner Field Plot 359 Season 2,FALSE,Maricopa,6000000297,6000002955
height,17038,33.488,MAC Field Scanner Field Plot 386 Season 2,FALSE,Maricopa,6000000308,6000002982
height,17038,33.488,MAC Field Scanner Field Plot 387 Season 2,FALSE,Maricopa,6000000308,6000002983
height,17038,32.166,MAC Field Scanner Field Plot 398 Season 2,FALSE,Maricopa,6000000310,6000002994
height,17038,32.827,MAC Field Scanner Field Plot 399 Season 2,FALSE,Maricopa,6000000310,6000002995
height,17038,33.488,MAC Field Scanner Field Plot 383 Season 2,FALSE,Maricopa,6000000312,6000002979
height,17038,33.488,MAC Field Scanner Field Plot 382 Season 2,FALSE,Maricopa,6000000312,6000002978
height,17038,32.827,MAC Field Scanner Field Plot 390 Season 2,FALSE,Maricopa,6000000318,6000002986
height,17038,34.149,MAC Field Scanner Field Plot 391 Season 2,FALSE,Maricopa,6000000318,6000002987
height,17038,33.488,MAC Field Scanner Field Plot 388 Season 2,FALSE,Maricopa,6000000378,6000002984
height,17038,32.166,MAC Field Scanner Field Plot 389 Season 2,FALSE,Maricopa,6000000378,6000002985
height,17038,32.827,MAC Field Scanner Field Plot 392 Season 2,FALSE,Maricopa,6000000388,6000002988
height,17038,33.488,MAC Field Scanner Field Plot 393 Season 2,FALSE,Maricopa,6000000388,6000002989
height,17038,32.166,MAC Field Scanner Field Plot 405 Season 2,FALSE,Maricopa,6000000250,6000003001
height,17038,34.149,MAC Field Scanner Field Plot 404 Season 2,FALSE,Maricopa,6000000250,6000003e3
height,17038,32.827,MAC Field Scanner Field Plot 371 Season 2,FALSE,Maricopa,6000000412,6000002967
height,17038,33.488,MAC Field Scanner Field Plot 370 Season 2,FALSE,Maricopa,6000000412,6000002966
height,17038,34.149,MAC Field Scanner Field Plot 410 Season 2,FALSE,Maricopa,6000000254,6000003006
height,17038,32.827,MAC Field Scanner Field Plot 360 Season 2,FALSE,Maricopa,6000000405,6000002956
height,17038,32.827,MAC Field Scanner Field Plot 361 Season 2,FALSE,Maricopa,6000000405,6000002957
height,17038,33.488,MAC Field Scanner Field Plot 364 Season 2,FALSE,Maricopa,6000000407,6000002960
height,17038,33.488,MAC Field Scanner Field Plot 365 Season 2,FALSE,Maricopa,6000000407,6000002961
height,17038,32.827,MAC Field Scanner Field Plot 356 Season 2,FALSE,Maricopa,6000000271,6000002952
height,17038,33.488,MAC Field Scanner Field Plot 357 Season 2,FALSE,Maricopa,6000000271,6000002953
height,17038,32.827,MAC Field Scanner Field Plot 362 Season 2,FALSE,Maricopa,6000000272,6000002958
height,17038,33.488,MAC Field Scanner Field Plot 363 Season 2,FALSE,Maricopa,6000000272,6000002959
height,17038,34.149,MAC Field Scanner Field Plot 454 Season 2,FALSE,Maricopa,6000000288,6000003050
height,17038,32.827,MAC Field Scanner Field Plot 455 Season 2,FALSE,Maricopa,6000000288,6000003051
height,17038,35.471,MAC Field Scanner Field Plot 418 Season 2,FALSE,Maricopa,6000000298,6000003014
height,17038,34.81,MAC Field Scanner Field Plot 419 Season 2,FALSE,Maricopa,6000000298,6000003015
height,17038,34.149,MAC Field Scanner Field Plot 443 Season 2,FALSE,Maricopa,6000000302,6000003039
height,17038,32.166,MAC Field Scanner Field Plot 442 Season 2,FALSE,Maricopa,6000000302,6000003038
height,17038,33.488,MAC Field Scanner Field Plot 466 Season 2,FALSE,Maricopa,6000000304,6000003062
height,17038,32.827,MAC Field Scanner Field Plot 437 Season 2,FALSE,Maricopa,6000000309,6000003033
height,17038,34.149,MAC Field Scanner Field Plot 436 Season 2,FALSE,Maricopa,6000000309,6000003032
height,17038,32.827,MAC Field Scanner Field Plot 424 Season 2,FALSE,Maricopa,6000000314,6000003020
height,17038,33.488,MAC Field Scanner Field Plot 425 Season 2,FALSE,Maricopa,6000000314,6000003021
height,17038,33.488,MAC Field Scanner Field Plot 458 Season 2,FALSE,Maricopa,6000000389,6000003054
height,17038,33.488,MAC Field Scanner Field Plot 459 Season 2,FALSE,Maricopa,6000000389,6000003055
height,17038,32.166,MAC Field Scanner Field Plot 430 Season 2,FALSE,Maricopa,6000000391,6000003026
height,17038,32.827,MAC Field Scanner Field Plot 431 Season 2,FALSE,Maricopa,6000000391,6000003027
height,17038,33.488,MAC Field Scanner Field Plot 426 Season 2,FALSE,Maricopa,6000000392,6000003022
height,17038,32.827,MAC Field Scanner Field Plot 427 Season 2,FALSE,Maricopa,6000000392,6000003023
height,17038,33.488,MAC Field Scanner Field Plot 441 Season 2,FALSE,Maricopa,6000000403,6000003037
height,17038,33.488,MAC Field Scanner Field Plot 440 Season 2,FALSE,Maricopa,6000000403,6000003036
height,17038,33.488,MAC Field Scanner Field Plot 415 Season 2,FALSE,Maricopa,6000000251,6000003011
height,17038,33.488,MAC Field Scanner Field Plot 414 Season 2,FALSE,Maricopa,6000000251,6000003010
height,17038,33.488,MAC Field Scanner Field Plot 411 Season 2,FALSE,Maricopa,6000000254,6000003007
height,17038,32.166,MAC Field Scanner Field Plot 428 Season 2,FALSE,Maricopa,6000000264,6000003024
height,17038,34.149,MAC Field Scanner Field Plot 429 Season 2,FALSE,Maricopa,6000000264,6000003025
height,17038,32.827,MAC Field Scanner Field Plot 518 Season 2,FALSE,Maricopa,6000000279,6000003114
height,17038,34.81,MAC Field Scanner Field Plot 519 Season 2,FALSE,Maricopa,6000000279,6000003115
height,17038,34.81,MAC Field Scanner Field Plot 479 Season 2,FALSE,Maricopa,6000000280,6000003075
height,17038,34.149,MAC Field Scanner Field Plot 478 Season 2,FALSE,Maricopa,6000000280,6000003074
height,17038,33.488,MAC Field Scanner Field Plot 507 Season 2,FALSE,Maricopa,6000000281,6000003103
height,17038,34.81,MAC Field Scanner Field Plot 506 Season 2,FALSE,Maricopa,6000000281,6000003102
height,17038,32.827,MAC Field Scanner Field Plot 505 Season 2,FALSE,Maricopa,6000000297,6000003101
height,17038,32.827,MAC Field Scanner Field Plot 504 Season 2,FALSE,Maricopa,6000000297,6000003100
height,17038,32.827,MAC Field Scanner Field Plot 520 Season 2,FALSE,Maricopa,6000000301,6000003116
height,17038,32.827,MAC Field Scanner Field Plot 467 Season 2,FALSE,Maricopa,6000000304,6000003063
height,17038,32.827,MAC Field Scanner Field Plot 469 Season 2,FALSE,Maricopa,6000000306,6000003065
height,17038,33.488,MAC Field Scanner Field Plot 468 Season 2,FALSE,Maricopa,6000000306,6000003064
height,17038,32.827,MAC Field Scanner Field Plot 488 Season 2,FALSE,Maricopa,6000000307,6000003084
height,17038,33.488,MAC Field Scanner Field Plot 489 Season 2,FALSE,Maricopa,6000000307,6000003085
height,17038,33.488,MAC Field Scanner Field Plot 516 Season 2,FALSE,Maricopa,6000000315,6000003112
height,17038,32.827,MAC Field Scanner Field Plot 503 Season 2,FALSE,Maricopa,6000000386,6000003099
height,17038,32.827,MAC Field Scanner Field Plot 502 Season 2,FALSE,Maricopa,6000000386,6000003098
height,17038,32.827,MAC Field Scanner Field Plot 486 Season 2,FALSE,Maricopa,6000000391,6000003082
height,17038,34.149,MAC Field Scanner Field Plot 487 Season 2,FALSE,Maricopa,6000000391,6000003083
height,17038,32.827,MAC Field Scanner Field Plot 492 Season 2,FALSE,Maricopa,6000000393,6000003088
height,17038,34.149,MAC Field Scanner Field Plot 493 Season 2,FALSE,Maricopa,6000000393,6000003089
height,17038,34.81,MAC Field Scanner Field Plot 509 Season 2,FALSE,Maricopa,6000000395,6000003105
height,17038,32.827,MAC Field Scanner Field Plot 508 Season 2,FALSE,Maricopa,6000000395,6000003104
height,17038,32.827,MAC Field Scanner Field Plot 494 Season 2,FALSE,Maricopa,6000000412,6000003090
height,17038,32.827,MAC Field Scanner Field Plot 495 Season 2,FALSE,Maricopa,6000000412,6000003091
height,17038,32.827,MAC Field Scanner Field Plot 499 Season 2,FALSE,Maricopa,6000000253,6000003095
height,17038,32.827,MAC Field Scanner Field Plot 498 Season 2,FALSE,Maricopa,6000000253,6000003094
height,17038,33.488,MAC Field Scanner Field Plot 482 Season 2,FALSE,Maricopa,6000000407,6000003078
height,17038,32.827,MAC Field Scanner Field Plot 575 Season 2,FALSE,Maricopa,6000000287,6000003171
height,17038,32.827,MAC Field Scanner Field Plot 574 Season 2,FALSE,Maricopa,6000000287,6000003170
height,17038,33.488,MAC Field Scanner Field Plot 548 Season 2,FALSE,Maricopa,6000000292,6000003144
height,17038,33.488,MAC Field Scanner Field Plot 549 Season 2,FALSE,Maricopa,6000000292,6000003145
height,17038,33.488,MAC Field Scanner Field Plot 521 Season 2,FALSE,Maricopa,6000000301,6000003117
height,17038,33.488,MAC Field Scanner Field Plot 550 Season 2,FALSE,Maricopa,6000000303,6000003146
height,17038,32.166,MAC Field Scanner Field Plot 551 Season 2,FALSE,Maricopa,6000000303,6000003147
height,17038,33.488,MAC Field Scanner Field Plot 571 Season 2,FALSE,Maricopa,6000000241,6000003167
height,17038,32.827,MAC Field Scanner Field Plot 570 Season 2,FALSE,Maricopa,6000000241,6000003166
height,17038,34.149,MAC Field Scanner Field Plot 539 Season 2,FALSE,Maricopa,6000000320,6000003135
height,17038,32.166,MAC Field Scanner Field Plot 538 Season 2,FALSE,Maricopa,6000000320,6000003134
height,17038,33.488,MAC Field Scanner Field Plot 562 Season 2,FALSE,Maricopa,6000000376,6000003158
height,17038,32.166,MAC Field Scanner Field Plot 556 Season 2,FALSE,Maricopa,6000000379,6000003152
height,17038,34.149,MAC Field Scanner Field Plot 557 Season 2,FALSE,Maricopa,6000000379,6000003153
height,17038,33.488,MAC Field Scanner Field Plot 558 Season 2,FALSE,Maricopa,6000000248,6000003154
height,17038,33.488,MAC Field Scanner Field Plot 559 Season 2,FALSE,Maricopa,6000000248,6000003155
height,17038,33.488,MAC Field Scanner Field Plot 543 Season 2,FALSE,Maricopa,6000000392,6000003139
height,17038,33.488,MAC Field Scanner Field Plot 542 Season 2,FALSE,Maricopa,6000000392,6000003138
height,17038,33.488,MAC Field Scanner Field Plot 554 Season 2,FALSE,Maricopa,6000000255,6000003150
height,17038,32.827,MAC Field Scanner Field Plot 555 Season 2,FALSE,Maricopa,6000000255,6000003151
height,17038,32.827,MAC Field Scanner Field Plot 533 Season 2,FALSE,Maricopa,6000000410,6000003129
height,17038,34.149,MAC Field Scanner Field Plot 532 Season 2,FALSE,Maricopa,6000000410,6000003128
height,17038,32.827,MAC Field Scanner Field Plot 526 Season 2,FALSE,Maricopa,6000000268,6000003122
height,17038,32.827,MAC Field Scanner Field Plot 527 Season 2,FALSE,Maricopa,6000000268,6000003123
height,17038,31.505,MAC Field Scanner Field Plot 565 Season 2,FALSE,Maricopa,6000000275,6000003161
height,17038,34.149,MAC Field Scanner Field Plot 564 Season 2,FALSE,Maricopa,6000000275,6000003160
height,17038,33.488,MAC Field Scanner Field Plot 589 Season 2,FALSE,Maricopa,6000000277,6000003185
height,17038,32.827,MAC Field Scanner Field Plot 601 Season 2,FALSE,Maricopa,6000000283,6000003197
height,17038,32.827,MAC Field Scanner Field Plot 600 Season 2,FALSE,Maricopa,6000000283,6000003196
height,17038,33.488,MAC Field Scanner Field Plot 614 Season 2,FALSE,Maricopa,6000000289,6000003210
height,17038,33.488,MAC Field Scanner Field Plot 615 Season 2,FALSE,Maricopa,6000000289,6000003211
height,17038,32.827,MAC Field Scanner Field Plot 627 Season 2,FALSE,Maricopa,6000000300,6000003223
height,17038,32.827,MAC Field Scanner Field Plot 626 Season 2,FALSE,Maricopa,6000000300,6000003222
height,17038,32.827,MAC Field Scanner Field Plot 605 Season 2,FALSE,Maricopa,6000000316,6000003201
height,17038,32.827,MAC Field Scanner Field Plot 604 Season 2,FALSE,Maricopa,6000000316,6000003200
height,17038,32.827,MAC Field Scanner Field Plot 584 Season 2,FALSE,Maricopa,6000000318,6000003180
height,17038,32.827,MAC Field Scanner Field Plot 585 Season 2,FALSE,Maricopa,6000000318,6000003181
height,17038,33.488,MAC Field Scanner Field Plot 629 Season 2,FALSE,Maricopa,6000000319,6000003225
height,17038,34.149,MAC Field Scanner Field Plot 628 Season 2,FALSE,Maricopa,6000000319,6000003224
height,17038,32.827,MAC Field Scanner Field Plot 595 Season 2,FALSE,Maricopa,6000000331,6000003191
height,17038,33.488,MAC Field Scanner Field Plot 594 Season 2,FALSE,Maricopa,6000000331,6000003190
height,17038,32.827,MAC Field Scanner Field Plot 607 Season 2,FALSE,Maricopa,6000000377,6000003203
height,17038,32.827,MAC Field Scanner Field Plot 606 Season 2,FALSE,Maricopa,6000000377,6000003202
height,17038,32.827,MAC Field Scanner Field Plot 631 Season 2,FALSE,Maricopa,6000000381,6000003227
height,17038,34.149,MAC Field Scanner Field Plot 630 Season 2,FALSE,Maricopa,6000000381,6000003226
height,17038,33.488,MAC Field Scanner Field Plot 632 Season 2,FALSE,Maricopa,6000000388,6000003228
height,17038,32.166,MAC Field Scanner Field Plot 597 Season 2,FALSE,Maricopa,6000000396,6000003193
height,17038,34.149,MAC Field Scanner Field Plot 596 Season 2,FALSE,Maricopa,6000000396,6000003192
height,17038,32.827,MAC Field Scanner Field Plot 620 Season 2,FALSE,Maricopa,6000000400,6000003216
height,17038,34.149,MAC Field Scanner Field Plot 621 Season 2,FALSE,Maricopa,6000000400,6000003217
height,17038,33.488,MAC Field Scanner Field Plot 622 Season 2,FALSE,Maricopa,6000000409,6000003218
height,17038,33.488,MAC Field Scanner Field Plot 623 Season 2,FALSE,Maricopa,6000000409,6000003219
height,17038,32.827,MAC Field Scanner Field Plot 618 Season 2,FALSE,Maricopa,6000000265,6000003214
height,17038,33.488,MAC Field Scanner Field Plot 619 Season 2,FALSE,Maricopa,6000000265,6000003215
height,17038,32.827,MAC Field Scanner Field Plot 578 Season 2,FALSE,Maricopa,6000000271,6000003174
height,17038,33.488,MAC Field Scanner Field Plot 579 Season 2,FALSE,Maricopa,6000000271,6000003175
height,17038,32.827,MAC Field Scanner Field Plot 588 Season 2,FALSE,Maricopa,6000000277,6000003184
height,17038,32.827,MAC Field Scanner Field Plot 654 Season 2,FALSE,Maricopa,6000000282,6000003250
height,17038,32.166,MAC Field Scanner Field Plot 655 Season 2,FALSE,Maricopa,6000000282,6000003251
height,17038,32.827,MAC Field Scanner Field Plot 642 Season 2,FALSE,Maricopa,6000000285,6000003238
height,17038,32.827,MAC Field Scanner Field Plot 643 Season 2,FALSE,Maricopa,6000000285,6000003239
height,17038,32.827,MAC Field Scanner Field Plot 637 Season 2,FALSE,Maricopa,6000000291,6000003233
height,17038,32.827,MAC Field Scanner Field Plot 636 Season 2,FALSE,Maricopa,6000000291,6000003232
height,17038,34.149,MAC Field Scanner Field Plot 678 Season 2,FALSE,Maricopa,6000000305,6000003274
height,17038,32.827,MAC Field Scanner Field Plot 679 Season 2,FALSE,Maricopa,6000000305,6000003275
height,17038,33.488,MAC Field Scanner Field Plot 682 Season 2,FALSE,Maricopa,6000000308,6000003278
height,17038,32.827,MAC Field Scanner Field Plot 683 Season 2,FALSE,Maricopa,6000000308,6000003279
height,17038,32.166,MAC Field Scanner Field Plot 674 Season 2,FALSE,Maricopa,6000000311,6000003270
height,17038,32.827,MAC Field Scanner Field Plot 675 Season 2,FALSE,Maricopa,6000000311,6000003271
height,17038,32.827,MAC Field Scanner Field Plot 686 Season 2,FALSE,Maricopa,6000000313,6000003282
height,17038,32.827,MAC Field Scanner Field Plot 665 Season 2,FALSE,Maricopa,6000000378,6000003261
height,17038,33.488,MAC Field Scanner Field Plot 664 Season 2,FALSE,Maricopa,6000000378,6000003260
height,17038,33.488,MAC Field Scanner Field Plot 667 Season 2,FALSE,Maricopa,6000000380,6000003263
height,17038,34.149,MAC Field Scanner Field Plot 666 Season 2,FALSE,Maricopa,6000000380,6000003262
height,17038,32.166,MAC Field Scanner Field Plot 633 Season 2,FALSE,Maricopa,6000000388,6000003229
height,17038,33.488,MAC Field Scanner Field Plot 644 Season 2,FALSE,Maricopa,6000000390,6000003240
height,17038,32.827,MAC Field Scanner Field Plot 645 Season 2,FALSE,Maricopa,6000000390,6000003241
height,17038,32.827,MAC Field Scanner Field Plot 659 Season 2,FALSE,Maricopa,6000000250,6000003255
height,17038,32.166,MAC Field Scanner Field Plot 658 Season 2,FALSE,Maricopa,6000000250,6000003254
height,17038,32.827,MAC Field Scanner Field Plot 661 Season 2,FALSE,Maricopa,6000000252,6000003257
height,17038,34.81,MAC Field Scanner Field Plot 660 Season 2,FALSE,Maricopa,6000000252,6000003256
height,17038,32.827,MAC Field Scanner Field Plot 635 Season 2,FALSE,Maricopa,6000000258,6000003231
height,17038,32.827,MAC Field Scanner Field Plot 634 Season 2,FALSE,Maricopa,6000000258,6000003230
height,17038,33.488,MAC Field Scanner Field Plot 663 Season 2,FALSE,Maricopa,6000000263,6000003259
height,17038,33.488,MAC Field Scanner Field Plot 662 Season 2,FALSE,Maricopa,6000000263,6000003258
height,17038,33.488,MAC Field Scanner Field Plot 702 Season 2,FALSE,Maricopa,6000000278,6000003298
height,17038,33.488,MAC Field Scanner Field Plot 712 Season 2,FALSE,Maricopa,6000000293,6000003308
height,17038,34.149,MAC Field Scanner Field Plot 713 Season 2,FALSE,Maricopa,6000000293,6000003309
height,17038,33.488,MAC Field Scanner Field Plot 742 Season 2,FALSE,Maricopa,6000000295,6000003338
height,17038,33.488,MAC Field Scanner Field Plot 710 Season 2,FALSE,Maricopa,6000000298,6000003306
height,17038,32.827,MAC Field Scanner Field Plot 711 Season 2,FALSE,Maricopa,6000000298,6000003307
height,17038,33.488,MAC Field Scanner Field Plot 725 Season 2,FALSE,Maricopa,6000000299,6000003321
height,17038,33.488,MAC Field Scanner Field Plot 724 Season 2,FALSE,Maricopa,6000000299,6000003320
height,17038,33.488,MAC Field Scanner Field Plot 718 Season 2,FALSE,Maricopa,6000000312,6000003314
height,17038,32.827,MAC Field Scanner Field Plot 719 Season 2,FALSE,Maricopa,6000000312,6000003315
height,17038,32.827,MAC Field Scanner Field Plot 687 Season 2,FALSE,Maricopa,6000000313,6000003283
height,17038,33.488,MAC Field Scanner Field Plot 695 Season 2,FALSE,Maricopa,6000000314,6000003291
height,17038,34.149,MAC Field Scanner Field Plot 694 Season 2,FALSE,Maricopa,6000000314,6000003290
height,17038,32.166,MAC Field Scanner Field Plot 703 Season 2,FALSE,Maricopa,6000000278,6000003299
height,17038,33.488,MAC Field Scanner Field Plot 693 Season 2,FALSE,Maricopa,6000000382,6000003289
height,17038,33.488,MAC Field Scanner Field Plot 692 Season 2,FALSE,Maricopa,6000000382,6000003288
height,17038,32.827,MAC Field Scanner Field Plot 714 Season 2,FALSE,Maricopa,6000000385,6000003310
height,17038,34.149,MAC Field Scanner Field Plot 715 Season 2,FALSE,Maricopa,6000000385,6000003311
height,17038,33.488,MAC Field Scanner Field Plot 701 Season 2,FALSE,Maricopa,6000000387,6000003297
height,17038,33.488,MAC Field Scanner Field Plot 700 Season 2,FALSE,Maricopa,6000000387,6000003296
height,17038,32.827,MAC Field Scanner Field Plot 735 Season 2,FALSE,Maricopa,6000000249,6000003331
height,17038,32.827,MAC Field Scanner Field Plot 734 Season 2,FALSE,Maricopa,6000000249,6000003330
height,17038,33.488,MAC Field Scanner Field Plot 740 Season 2,FALSE,Maricopa,6000000394,6000003336
height,17038,32.827,MAC Field Scanner Field Plot 741 Season 2,FALSE,Maricopa,6000000394,6000003337
height,17038,32.166,MAC Field Scanner Field Plot 729 Season 2,FALSE,Maricopa,6000000399,6000003325
height,17038,33.488,MAC Field Scanner Field Plot 795 Season 2,FALSE,Maricopa,6000000286,6000003391
height,17038,33.488,MAC Field Scanner Field Plot 794 Season 2,FALSE,Maricopa,6000000286,6000003390
height,17038,33.488,MAC Field Scanner Field Plot 765 Season 2,FALSE,Maricopa,6000000290,6000003361
height,17038,32.827,MAC Field Scanner Field Plot 764 Season 2,FALSE,Maricopa,6000000290,6000003360
height,17038,34.149,MAC Field Scanner Field Plot 743 Season 2,FALSE,Maricopa,6000000295,6000003339
height,17038,32.827,MAC Field Scanner Field Plot 787 Season 2,FALSE,Maricopa,6000000317,6000003383
height,17038,32.827,MAC Field Scanner Field Plot 786 Season 2,FALSE,Maricopa,6000000317,6000003382
height,17038,33.488,MAC Field Scanner Field Plot 791 Season 2,FALSE,Maricopa,6000000383,6000003387
height,17038,32.166,MAC Field Scanner Field Plot 790 Season 2,FALSE,Maricopa,6000000383,6000003386
height,17038,32.166,MAC Field Scanner Field Plot 798 Season 2,FALSE,Maricopa,6000000384,6000003394
height,17038,32.827,MAC Field Scanner Field Plot 759 Season 2,FALSE,Maricopa,6000000398,6000003355
height,17038,34.149,MAC Field Scanner Field Plot 758 Season 2,FALSE,Maricopa,6000000398,6000003354
height,17038,32.827,MAC Field Scanner Field Plot 797 Season 2,FALSE,Maricopa,6000000401,6000003393
height,17038,32.166,MAC Field Scanner Field Plot 796 Season 2,FALSE,Maricopa,6000000401,6000003392
height,17038,33.488,MAC Field Scanner Field Plot 757 Season 2,FALSE,Maricopa,6000000402,6000003353
height,17038,33.488,MAC Field Scanner Field Plot 756 Season 2,FALSE,Maricopa,6000000402,6000003352
height,17038,32.827,MAC Field Scanner Field Plot 755 Season 2,FALSE,Maricopa,6000000254,6000003351
height,17038,32.827,MAC Field Scanner Field Plot 754 Season 2,FALSE,Maricopa,6000000254,6000003350
height,17038,33.488,MAC Field Scanner Field Plot 770 Season 2,FALSE,Maricopa,6000000260,6000003366
height,17038,33.488,MAC Field Scanner Field Plot 771 Season 2,FALSE,Maricopa,6000000260,6000003367
height,17038,33.488,MAC Field Scanner Field Plot 748 Season 2,FALSE,Maricopa,6000000261,6000003344
height,17038,33.488,MAC Field Scanner Field Plot 749 Season 2,FALSE,Maricopa,6000000261,6000003345
height,17038,32.827,MAC Field Scanner Field Plot 761 Season 2,FALSE,Maricopa,6000000406,6000003357
height,17038,33.488,MAC Field Scanner Field Plot 760 Season 2,FALSE,Maricopa,6000000406,6000003356
height,17038,32.827,MAC Field Scanner Field Plot 767 Season 2,FALSE,Maricopa,6000000273,6000003363
height,17038,32.827,MAC Field Scanner Field Plot 766 Season 2,FALSE,Maricopa,6000000273,6000003362
height,17038,35.471,MAC Field Scanner Field Plot 827 Season 2,FALSE,Maricopa,6000000284,6000003423
height,17038,33.488,MAC Field Scanner Field Plot 826 Season 2,FALSE,Maricopa,6000000284,6000003422
height,17038,33.488,MAC Field Scanner Field Plot 802 Season 2,FALSE,Maricopa,6000000294,6000003398
height,17038,33.488,MAC Field Scanner Field Plot 803 Season 2,FALSE,Maricopa,6000000294,6000003399
height,17038,32.827,MAC Field Scanner Field Plot 812 Season 2,FALSE,Maricopa,6000000296,6000003408
height,17038,33.488,MAC Field Scanner Field Plot 813 Season 2,FALSE,Maricopa,6000000296,6000003409
height,17038,38.776,MAC Field Scanner Field Plot 829 Season 2,FALSE,Maricopa,6000000310,6000003425
height,17038,32.827,MAC Field Scanner Field Plot 828 Season 2,FALSE,Maricopa,6000000310,6000003424
height,17038,33.488,MAC Field Scanner Field Plot 810 Season 2,FALSE,Maricopa,6000000325,6000003406
height,17038,32.166,MAC Field Scanner Field Plot 811 Season 2,FALSE,Maricopa,6000000325,6000003407
height,17038,32.166,MAC Field Scanner Field Plot 814 Season 2,FALSE,Maricopa,6000000330,6000003410
height,17038,32.827,MAC Field Scanner Field Plot 815 Season 2,FALSE,Maricopa,6000000330,6000003411
height,17038,46.047,MAC Field Scanner Field Plot 825 Season 2,FALSE,Maricopa,6000000354,6000003421
height,17038,32.166,MAC Field Scanner Field Plot 824 Season 2,FALSE,Maricopa,6000000354,6000003420
height,17038,33.488,MAC Field Scanner Field Plot 823 Season 2,FALSE,Maricopa,6000000365,6000003419
height,17038,32.827,MAC Field Scanner Field Plot 822 Season 2,FALSE,Maricopa,6000000365,6000003418
height,17038,33.488,MAC Field Scanner Field Plot 799 Season 2,FALSE,Maricopa,6000000384,6000003395
height,17038,32.827,MAC Field Scanner Field Plot 804 Season 2,FALSE,Maricopa,6000000397,6000003400
height,17038,32.827,MAC Field Scanner Field Plot 805 Season 2,FALSE,Maricopa,6000000397,6000003401
height,17038,51.335,MAC Field Scanner Field Plot 831 Season 2,FALSE,Maricopa,6000000259,6000003427
height,17038,33.488,MAC Field Scanner Field Plot 830 Season 2,FALSE,Maricopa,6000000259,6000003426
height,17038,33.488,MAC Field Scanner Field Plot 806 Season 2,FALSE,Maricopa,6000000405,6000003402
height,17038,34.149,MAC Field Scanner Field Plot 807 Season 2,FALSE,Maricopa,6000000405,6000003403
height,17038,32.166,MAC Field Scanner Field Plot 821 Season 2,FALSE,Maricopa,6000000262,6000003417
height,17038,33.488,MAC Field Scanner Field Plot 820 Season 2,FALSE,Maricopa,6000000262,6000003416
height,17038,32.827,MAC Field Scanner Field Plot 808 Season 2,FALSE,Maricopa,6000000269,6000003404
height,17039,32.827,MAC Field Scanner Field Plot 72 Season 2,FALSE,Maricopa,6000000291,6000002668
height,17039,33.488,MAC Field Scanner Field Plot 73 Season 2,FALSE,Maricopa,6000000291,6000002669
height,17039,32.166,MAC Field Scanner Field Plot 44 Season 2,FALSE,Maricopa,6000000293,6000002640
height,17039,33.488,MAC Field Scanner Field Plot 45 Season 2,FALSE,Maricopa,6000000293,6000002641
height,17039,33.488,MAC Field Scanner Field Plot 55 Season 2,FALSE,Maricopa,6000000294,6000002651
height,17039,32.827,MAC Field Scanner Field Plot 54 Season 2,FALSE,Maricopa,6000000294,6000002650
height,17039,32.827,MAC Field Scanner Field Plot 70 Season 2,FALSE,Maricopa,6000000296,6000002666
height,17039,34.149,MAC Field Scanner Field Plot 71 Season 2,FALSE,Maricopa,6000000296,6000002667
height,17039,32.827,MAC Field Scanner Field Plot 63 Season 2,FALSE,Maricopa,6000000241,6000002659
height,17039,33.488,MAC Field Scanner Field Plot 62 Season 2,FALSE,Maricopa,6000000241,6000002658
height,17039,32.827,MAC Field Scanner Field Plot 35 Season 2,FALSE,Maricopa,6000000278,6000002631
height,17039,32.166,MAC Field Scanner Field Plot 29 Season 2,FALSE,Maricopa,6000000415,6000002625
height,17039,32.166,MAC Field Scanner Field Plot 28 Season 2,FALSE,Maricopa,6000000415,6000002624
height,17039,32.827,MAC Field Scanner Field Plot 57 Season 2,FALSE,Maricopa,6000000333,6000002653
height,17039,32.827,MAC Field Scanner Field Plot 56 Season 2,FALSE,Maricopa,6000000333,6000002652
height,17039,32.827,MAC Field Scanner Field Plot 51 Season 2,FALSE,Maricopa,6000000334,6000002647
height,17039,33.488,MAC Field Scanner Field Plot 50 Season 2,FALSE,Maricopa,6000000334,6000002646
height,17039,32.827,MAC Field Scanner Field Plot 59 Season 2,FALSE,Maricopa,6000000349,6000002655
height,17039,32.827,MAC Field Scanner Field Plot 58 Season 2,FALSE,Maricopa,6000000349,6000002654
height,17039,33.488,MAC Field Scanner Field Plot 42 Season 2,FALSE,Maricopa,6000000384,6000002638
height,17039,32.166,MAC Field Scanner Field Plot 43 Season 2,FALSE,Maricopa,6000000384,6000002639
height,17039,32.827,MAC Field Scanner Field Plot 53 Season 2,FALSE,Maricopa,6000000401,6000002649
height,17039,33.488,MAC Field Scanner Field Plot 52 Season 2,FALSE,Maricopa,6000000401,6000002648
height,17039,33.488,MAC Field Scanner Field Plot 66 Season 2,FALSE,Maricopa,6000000255,6000002662
height,17039,34.149,MAC Field Scanner Field Plot 67 Season 2,FALSE,Maricopa,6000000255,6000002663
height,17039,34.149,MAC Field Scanner Field Plot 74 Season 2,FALSE,Maricopa,6000000256,6000002670
height,17039,32.827,MAC Field Scanner Field Plot 75 Season 2,FALSE,Maricopa,6000000256,6000002671
height,17039,32.827,MAC Field Scanner Field Plot 46 Season 2,FALSE,Maricopa,6000000258,6000002642
height,17039,32.827,MAC Field Scanner Field Plot 47 Season 2,FALSE,Maricopa,6000000258,6000002643
height,17039,32.827,MAC Field Scanner Field Plot 61 Season 2,FALSE,Maricopa,6000000274,6000002657
height,17039,33.488,MAC Field Scanner Field Plot 78 Season 2,FALSE,Maricopa,6000000282,6000002674
height,17039,34.149,MAC Field Scanner Field Plot 79 Season 2,FALSE,Maricopa,6000000282,6000002675
height,17039,33.488,MAC Field Scanner Field Plot 121 Season 2,FALSE,Maricopa,6000000289,6000002717
height,17039,33.488,MAC Field Scanner Field Plot 120 Season 2,FALSE,Maricopa,6000000289,6000002716
height,17039,32.827,MAC Field Scanner Field Plot 98 Season 2,FALSE,Maricopa,6000000295,6000002694
height,17039,33.488,MAC Field Scanner Field Plot 99 Season 2,FALSE,Maricopa,6000000295,6000002695
height,17039,34.81,MAC Field Scanner Field Plot 87 Season 2,FALSE,Maricopa,6000000313,6000002683
height,17039,33.488,MAC Field Scanner Field Plot 86 Season 2,FALSE,Maricopa,6000000313,6000002682
height,17039,32.827,MAC Field Scanner Field Plot 108 Season 2,FALSE,Maricopa,6000000315,6000002704
height,17039,33.488,MAC Field Scanner Field Plot 109 Season 2,FALSE,Maricopa,6000000315,6000002705
height,17039,32.827,MAC Field Scanner Field Plot 119 Season 2,FALSE,Maricopa,6000000319,6000002715
height,17039,34.149,MAC Field Scanner Field Plot 118 Season 2,FALSE,Maricopa,6000000319,6000002714
height,17039,33.488,MAC Field Scanner Field Plot 123 Season 2,FALSE,Maricopa,6000000389,6000002719
height,17039,34.81,MAC Field Scanner Field Plot 122 Season 2,FALSE,Maricopa,6000000389,6000002718
height,17039,33.488,MAC Field Scanner Field Plot 127 Season 2,FALSE,Maricopa,6000000393,6000002723
height,17039,33.488,MAC Field Scanner Field Plot 126 Season 2,FALSE,Maricopa,6000000393,6000002722
height,17039,33.488,MAC Field Scanner Field Plot 106 Season 2,FALSE,Maricopa,6000000397,6000002702
height,17039,34.149,MAC Field Scanner Field Plot 107 Season 2,FALSE,Maricopa,6000000397,6000002703
height,17039,32.827,MAC Field Scanner Field Plot 83 Season 2,FALSE,Maricopa,6000000400,6000002679
height,17039,34.149,MAC Field Scanner Field Plot 82 Season 2,FALSE,Maricopa,6000000400,6000002678
height,17039,32.827,MAC Field Scanner Field Plot 76 Season 2,FALSE,Maricopa,6000000260,6000002672
height,17039,33.488,MAC Field Scanner Field Plot 77 Season 2,FALSE,Maricopa,6000000260,6000002673
height,17039,32.827,MAC Field Scanner Field Plot 102 Season 2,FALSE,Maricopa,6000000406,6000002698
height,17039,34.81,MAC Field Scanner Field Plot 103 Season 2,FALSE,Maricopa,6000000406,6000002699
height,17039,33.488,MAC Field Scanner Field Plot 100 Season 2,FALSE,Maricopa,6000000265,6000002696
height,17039,33.488,MAC Field Scanner Field Plot 101 Season 2,FALSE,Maricopa,6000000265,6000002697
height,17039,33.488,MAC Field Scanner Field Plot 110 Season 2,FALSE,Maricopa,6000000276,6000002706
height,17039,34.149,MAC Field Scanner Field Plot 111 Season 2,FALSE,Maricopa,6000000276,6000002707
height,17039,32.827,MAC Field Scanner Field Plot 91 Season 2,FALSE,Maricopa,6000000277,6000002687
height,17039,31.505,MAC Field Scanner Field Plot 172 Season 2,FALSE,Maricopa,6000000285,6000002768
height,17039,34.149,MAC Field Scanner Field Plot 173 Season 2,FALSE,Maricopa,6000000285,6000002769
height,17039,32.166,MAC Field Scanner Field Plot 166 Season 2,FALSE,Maricopa,6000000286,6000002762
height,17039,34.149,MAC Field Scanner Field Plot 167 Season 2,FALSE,Maricopa,6000000286,6000002763
height,17039,32.827,MAC Field Scanner Field Plot 164 Season 2,FALSE,Maricopa,6000000302,6000002760
height,17039,32.166,MAC Field Scanner Field Plot 165 Season 2,FALSE,Maricopa,6000000302,6000002761
height,17039,32.827,MAC Field Scanner Field Plot 187 Season 2,FALSE,Maricopa,6000000304,6000002783
height,17039,32.166,MAC Field Scanner Field Plot 186 Season 2,FALSE,Maricopa,6000000304,6000002782
height,17039,32.827,MAC Field Scanner Field Plot 140 Season 2,FALSE,Maricopa,6000000377,6000002736
height,17039,33.488,MAC Field Scanner Field Plot 141 Season 2,FALSE,Maricopa,6000000377,6000002737
height,17039,32.827,MAC Field Scanner Field Plot 181 Season 2,FALSE,Maricopa,6000000385,6000002777
height,17039,34.149,MAC Field Scanner Field Plot 180 Season 2,FALSE,Maricopa,6000000385,6000002776
height,17039,32.827,MAC Field Scanner Field Plot 149 Season 2,FALSE,Maricopa,6000000396,6000002745
height,17039,33.488,MAC Field Scanner Field Plot 148 Season 2,FALSE,Maricopa,6000000396,6000002744
height,17039,32.166,MAC Field Scanner Field Plot 162 Season 2,FALSE,Maricopa,6000000402,6000002758
height,17039,32.166,MAC Field Scanner Field Plot 163 Season 2,FALSE,Maricopa,6000000402,6000002759
height,17039,33.488,MAC Field Scanner Field Plot 151 Season 2,FALSE,Maricopa,6000000403,6000002747
height,17039,33.488,MAC Field Scanner Field Plot 150 Season 2,FALSE,Maricopa,6000000403,6000002746
height,17039,32.827,MAC Field Scanner Field Plot 142 Season 2,FALSE,Maricopa,6000000252,6000002738
height,17039,33.488,MAC Field Scanner Field Plot 143 Season 2,FALSE,Maricopa,6000000252,6000002739
height,17039,33.488,MAC Field Scanner Field Plot 132 Season 2,FALSE,Maricopa,6000000261,6000002728
height,17039,32.827,MAC Field Scanner Field Plot 133 Season 2,FALSE,Maricopa,6000000261,6000002729
height,17039,34.81,MAC Field Scanner Field Plot 170 Season 2,FALSE,Maricopa,6000000262,6000002766
height,17040,32.827,MAC Field Scanner Field Plot 78 Season 2,FALSE,Maricopa,6000000282,6000002674
height,17040,33.488,MAC Field Scanner Field Plot 79 Season 2,FALSE,Maricopa,6000000282,6000002675
height,17040,32.827,MAC Field Scanner Field Plot 72 Season 2,FALSE,Maricopa,6000000291,6000002668
height,17040,32.827,MAC Field Scanner Field Plot 73 Season 2,FALSE,Maricopa,6000000291,6000002669
height,17039,33.488,MAC Field Scanner Field Plot 198 Season 2,FALSE,Maricopa,6000000292,6000002794
height,17039,33.488,MAC Field Scanner Field Plot 199 Season 2,FALSE,Maricopa,6000000292,6000002795
height,17040,32.166,MAC Field Scanner Field Plot 70 Season 2,FALSE,Maricopa,6000000296,6000002666
height,17040,34.149,MAC Field Scanner Field Plot 71 Season 2,FALSE,Maricopa,6000000296,6000002667
height,17039,32.166,MAC Field Scanner Field Plot 189 Season 2,FALSE,Maricopa,6000000299,6000002785
height,17039,32.827,MAC Field Scanner Field Plot 188 Season 2,FALSE,Maricopa,6000000299,6000002784
height,17039,32.827,MAC Field Scanner Field Plot 221 Season 2,FALSE,Maricopa,6000000303,6000002817
height,17039,33.488,MAC Field Scanner Field Plot 220 Season 2,FALSE,Maricopa,6000000303,6000002816
height,17039,32.827,MAC Field Scanner Field Plot 196 Season 2,FALSE,Maricopa,6000000244,6000002792
height,17039,33.488,MAC Field Scanner Field Plot 197 Season 2,FALSE,Maricopa,6000000244,6000002793
height,17039,32.166,MAC Field Scanner Field Plot 217 Season 2,FALSE,Maricopa,6000000386,6000002813
height,17039,32.827,MAC Field Scanner Field Plot 216 Season 2,FALSE,Maricopa,6000000386,6000002812
height,17039,33.488,MAC Field Scanner Field Plot 202 Season 2,FALSE,Maricopa,6000000387,6000002798
height,17039,34.149,MAC Field Scanner Field Plot 203 Season 2,FALSE,Maricopa,6000000387,6000002799
height,17039,34.149,MAC Field Scanner Field Plot 213 Season 2,FALSE,Maricopa,6000000249,6000002809
height,17039,32.827,MAC Field Scanner Field Plot 212 Season 2,FALSE,Maricopa,6000000249,6000002808
height,17040,33.488,MAC Field Scanner Field Plot 83 Season 2,FALSE,Maricopa,6000000400,6000002679
height,17040,34.149,MAC Field Scanner Field Plot 82 Season 2,FALSE,Maricopa,6000000400,6000002678
height,17040,32.166,MAC Field Scanner Field Plot 66 Season 2,FALSE,Maricopa,6000000255,6000002662
height,17040,32.827,MAC Field Scanner Field Plot 67 Season 2,FALSE,Maricopa,6000000255,6000002663
height,17040,34.149,MAC Field Scanner Field Plot 74 Season 2,FALSE,Maricopa,6000000256,6000002670
height,17040,32.827,MAC Field Scanner Field Plot 75 Season 2,FALSE,Maricopa,6000000256,6000002671
height,17039,34.81,MAC Field Scanner Field Plot 215 Season 2,FALSE,Maricopa,6000000257,6000002811
height,17040,33.488,MAC Field Scanner Field Plot 121 Season 2,FALSE,Maricopa,6000000289,6000002717
height,17040,32.827,MAC Field Scanner Field Plot 120 Season 2,FALSE,Maricopa,6000000289,6000002716
height,17040,33.488,MAC Field Scanner Field Plot 98 Season 2,FALSE,Maricopa,6000000295,6000002694
height,17040,33.488,MAC Field Scanner Field Plot 99 Season 2,FALSE,Maricopa,6000000295,6000002695
height,17040,35.471,MAC Field Scanner Field Plot 87 Season 2,FALSE,Maricopa,6000000313,6000002683
height,17040,32.827,MAC Field Scanner Field Plot 86 Season 2,FALSE,Maricopa,6000000313,6000002682
height,17040,33.488,MAC Field Scanner Field Plot 108 Season 2,FALSE,Maricopa,6000000315,6000002704
height,17040,32.827,MAC Field Scanner Field Plot 109 Season 2,FALSE,Maricopa,6000000315,6000002705
height,17040,32.827,MAC Field Scanner Field Plot 119 Season 2,FALSE,Maricopa,6000000319,6000002715
height,17040,34.81,MAC Field Scanner Field Plot 118 Season 2,FALSE,Maricopa,6000000319,6000002714
height,17040,33.488,MAC Field Scanner Field Plot 123 Season 2,FALSE,Maricopa,6000000389,6000002719
height,17040,34.149,MAC Field Scanner Field Plot 122 Season 2,FALSE,Maricopa,6000000389,6000002718
height,17040,33.488,MAC Field Scanner Field Plot 127 Season 2,FALSE,Maricopa,6000000393,6000002723
height,17040,33.488,MAC Field Scanner Field Plot 126 Season 2,FALSE,Maricopa,6000000393,6000002722
height,17040,34.149,MAC Field Scanner Field Plot 106 Season 2,FALSE,Maricopa,6000000397,6000002702
height,17040,34.149,MAC Field Scanner Field Plot 107 Season 2,FALSE,Maricopa,6000000397,6000002703
height,17040,32.827,MAC Field Scanner Field Plot 132 Season 2,FALSE,Maricopa,6000000261,6000002728
height,17040,32.827,MAC Field Scanner Field Plot 133 Season 2,FALSE,Maricopa,6000000261,6000002729
height,17040,32.166,MAC Field Scanner Field Plot 102 Season 2,FALSE,Maricopa,6000000406,6000002698
height,17040,34.81,MAC Field Scanner Field Plot 103 Season 2,FALSE,Maricopa,6000000406,6000002699
height,17040,32.827,MAC Field Scanner Field Plot 100 Season 2,FALSE,Maricopa,6000000265,6000002696
height,17040,33.488,MAC Field Scanner Field Plot 101 Season 2,FALSE,Maricopa,6000000265,6000002697
height,17040,32.827,MAC Field Scanner Field Plot 110 Season 2,FALSE,Maricopa,6000000276,6000002706
height,17040,33.488,MAC Field Scanner Field Plot 111 Season 2,FALSE,Maricopa,6000000276,6000002707
height,17040,32.827,MAC Field Scanner Field Plot 91 Season 2,FALSE,Maricopa,6000000277,6000002687
height,17040,34.81,MAC Field Scanner Field Plot 90 Season 2,FALSE,Maricopa,6000000277,6000002686
height,17040,32.166,MAC Field Scanner Field Plot 172 Season 2,FALSE,Maricopa,6000000285,6000002768
height,17040,33.488,MAC Field Scanner Field Plot 173 Season 2,FALSE,Maricopa,6000000285,6000002769
height,17040,32.166,MAC Field Scanner Field Plot 166 Season 2,FALSE,Maricopa,6000000286,6000002762
height,17040,34.149,MAC Field Scanner Field Plot 167 Season 2,FALSE,Maricopa,6000000286,6000002763
height,17040,32.827,MAC Field Scanner Field Plot 189 Season 2,FALSE,Maricopa,6000000299,6000002785
height,17040,33.488,MAC Field Scanner Field Plot 188 Season 2,FALSE,Maricopa,6000000299,6000002784
height,17040,33.488,MAC Field Scanner Field Plot 164 Season 2,FALSE,Maricopa,6000000302,6000002760
height,17040,32.166,MAC Field Scanner Field Plot 165 Season 2,FALSE,Maricopa,6000000302,6000002761
height,17040,33.488,MAC Field Scanner Field Plot 187 Season 2,FALSE,Maricopa,6000000304,6000002783
height,17040,32.166,MAC Field Scanner Field Plot 186 Season 2,FALSE,Maricopa,6000000304,6000002782
height,17040,33.488,MAC Field Scanner Field Plot 140 Season 2,FALSE,Maricopa,6000000377,6000002736
height,17040,34.149,MAC Field Scanner Field Plot 141 Season 2,FALSE,Maricopa,6000000377,6000002737
height,17040,32.827,MAC Field Scanner Field Plot 181 Season 2,FALSE,Maricopa,6000000385,6000002777
height,17040,34.81,MAC Field Scanner Field Plot 180 Season 2,FALSE,Maricopa,6000000385,6000002776
height,17040,33.488,MAC Field Scanner Field Plot 149 Season 2,FALSE,Maricopa,6000000396,6000002745
height,17040,34.149,MAC Field Scanner Field Plot 148 Season 2,FALSE,Maricopa,6000000396,6000002744
height,17040,32.166,MAC Field Scanner Field Plot 162 Season 2,FALSE,Maricopa,6000000402,6000002758
height,17040,32.827,MAC Field Scanner Field Plot 163 Season 2,FALSE,Maricopa,6000000402,6000002759
height,17040,33.488,MAC Field Scanner Field Plot 151 Season 2,FALSE,Maricopa,6000000403,6000002747
height,17040,33.488,MAC Field Scanner Field Plot 150 Season 2,FALSE,Maricopa,6000000403,6000002746
height,17040,33.488,MAC Field Scanner Field Plot 142 Season 2,FALSE,Maricopa,6000000252,6000002738
height,17040,33.488,MAC Field Scanner Field Plot 143 Season 2,FALSE,Maricopa,6000000252,6000002739
height,17040,34.149,MAC Field Scanner Field Plot 170 Season 2,FALSE,Maricopa,6000000262,6000002766
height,17040,32.166,MAC Field Scanner Field Plot 232 Season 2,FALSE,Maricopa,6000000281,6000002828
height,17040,32.827,MAC Field Scanner Field Plot 233 Season 2,FALSE,Maricopa,6000000281,6000002829
height,17040,32.827,MAC Field Scanner Field Plot 198 Season 2,FALSE,Maricopa,6000000292,6000002794
height,17040,33.488,MAC Field Scanner Field Plot 199 Season 2,FALSE,Maricopa,6000000292,6000002795
height,17040,32.827,MAC Field Scanner Field Plot 249 Season 2,FALSE,Maricopa,6000000300,6000002845
height,17040,32.827,MAC Field Scanner Field Plot 248 Season 2,FALSE,Maricopa,6000000300,6000002844
height,17040,32.827,MAC Field Scanner Field Plot 221 Season 2,FALSE,Maricopa,6000000303,6000002817
height,17040,33.488,MAC Field Scanner Field Plot 220 Season 2,FALSE,Maricopa,6000000303,6000002816
height,17040,33.488,MAC Field Scanner Field Plot 247 Season 2,FALSE,Maricopa,6000000317,6000002843
height,17040,32.827,MAC Field Scanner Field Plot 246 Season 2,FALSE,Maricopa,6000000317,6000002842
height,17040,32.827,MAC Field Scanner Field Plot 245 Season 2,FALSE,Maricopa,6000000320,6000002841
height,17040,33.488,MAC Field Scanner Field Plot 244 Season 2,FALSE,Maricopa,6000000320,6000002840
height,17040,32.827,MAC Field Scanner Field Plot 196 Season 2,FALSE,Maricopa,6000000244,6000002792
height,17040,32.827,MAC Field Scanner Field Plot 197 Season 2,FALSE,Maricopa,6000000244,6000002793
height,17040,32.827,MAC Field Scanner Field Plot 228 Season 2,FALSE,Maricopa,6000000379,6000002824
height,17040,32.166,MAC Field Scanner Field Plot 229 Season 2,FALSE,Maricopa,6000000379,6000002825
height,17040,32.827,MAC Field Scanner Field Plot 230 Season 2,FALSE,Maricopa,6000000382,6000002826
height,17040,35.471,MAC Field Scanner Field Plot 231 Season 2,FALSE,Maricopa,6000000382,6000002827
height,17040,32.166,MAC Field Scanner Field Plot 217 Season 2,FALSE,Maricopa,6000000386,6000002813
height,17040,32.166,MAC Field Scanner Field Plot 216 Season 2,FALSE,Maricopa,6000000386,6000002812
height,17040,33.488,MAC Field Scanner Field Plot 202 Season 2,FALSE,Maricopa,6000000387,6000002798
height,17040,33.488,MAC Field Scanner Field Plot 203 Season 2,FALSE,Maricopa,6000000387,6000002799
height,17040,34.149,MAC Field Scanner Field Plot 213 Season 2,FALSE,Maricopa,6000000249,6000002809
height,17040,33.488,MAC Field Scanner Field Plot 212 Season 2,FALSE,Maricopa,6000000249,6000002808
height,17040,34.81,MAC Field Scanner Field Plot 215 Season 2,FALSE,Maricopa,6000000257,6000002811
height,17040,34.149,MAC Field Scanner Field Plot 214 Season 2,FALSE,Maricopa,6000000257,6000002810
height,17040,32.827,MAC Field Scanner Field Plot 211 Season 2,FALSE,Maricopa,6000000259,6000002807
height,17040,32.827,MAC Field Scanner Field Plot 210 Season 2,FALSE,Maricopa,6000000259,6000002806
height,17040,34.81,MAC Field Scanner Field Plot 234 Season 2,FALSE,Maricopa,6000000273,6000002830
height,17040,32.827,MAC Field Scanner Field Plot 235 Season 2,FALSE,Maricopa,6000000273,6000002831
height,17040,32.827,MAC Field Scanner Field Plot 268 Season 2,FALSE,Maricopa,6000000280,6000002864
height,17040,33.488,MAC Field Scanner Field Plot 269 Season 2,FALSE,Maricopa,6000000280,6000002865
height,17040,32.827,MAC Field Scanner Field Plot 302 Season 2,FALSE,Maricopa,6000000284,6000002898
height,17040,33.488,MAC Field Scanner Field Plot 303 Season 2,FALSE,Maricopa,6000000284,6000002899
height,17040,33.488,MAC Field Scanner Field Plot 262 Season 2,FALSE,Maricopa,6000000290,6000002858
height,17040,34.81,MAC Field Scanner Field Plot 263 Season 2,FALSE,Maricopa,6000000290,6000002859
height,17040,33.488,MAC Field Scanner Field Plot 264 Season 2,FALSE,Maricopa,6000000305,6000002860
height,17040,33.488,MAC Field Scanner Field Plot 265 Season 2,FALSE,Maricopa,6000000305,6000002861
height,17040,32.827,MAC Field Scanner Field Plot 266 Season 2,FALSE,Maricopa,6000000307,6000002862
height,17040,32.827,MAC Field Scanner Field Plot 267 Season 2,FALSE,Maricopa,6000000307,6000002863
height,17040,32.827,MAC Field Scanner Field Plot 290 Season 2,FALSE,Maricopa,6000000316,6000002886
height,17040,33.488,MAC Field Scanner Field Plot 291 Season 2,FALSE,Maricopa,6000000316,6000002887
height,17040,33.488,MAC Field Scanner Field Plot 281 Season 2,FALSE,Maricopa,6000000380,6000002877
height,17040,33.488,MAC Field Scanner Field Plot 280 Season 2,FALSE,Maricopa,6000000380,6000002876
height,17040,32.827,MAC Field Scanner Field Plot 296 Season 2,FALSE,Maricopa,6000000381,6000002892
height,17040,32.827,MAC Field Scanner Field Plot 297 Season 2,FALSE,Maricopa,6000000381,6000002893
height,17040,32.827,MAC Field Scanner Field Plot 279 Season 2,FALSE,Maricopa,6000000383,6000002875
height,17040,32.827,MAC Field Scanner Field Plot 278 Season 2,FALSE,Maricopa,6000000383,6000002874
height,17040,33.488,MAC Field Scanner Field Plot 260 Season 2,FALSE,Maricopa,6000000248,6000002856
height,17040,32.166,MAC Field Scanner Field Plot 261 Season 2,FALSE,Maricopa,6000000248,6000002857
height,17040,32.827,MAC Field Scanner Field Plot 270 Season 2,FALSE,Maricopa,6000000394,6000002866
height,17040,33.488,MAC Field Scanner Field Plot 271 Season 2,FALSE,Maricopa,6000000394,6000002867
height,17040,34.149,MAC Field Scanner Field Plot 298 Season 2,FALSE,Maricopa,6000000398,6000002894
height,17040,32.166,MAC Field Scanner Field Plot 299 Season 2,FALSE,Maricopa,6000000398,6000002895
height,17040,33.488,MAC Field Scanner Field Plot 283 Season 2,FALSE,Maricopa,6000000253,6000002879
height,17040,33.488,MAC Field Scanner Field Plot 282 Season 2,FALSE,Maricopa,6000000253,6000002878
height,17040,33.488,MAC Field Scanner Field Plot 314 Season 2,FALSE,Maricopa,6000000279,6000002910
height,17040,32.827,MAC Field Scanner Field Plot 345 Season 2,FALSE,Maricopa,6000000287,6000002941
height,17040,32.827,MAC Field Scanner Field Plot 344 Season 2,FALSE,Maricopa,6000000287,6000002940
height,17040,34.81,MAC Field Scanner Field Plot 358 Season 2,FALSE,Maricopa,6000000297,6000002954
height,17040,33.488,MAC Field Scanner Field Plot 359 Season 2,FALSE,Maricopa,6000000297,6000002955
height,17040,34.81,MAC Field Scanner Field Plot 326 Season 2,FALSE,Maricopa,6000000301,6000002922
height,17040,33.488,MAC Field Scanner Field Plot 327 Season 2,FALSE,Maricopa,6000000301,6000002923
height,17040,33.488,MAC Field Scanner Field Plot 307 Season 2,FALSE,Maricopa,6000000306,6000002903
height,17040,33.488,MAC Field Scanner Field Plot 306 Season 2,FALSE,Maricopa,6000000306,6000002902
height,17040,32.827,MAC Field Scanner Field Plot 351 Season 2,FALSE,Maricopa,6000000309,6000002947
height,17040,32.827,MAC Field Scanner Field Plot 350 Season 2,FALSE,Maricopa,6000000309,6000002946
height,17040,34.149,MAC Field Scanner Field Plot 347 Season 2,FALSE,Maricopa,6000000311,6000002943
height,17040,33.488,MAC Field Scanner Field Plot 346 Season 2,FALSE,Maricopa,6000000311,6000002942
height,17040,32.827,MAC Field Scanner Field Plot 309 Season 2,FALSE,Maricopa,6000000390,6000002905
height,17040,34.149,MAC Field Scanner Field Plot 308 Season 2,FALSE,Maricopa,6000000390,6000002904
height,17040,32.827,MAC Field Scanner Field Plot 319 Season 2,FALSE,Maricopa,6000000395,6000002915
height,17040,33.488,MAC Field Scanner Field Plot 318 Season 2,FALSE,Maricopa,6000000395,6000002914
height,17040,32.827,MAC Field Scanner Field Plot 324 Season 2,FALSE,Maricopa,6000000399,6000002920
height,17040,34.81,MAC Field Scanner Field Plot 325 Season 2,FALSE,Maricopa,6000000399,6000002921
height,17040,33.488,MAC Field Scanner Field Plot 322 Season 2,FALSE,Maricopa,6000000408,6000002918
height,17040,32.827,MAC Field Scanner Field Plot 323 Season 2,FALSE,Maricopa,6000000408,6000002919
height,17040,32.827,MAC Field Scanner Field Plot 343 Season 2,FALSE,Maricopa,6000000409,6000002939
height,17040,32.166,MAC Field Scanner Field Plot 342 Season 2,FALSE,Maricopa,6000000409,6000002938
height,17040,32.827,MAC Field Scanner Field Plot 328 Season 2,FALSE,Maricopa,6000000269,6000002924
height,17040,32.827,MAC Field Scanner Field Plot 329 Season 2,FALSE,Maricopa,6000000269,6000002925
height,17040,32.827,MAC Field Scanner Field Plot 356 Season 2,FALSE,Maricopa,6000000271,6000002952
height,17040,34.149,MAC Field Scanner Field Plot 357 Season 2,FALSE,Maricopa,6000000271,6000002953
height,17040,33.488,MAC Field Scanner Field Plot 409 Season 2,FALSE,Maricopa,6000000283,6000003005
height,17040,33.488,MAC Field Scanner Field Plot 408 Season 2,FALSE,Maricopa,6000000283,6000003004
height,17040,33.488,MAC Field Scanner Field Plot 379 Season 2,FALSE,Maricopa,6000000288,6000002975
height,17040,33.488,MAC Field Scanner Field Plot 378 Season 2,FALSE,Maricopa,6000000288,6000002974
height,17040,33.488,MAC Field Scanner Field Plot 386 Season 2,FALSE,Maricopa,6000000308,6000002982
height,17040,33.488,MAC Field Scanner Field Plot 387 Season 2,FALSE,Maricopa,6000000308,6000002983
height,17040,32.166,MAC Field Scanner Field Plot 398 Season 2,FALSE,Maricopa,6000000310,6000002994
height,17040,32.827,MAC Field Scanner Field Plot 399 Season 2,FALSE,Maricopa,6000000310,6000002995
height,17040,33.488,MAC Field Scanner Field Plot 383 Season 2,FALSE,Maricopa,6000000312,6000002979
height,17040,33.488,MAC Field Scanner Field Plot 382 Season 2,FALSE,Maricopa,6000000312,6000002978
height,17040,32.827,MAC Field Scanner Field Plot 390 Season 2,FALSE,Maricopa,6000000318,6000002986
height,17040,34.149,MAC Field Scanner Field Plot 391 Season 2,FALSE,Maricopa,6000000318,6000002987
height,17040,33.488,MAC Field Scanner Field Plot 388 Season 2,FALSE,Maricopa,6000000378,6000002984
height,17040,32.166,MAC Field Scanner Field Plot 389 Season 2,FALSE,Maricopa,6000000378,6000002985
height,17040,32.827,MAC Field Scanner Field Plot 392 Season 2,FALSE,Maricopa,6000000388,6000002988
height,17040,33.488,MAC Field Scanner Field Plot 393 Season 2,FALSE,Maricopa,6000000388,6000002989
height,17040,32.166,MAC Field Scanner Field Plot 405 Season 2,FALSE,Maricopa,6000000250,6000003001
height,17040,34.149,MAC Field Scanner Field Plot 404 Season 2,FALSE,Maricopa,6000000250,6000003e3
height,17040,32.827,MAC Field Scanner Field Plot 371 Season 2,FALSE,Maricopa,6000000412,6000002967
height,17040,33.488,MAC Field Scanner Field Plot 370 Season 2,FALSE,Maricopa,6000000412,6000002966
height,17040,33.488,MAC Field Scanner Field Plot 415 Season 2,FALSE,Maricopa,6000000251,6000003011
height,17040,33.488,MAC Field Scanner Field Plot 414 Season 2,FALSE,Maricopa,6000000251,6000003010
height,17040,33.488,MAC Field Scanner Field Plot 411 Season 2,FALSE,Maricopa,6000000254,6000003007
height,17040,34.149,MAC Field Scanner Field Plot 410 Season 2,FALSE,Maricopa,6000000254,6000003006
height,17040,33.488,MAC Field Scanner Field Plot 360 Season 2,FALSE,Maricopa,6000000405,6000002956
height,17040,32.827,MAC Field Scanner Field Plot 361 Season 2,FALSE,Maricopa,6000000405,6000002957
height,17040,33.488,MAC Field Scanner Field Plot 364 Season 2,FALSE,Maricopa,6000000407,6000002960
height,17040,33.488,MAC Field Scanner Field Plot 365 Season 2,FALSE,Maricopa,6000000407,6000002961
height,17040,32.827,MAC Field Scanner Field Plot 362 Season 2,FALSE,Maricopa,6000000272,6000002958
height,17040,34.149,MAC Field Scanner Field Plot 454 Season 2,FALSE,Maricopa,6000000288,6000003050
height,17040,32.827,MAC Field Scanner Field Plot 455 Season 2,FALSE,Maricopa,6000000288,6000003051
height,17040,35.471,MAC Field Scanner Field Plot 418 Season 2,FALSE,Maricopa,6000000298,6000003014
height,17040,34.81,MAC Field Scanner Field Plot 419 Season 2,FALSE,Maricopa,6000000298,6000003015
height,17040,34.149,MAC Field Scanner Field Plot 443 Season 2,FALSE,Maricopa,6000000302,6000003039
height,17040,32.166,MAC Field Scanner Field Plot 442 Season 2,FALSE,Maricopa,6000000302,6000003038
height,17040,32.827,MAC Field Scanner Field Plot 467 Season 2,FALSE,Maricopa,6000000304,6000003063
height,17040,33.488,MAC Field Scanner Field Plot 466 Season 2,FALSE,Maricopa,6000000304,6000003062
height,17040,32.827,MAC Field Scanner Field Plot 469 Season 2,FALSE,Maricopa,6000000306,6000003065
height,17040,33.488,MAC Field Scanner Field Plot 468 Season 2,FALSE,Maricopa,6000000306,6000003064
height,17040,32.827,MAC Field Scanner Field Plot 437 Season 2,FALSE,Maricopa,6000000309,6000003033
height,17040,34.149,MAC Field Scanner Field Plot 436 Season 2,FALSE,Maricopa,6000000309,6000003032
height,17040,33.488,MAC Field Scanner Field Plot 424 Season 2,FALSE,Maricopa,6000000314,6000003020
height,17040,33.488,MAC Field Scanner Field Plot 425 Season 2,FALSE,Maricopa,6000000314,6000003021
height,17040,33.488,MAC Field Scanner Field Plot 458 Season 2,FALSE,Maricopa,6000000389,6000003054
height,17040,33.488,MAC Field Scanner Field Plot 459 Season 2,FALSE,Maricopa,6000000389,6000003055
height,17040,32.166,MAC Field Scanner Field Plot 430 Season 2,FALSE,Maricopa,6000000391,6000003026
height,17040,32.827,MAC Field Scanner Field Plot 431 Season 2,FALSE,Maricopa,6000000391,6000003027
height,17040,34.149,MAC Field Scanner Field Plot 426 Season 2,FALSE,Maricopa,6000000392,6000003022
height,17040,32.827,MAC Field Scanner Field Plot 427 Season 2,FALSE,Maricopa,6000000392,6000003023
height,17040,33.488,MAC Field Scanner Field Plot 441 Season 2,FALSE,Maricopa,6000000403,6000003037
height,17040,34.149,MAC Field Scanner Field Plot 440 Season 2,FALSE,Maricopa,6000000403,6000003036
height,17040,32.166,MAC Field Scanner Field Plot 428 Season 2,FALSE,Maricopa,6000000264,6000003024
height,17040,34.149,MAC Field Scanner Field Plot 429 Season 2,FALSE,Maricopa,6000000264,6000003025
height,17040,33.488,MAC Field Scanner Field Plot 462 Season 2,FALSE,Maricopa,6000000266,6000003058
height,17040,32.827,MAC Field Scanner Field Plot 463 Season 2,FALSE,Maricopa,6000000266,6000003059
height,17040,34.149,MAC Field Scanner Field Plot 420 Season 2,FALSE,Maricopa,6000000267,6000003016
height,17040,33.488,MAC Field Scanner Field Plot 421 Season 2,FALSE,Maricopa,6000000267,6000003017
height,17040,33.488,MAC Field Scanner Field Plot 447 Season 2,FALSE,Maricopa,6000000276,6000003043
height,17040,32.827,MAC Field Scanner Field Plot 518 Season 2,FALSE,Maricopa,6000000279,6000003114
height,17040,34.81,MAC Field Scanner Field Plot 519 Season 2,FALSE,Maricopa,6000000279,6000003115
height,17040,34.81,MAC Field Scanner Field Plot 479 Season 2,FALSE,Maricopa,6000000280,6000003075
height,17040,34.149,MAC Field Scanner Field Plot 478 Season 2,FALSE,Maricopa,6000000280,6000003074
height,17040,33.488,MAC Field Scanner Field Plot 507 Season 2,FALSE,Maricopa,6000000281,6000003103
height,17040,34.81,MAC Field Scanner Field Plot 506 Season 2,FALSE,Maricopa,6000000281,6000003102
height,17040,32.827,MAC Field Scanner Field Plot 505 Season 2,FALSE,Maricopa,6000000297,6000003101
height,17040,32.827,MAC Field Scanner Field Plot 504 Season 2,FALSE,Maricopa,6000000297,6000003100
height,17040,32.827,MAC Field Scanner Field Plot 520 Season 2,FALSE,Maricopa,6000000301,6000003116
height,17040,33.488,MAC Field Scanner Field Plot 521 Season 2,FALSE,Maricopa,6000000301,6000003117
height,17040,33.488,MAC Field Scanner Field Plot 488 Season 2,FALSE,Maricopa,6000000307,6000003084
height,17040,33.488,MAC Field Scanner Field Plot 489 Season 2,FALSE,Maricopa,6000000307,6000003085
height,17040,33.488,MAC Field Scanner Field Plot 516 Season 2,FALSE,Maricopa,6000000315,6000003112
height,17040,32.827,MAC Field Scanner Field Plot 517 Season 2,FALSE,Maricopa,6000000315,6000003113
height,17040,33.488,MAC Field Scanner Field Plot 503 Season 2,FALSE,Maricopa,6000000386,6000003099
height,17040,32.827,MAC Field Scanner Field Plot 502 Season 2,FALSE,Maricopa,6000000386,6000003098
height,17040,32.827,MAC Field Scanner Field Plot 486 Season 2,FALSE,Maricopa,6000000391,6000003082
height,17040,34.149,MAC Field Scanner Field Plot 487 Season 2,FALSE,Maricopa,6000000391,6000003083
height,17040,32.827,MAC Field Scanner Field Plot 492 Season 2,FALSE,Maricopa,6000000393,6000003088
height,17040,34.149,MAC Field Scanner Field Plot 493 Season 2,FALSE,Maricopa,6000000393,6000003089
height,17040,34.81,MAC Field Scanner Field Plot 509 Season 2,FALSE,Maricopa,6000000395,6000003105
height,17040,32.827,MAC Field Scanner Field Plot 508 Season 2,FALSE,Maricopa,6000000395,6000003104
height,17040,32.827,MAC Field Scanner Field Plot 494 Season 2,FALSE,Maricopa,6000000412,6000003090
height,17040,32.827,MAC Field Scanner Field Plot 495 Season 2,FALSE,Maricopa,6000000412,6000003091
height,17040,32.827,MAC Field Scanner Field Plot 499 Season 2,FALSE,Maricopa,6000000253,6000003095
height,17040,32.827,MAC Field Scanner Field Plot 498 Season 2,FALSE,Maricopa,6000000253,6000003094
height,17040,33.488,MAC Field Scanner Field Plot 482 Season 2,FALSE,Maricopa,6000000407,6000003078
height,17040,33.488,MAC Field Scanner Field Plot 483 Season 2,FALSE,Maricopa,6000000407,6000003079
height,17040,33.488,MAC Field Scanner Field Plot 514 Season 2,FALSE,Maricopa,6000000267,6000003110
height,17040,32.827,MAC Field Scanner Field Plot 575 Season 2,FALSE,Maricopa,6000000287,6000003171
height,17040,32.827,MAC Field Scanner Field Plot 574 Season 2,FALSE,Maricopa,6000000287,6000003170
height,17040,33.488,MAC Field Scanner Field Plot 548 Season 2,FALSE,Maricopa,6000000292,6000003144
height,17040,33.488,MAC Field Scanner Field Plot 549 Season 2,FALSE,Maricopa,6000000292,6000003145
height,17040,33.488,MAC Field Scanner Field Plot 550 Season 2,FALSE,Maricopa,6000000303,6000003146
height,17040,32.166,MAC Field Scanner Field Plot 551 Season 2,FALSE,Maricopa,6000000303,6000003147
height,17040,33.488,MAC Field Scanner Field Plot 571 Season 2,FALSE,Maricopa,6000000241,6000003167
height,17040,32.827,MAC Field Scanner Field Plot 570 Season 2,FALSE,Maricopa,6000000241,6000003166
height,17040,34.149,MAC Field Scanner Field Plot 539 Season 2,FALSE,Maricopa,6000000320,6000003135
height,17040,32.166,MAC Field Scanner Field Plot 538 Season 2,FALSE,Maricopa,6000000320,6000003134
height,17040,34.149,MAC Field Scanner Field Plot 562 Season 2,FALSE,Maricopa,6000000376,6000003158
height,17040,32.827,MAC Field Scanner Field Plot 556 Season 2,FALSE,Maricopa,6000000379,6000003152
height,17040,34.149,MAC Field Scanner Field Plot 557 Season 2,FALSE,Maricopa,6000000379,6000003153
height,17040,33.488,MAC Field Scanner Field Plot 558 Season 2,FALSE,Maricopa,6000000248,6000003154
height,17040,33.488,MAC Field Scanner Field Plot 559 Season 2,FALSE,Maricopa,6000000248,6000003155
height,17040,34.149,MAC Field Scanner Field Plot 543 Season 2,FALSE,Maricopa,6000000392,6000003139
height,17040,33.488,MAC Field Scanner Field Plot 542 Season 2,FALSE,Maricopa,6000000392,6000003138
height,17040,32.827,MAC Field Scanner Field Plot 554 Season 2,FALSE,Maricopa,6000000255,6000003150
height,17040,32.827,MAC Field Scanner Field Plot 555 Season 2,FALSE,Maricopa,6000000255,6000003151
height,17040,32.827,MAC Field Scanner Field Plot 533 Season 2,FALSE,Maricopa,6000000410,6000003129
height,17040,34.149,MAC Field Scanner Field Plot 532 Season 2,FALSE,Maricopa,6000000410,6000003128
height,17040,32.827,MAC Field Scanner Field Plot 526 Season 2,FALSE,Maricopa,6000000268,6000003122
height,17040,32.827,MAC Field Scanner Field Plot 527 Season 2,FALSE,Maricopa,6000000268,6000003123
height,17040,32.827,MAC Field Scanner Field Plot 578 Season 2,FALSE,Maricopa,6000000271,6000003174
height,17040,33.488,MAC Field Scanner Field Plot 579 Season 2,FALSE,Maricopa,6000000271,6000003175
height,17040,31.505,MAC Field Scanner Field Plot 565 Season 2,FALSE,Maricopa,6000000275,6000003161
height,17040,34.149,MAC Field Scanner Field Plot 564 Season 2,FALSE,Maricopa,6000000275,6000003160
height,17040,33.488,MAC Field Scanner Field Plot 589 Season 2,FALSE,Maricopa,6000000277,6000003185
height,17040,32.827,MAC Field Scanner Field Plot 601 Season 2,FALSE,Maricopa,6000000283,6000003197
height,17040,32.827,MAC Field Scanner Field Plot 600 Season 2,FALSE,Maricopa,6000000283,6000003196
height,17040,33.488,MAC Field Scanner Field Plot 614 Season 2,FALSE,Maricopa,6000000289,6000003210
height,17040,33.488,MAC Field Scanner Field Plot 615 Season 2,FALSE,Maricopa,6000000289,6000003211
height,17040,32.827,MAC Field Scanner Field Plot 637 Season 2,FALSE,Maricopa,6000000291,6000003233
height,17040,32.827,MAC Field Scanner Field Plot 636 Season 2,FALSE,Maricopa,6000000291,6000003232
height,17040,33.488,MAC Field Scanner Field Plot 627 Season 2,FALSE,Maricopa,6000000300,6000003223
height,17040,32.827,MAC Field Scanner Field Plot 626 Season 2,FALSE,Maricopa,6000000300,6000003222
height,17040,32.827,MAC Field Scanner Field Plot 605 Season 2,FALSE,Maricopa,6000000316,6000003201
height,17040,36.793,MAC Field Scanner Field Plot 604 Season 2,FALSE,Maricopa,6000000316,6000003200
height,17040,32.827,MAC Field Scanner Field Plot 584 Season 2,FALSE,Maricopa,6000000318,6000003180
height,17040,32.827,MAC Field Scanner Field Plot 585 Season 2,FALSE,Maricopa,6000000318,6000003181
height,17040,33.488,MAC Field Scanner Field Plot 629 Season 2,FALSE,Maricopa,6000000319,6000003225
height,17040,33.488,MAC Field Scanner Field Plot 628 Season 2,FALSE,Maricopa,6000000319,6000003224
height,17040,32.827,MAC Field Scanner Field Plot 595 Season 2,FALSE,Maricopa,6000000331,6000003191
height,17040,33.488,MAC Field Scanner Field Plot 594 Season 2,FALSE,Maricopa,6000000331,6000003190
height,17040,32.827,MAC Field Scanner Field Plot 607 Season 2,FALSE,Maricopa,6000000377,6000003203
height,17040,32.827,MAC Field Scanner Field Plot 606 Season 2,FALSE,Maricopa,6000000377,6000003202
height,17040,47.369,MAC Field Scanner Field Plot 631 Season 2,FALSE,Maricopa,6000000381,6000003227
height,17040,34.149,MAC Field Scanner Field Plot 630 Season 2,FALSE,Maricopa,6000000381,6000003226
height,17040,32.166,MAC Field Scanner Field Plot 633 Season 2,FALSE,Maricopa,6000000388,6000003229
height,17040,33.488,MAC Field Scanner Field Plot 632 Season 2,FALSE,Maricopa,6000000388,6000003228
height,17040,32.166,MAC Field Scanner Field Plot 597 Season 2,FALSE,Maricopa,6000000396,6000003193
height,17040,34.149,MAC Field Scanner Field Plot 596 Season 2,FALSE,Maricopa,6000000396,6000003192
height,17040,32.827,MAC Field Scanner Field Plot 620 Season 2,FALSE,Maricopa,6000000400,6000003216
height,17040,34.149,MAC Field Scanner Field Plot 621 Season 2,FALSE,Maricopa,6000000400,6000003217
height,17040,32.827,MAC Field Scanner Field Plot 635 Season 2,FALSE,Maricopa,6000000258,6000003231
height,17040,32.827,MAC Field Scanner Field Plot 634 Season 2,FALSE,Maricopa,6000000258,6000003230
height,17040,33.488,MAC Field Scanner Field Plot 622 Season 2,FALSE,Maricopa,6000000409,6000003218
height,17040,33.488,MAC Field Scanner Field Plot 623 Season 2,FALSE,Maricopa,6000000409,6000003219
height,17040,33.488,MAC Field Scanner Field Plot 618 Season 2,FALSE,Maricopa,6000000265,6000003214
height,17040,32.827,MAC Field Scanner Field Plot 654 Season 2,FALSE,Maricopa,6000000282,6000003250
height,17040,32.166,MAC Field Scanner Field Plot 655 Season 2,FALSE,Maricopa,6000000282,6000003251
height,17040,32.827,MAC Field Scanner Field Plot 642 Season 2,FALSE,Maricopa,6000000285,6000003238
height,17040,66.538,MAC Field Scanner Field Plot 643 Season 2,FALSE,Maricopa,6000000285,6000003239
height,17040,34.149,MAC Field Scanner Field Plot 678 Season 2,FALSE,Maricopa,6000000305,6000003274
height,17040,32.827,MAC Field Scanner Field Plot 679 Season 2,FALSE,Maricopa,6000000305,6000003275
height,17040,34.81,MAC Field Scanner Field Plot 682 Season 2,FALSE,Maricopa,6000000308,6000003278
height,17040,32.827,MAC Field Scanner Field Plot 683 Season 2,FALSE,Maricopa,6000000308,6000003279
height,17040,32.166,MAC Field Scanner Field Plot 674 Season 2,FALSE,Maricopa,6000000311,6000003270
height,17040,33.488,MAC Field Scanner Field Plot 675 Season 2,FALSE,Maricopa,6000000311,6000003271
height,17040,32.827,MAC Field Scanner Field Plot 686 Season 2,FALSE,Maricopa,6000000313,6000003282
height,17040,32.827,MAC Field Scanner Field Plot 687 Season 2,FALSE,Maricopa,6000000313,6000003283
height,17040,32.827,MAC Field Scanner Field Plot 665 Season 2,FALSE,Maricopa,6000000378,6000003261
height,17040,33.488,MAC Field Scanner Field Plot 664 Season 2,FALSE,Maricopa,6000000378,6000003260
height,17040,33.488,MAC Field Scanner Field Plot 667 Season 2,FALSE,Maricopa,6000000380,6000003263
height,17040,60.589,MAC Field Scanner Field Plot 666 Season 2,FALSE,Maricopa,6000000380,6000003262
height,17040,33.488,MAC Field Scanner Field Plot 693 Season 2,FALSE,Maricopa,6000000382,6000003289
height,17040,33.488,MAC Field Scanner Field Plot 692 Season 2,FALSE,Maricopa,6000000382,6000003288
height,17040,39.437,MAC Field Scanner Field Plot 644 Season 2,FALSE,Maricopa,6000000390,6000003240
height,17040,51.996,MAC Field Scanner Field Plot 645 Season 2,FALSE,Maricopa,6000000390,6000003241
height,17040,41.42,MAC Field Scanner Field Plot 659 Season 2,FALSE,Maricopa,6000000250,6000003255
height,17040,32.166,MAC Field Scanner Field Plot 658 Season 2,FALSE,Maricopa,6000000250,6000003254
height,17040,32.827,MAC Field Scanner Field Plot 661 Season 2,FALSE,Maricopa,6000000252,6000003257
height,17040,34.81,MAC Field Scanner Field Plot 660 Season 2,FALSE,Maricopa,6000000252,6000003256
height,17040,36.132,MAC Field Scanner Field Plot 663 Season 2,FALSE,Maricopa,6000000263,6000003259
height,17040,33.488,MAC Field Scanner Field Plot 662 Season 2,FALSE,Maricopa,6000000263,6000003258
height,17040,33.488,MAC Field Scanner Field Plot 652 Season 2,FALSE,Maricopa,6000000264,6000003248
height,17040,34.149,MAC Field Scanner Field Plot 653 Season 2,FALSE,Maricopa,6000000264,6000003249
height,17040,32.166,MAC Field Scanner Field Plot 684 Season 2,FALSE,Maricopa,6000000270,6000003280
height,17040,32.827,MAC Field Scanner Field Plot 702 Season 2,FALSE,Maricopa,6000000278,6000003298
height,17040,42.742,MAC Field Scanner Field Plot 712 Season 2,FALSE,Maricopa,6000000293,6000003308
height,17040,33.488,MAC Field Scanner Field Plot 713 Season 2,FALSE,Maricopa,6000000293,6000003309
height,17040,33.488,MAC Field Scanner Field Plot 742 Season 2,FALSE,Maricopa,6000000295,6000003338
height,17040,33.488,MAC Field Scanner Field Plot 743 Season 2,FALSE,Maricopa,6000000295,6000003339
height,17040,33.488,MAC Field Scanner Field Plot 710 Season 2,FALSE,Maricopa,6000000298,6000003306
height,17040,32.827,MAC Field Scanner Field Plot 711 Season 2,FALSE,Maricopa,6000000298,6000003307
height,17040,41.42,MAC Field Scanner Field Plot 725 Season 2,FALSE,Maricopa,6000000299,6000003321
height,17040,33.488,MAC Field Scanner Field Plot 724 Season 2,FALSE,Maricopa,6000000299,6000003320
height,17040,39.437,MAC Field Scanner Field Plot 718 Season 2,FALSE,Maricopa,6000000312,6000003314
height,17040,32.827,MAC Field Scanner Field Plot 719 Season 2,FALSE,Maricopa,6000000312,6000003315
height,17040,33.488,MAC Field Scanner Field Plot 695 Season 2,FALSE,Maricopa,6000000314,6000003291
height,17040,33.488,MAC Field Scanner Field Plot 694 Season 2,FALSE,Maricopa,6000000314,6000003290
height,17040,31.505,MAC Field Scanner Field Plot 703 Season 2,FALSE,Maricopa,6000000278,6000003299
height,17040,33.488,MAC Field Scanner Field Plot 714 Season 2,FALSE,Maricopa,6000000385,6000003310
height,17040,43.403,MAC Field Scanner Field Plot 715 Season 2,FALSE,Maricopa,6000000385,6000003311
height,17040,33.488,MAC Field Scanner Field Plot 701 Season 2,FALSE,Maricopa,6000000387,6000003297
height,17040,34.149,MAC Field Scanner Field Plot 700 Season 2,FALSE,Maricopa,6000000387,6000003296
height,17040,32.827,MAC Field Scanner Field Plot 735 Season 2,FALSE,Maricopa,6000000249,6000003331
height,17040,33.488,MAC Field Scanner Field Plot 734 Season 2,FALSE,Maricopa,6000000249,6000003330
height,17040,50.013,MAC Field Scanner Field Plot 740 Season 2,FALSE,Maricopa,6000000394,6000003336
height,17040,35.471,MAC Field Scanner Field Plot 741 Season 2,FALSE,Maricopa,6000000394,6000003337
height,17040,32.166,MAC Field Scanner Field Plot 729 Season 2,FALSE,Maricopa,6000000399,6000003325
height,17040,32.827,MAC Field Scanner Field Plot 728 Season 2,FALSE,Maricopa,6000000399,6000003324
height,17040,33.488,MAC Field Scanner Field Plot 727 Season 2,FALSE,Maricopa,6000000251,6000003323
height,17040,34.149,MAC Field Scanner Field Plot 726 Season 2,FALSE,Maricopa,6000000251,6000003322
height,17040,33.488,MAC Field Scanner Field Plot 708 Season 2,FALSE,Maricopa,6000000256,6000003304
height,17040,33.488,MAC Field Scanner Field Plot 795 Season 2,FALSE,Maricopa,6000000286,6000003391
height,17040,33.488,MAC Field Scanner Field Plot 794 Season 2,FALSE,Maricopa,6000000286,6000003390
height,17040,33.488,MAC Field Scanner Field Plot 765 Season 2,FALSE,Maricopa,6000000290,6000003361
height,17040,32.827,MAC Field Scanner Field Plot 764 Season 2,FALSE,Maricopa,6000000290,6000003360
height,17040,33.488,MAC Field Scanner Field Plot 802 Season 2,FALSE,Maricopa,6000000294,6000003398
height,17040,32.827,MAC Field Scanner Field Plot 803 Season 2,FALSE,Maricopa,6000000294,6000003399
height,17040,32.827,MAC Field Scanner Field Plot 787 Season 2,FALSE,Maricopa,6000000317,6000003383
height,17040,32.827,MAC Field Scanner Field Plot 786 Season 2,FALSE,Maricopa,6000000317,6000003382
height,17040,34.149,MAC Field Scanner Field Plot 791 Season 2,FALSE,Maricopa,6000000383,6000003387
height,17040,32.166,MAC Field Scanner Field Plot 790 Season 2,FALSE,Maricopa,6000000383,6000003386
height,17040,38.776,MAC Field Scanner Field Plot 799 Season 2,FALSE,Maricopa,6000000384,6000003395
height,17040,32.827,MAC Field Scanner Field Plot 798 Season 2,FALSE,Maricopa,6000000384,6000003394
height,17040,32.827,MAC Field Scanner Field Plot 804 Season 2,FALSE,Maricopa,6000000397,6000003400
height,17040,37.454,MAC Field Scanner Field Plot 759 Season 2,FALSE,Maricopa,6000000398,6000003355
height,17040,33.488,MAC Field Scanner Field Plot 758 Season 2,FALSE,Maricopa,6000000398,6000003354
height,17040,44.064,MAC Field Scanner Field Plot 797 Season 2,FALSE,Maricopa,6000000401,6000003393
height,17040,32.166,MAC Field Scanner Field Plot 796 Season 2,FALSE,Maricopa,6000000401,6000003392
height,17040,33.488,MAC Field Scanner Field Plot 757 Season 2,FALSE,Maricopa,6000000402,6000003353
height,17040,34.149,MAC Field Scanner Field Plot 756 Season 2,FALSE,Maricopa,6000000402,6000003352
height,17040,32.827,MAC Field Scanner Field Plot 755 Season 2,FALSE,Maricopa,6000000254,6000003351
height,17040,32.827,MAC Field Scanner Field Plot 754 Season 2,FALSE,Maricopa,6000000254,6000003350
height,17040,33.488,MAC Field Scanner Field Plot 770 Season 2,FALSE,Maricopa,6000000260,6000003366
height,17040,33.488,MAC Field Scanner Field Plot 771 Season 2,FALSE,Maricopa,6000000260,6000003367
height,17040,33.488,MAC Field Scanner Field Plot 748 Season 2,FALSE,Maricopa,6000000261,6000003344
height,17040,34.149,MAC Field Scanner Field Plot 749 Season 2,FALSE,Maricopa,6000000261,6000003345
height,17040,33.488,MAC Field Scanner Field Plot 761 Season 2,FALSE,Maricopa,6000000406,6000003357
height,17040,33.488,MAC Field Scanner Field Plot 827 Season 2,FALSE,Maricopa,6000000284,6000003423
height,17040,33.488,MAC Field Scanner Field Plot 826 Season 2,FALSE,Maricopa,6000000284,6000003422
height,17040,32.166,MAC Field Scanner Field Plot 812 Season 2,FALSE,Maricopa,6000000296,6000003408
height,17040,48.691,MAC Field Scanner Field Plot 813 Season 2,FALSE,Maricopa,6000000296,6000003409
height,17040,32.827,MAC Field Scanner Field Plot 829 Season 2,FALSE,Maricopa,6000000310,6000003425
height,17040,32.827,MAC Field Scanner Field Plot 828 Season 2,FALSE,Maricopa,6000000310,6000003424
height,17040,34.149,MAC Field Scanner Field Plot 810 Season 2,FALSE,Maricopa,6000000325,6000003406
height,17040,32.166,MAC Field Scanner Field Plot 811 Season 2,FALSE,Maricopa,6000000325,6000003407
height,17040,32.827,MAC Field Scanner Field Plot 814 Season 2,FALSE,Maricopa,6000000330,6000003410
height,17040,33.488,MAC Field Scanner Field Plot 815 Season 2,FALSE,Maricopa,6000000330,6000003411
height,17040,51.335,MAC Field Scanner Field Plot 825 Season 2,FALSE,Maricopa,6000000354,6000003421
height,17040,42.742,MAC Field Scanner Field Plot 824 Season 2,FALSE,Maricopa,6000000354,6000003420
height,17040,33.488,MAC Field Scanner Field Plot 823 Season 2,FALSE,Maricopa,6000000365,6000003419
height,17040,33.488,MAC Field Scanner Field Plot 822 Season 2,FALSE,Maricopa,6000000365,6000003418
height,17040,47.369,MAC Field Scanner Field Plot 805 Season 2,FALSE,Maricopa,6000000397,6000003401
height,17040,48.691,MAC Field Scanner Field Plot 831 Season 2,FALSE,Maricopa,6000000259,6000003427
height,17040,33.488,MAC Field Scanner Field Plot 830 Season 2,FALSE,Maricopa,6000000259,6000003426
height,17040,33.488,MAC Field Scanner Field Plot 806 Season 2,FALSE,Maricopa,6000000405,6000003402
height,17040,34.149,MAC Field Scanner Field Plot 807 Season 2,FALSE,Maricopa,6000000405,6000003403
height,17040,32.166,MAC Field Scanner Field Plot 821 Season 2,FALSE,Maricopa,6000000262,6000003417
height,17040,33.488,MAC Field Scanner Field Plot 820 Season 2,FALSE,Maricopa,6000000262,6000003416
height,17040,32.827,MAC Field Scanner Field Plot 808 Season 2,FALSE,Maricopa,6000000269,6000003404
height,17040,32.166,MAC Field Scanner Field Plot 809 Season 2,FALSE,Maricopa,6000000269,6000003405
height,17040,32.166,MAC Field Scanner Field Plot 819 Season 2,FALSE,Maricopa,6000000274,6000003415
height,17040,32.827,MAC Field Scanner Field Plot 818 Season 2,FALSE,Maricopa,6000000274,6000003414
height,17041,34.149,MAC Field Scanner Field Plot 78 Season 2,FALSE,Maricopa,6000000282,6000002674
height,17041,34.81,MAC Field Scanner Field Plot 79 Season 2,FALSE,Maricopa,6000000282,6000002675
height,17041,32.166,MAC Field Scanner Field Plot 72 Season 2,FALSE,Maricopa,6000000291,6000002668
height,17041,32.827,MAC Field Scanner Field Plot 73 Season 2,FALSE,Maricopa,6000000291,6000002669
height,17041,32.166,MAC Field Scanner Field Plot 44 Season 2,FALSE,Maricopa,6000000293,6000002640
height,17041,33.488,MAC Field Scanner Field Plot 45 Season 2,FALSE,Maricopa,6000000293,6000002641
height,17041,33.488,MAC Field Scanner Field Plot 55 Season 2,FALSE,Maricopa,6000000294,6000002651
height,17041,32.827,MAC Field Scanner Field Plot 54 Season 2,FALSE,Maricopa,6000000294,6000002650
height,17041,32.827,MAC Field Scanner Field Plot 70 Season 2,FALSE,Maricopa,6000000296,6000002666
height,17041,33.488,MAC Field Scanner Field Plot 71 Season 2,FALSE,Maricopa,6000000296,6000002667
height,17042,35.471,MAC Field Scanner Field Plot 418 Season 2,FALSE,Maricopa,6000000298,6000003014
height,17041,32.827,MAC Field Scanner Field Plot 63 Season 2,FALSE,Maricopa,6000000241,6000002659
height,17041,33.488,MAC Field Scanner Field Plot 62 Season 2,FALSE,Maricopa,6000000241,6000002658
height,17041,32.827,MAC Field Scanner Field Plot 35 Season 2,FALSE,Maricopa,6000000278,6000002631
height,17041,32.827,MAC Field Scanner Field Plot 29 Season 2,FALSE,Maricopa,6000000415,6000002625
height,17041,32.166,MAC Field Scanner Field Plot 28 Season 2,FALSE,Maricopa,6000000415,6000002624
height,17041,32.827,MAC Field Scanner Field Plot 57 Season 2,FALSE,Maricopa,6000000333,6000002653
height,17041,33.488,MAC Field Scanner Field Plot 42 Season 2,FALSE,Maricopa,6000000384,6000002638
height,17041,32.827,MAC Field Scanner Field Plot 43 Season 2,FALSE,Maricopa,6000000384,6000002639
height,17041,32.827,MAC Field Scanner Field Plot 53 Season 2,FALSE,Maricopa,6000000401,6000002649
height,17041,33.488,MAC Field Scanner Field Plot 52 Season 2,FALSE,Maricopa,6000000401,6000002648
height,17041,32.827,MAC Field Scanner Field Plot 66 Season 2,FALSE,Maricopa,6000000255,6000002662
height,17041,33.488,MAC Field Scanner Field Plot 67 Season 2,FALSE,Maricopa,6000000255,6000002663
height,17041,34.149,MAC Field Scanner Field Plot 74 Season 2,FALSE,Maricopa,6000000256,6000002670
height,17041,32.166,MAC Field Scanner Field Plot 75 Season 2,FALSE,Maricopa,6000000256,6000002671
height,17041,32.827,MAC Field Scanner Field Plot 46 Season 2,FALSE,Maricopa,6000000258,6000002642
height,17041,32.827,MAC Field Scanner Field Plot 47 Season 2,FALSE,Maricopa,6000000258,6000002643
height,17041,32.827,MAC Field Scanner Field Plot 76 Season 2,FALSE,Maricopa,6000000260,6000002672
height,17042,34.149,MAC Field Scanner Field Plot 454 Season 2,FALSE,Maricopa,6000000288,6000003050
height,17042,32.827,MAC Field Scanner Field Plot 455 Season 2,FALSE,Maricopa,6000000288,6000003051
height,17042,34.81,MAC Field Scanner Field Plot 419 Season 2,FALSE,Maricopa,6000000298,6000003015
height,17042,34.149,MAC Field Scanner Field Plot 443 Season 2,FALSE,Maricopa,6000000302,6000003039
height,17042,32.827,MAC Field Scanner Field Plot 442 Season 2,FALSE,Maricopa,6000000302,6000003038
height,17042,32.827,MAC Field Scanner Field Plot 467 Season 2,FALSE,Maricopa,6000000304,6000003063
height,17042,32.827,MAC Field Scanner Field Plot 466 Season 2,FALSE,Maricopa,6000000304,6000003062
height,17042,33.488,MAC Field Scanner Field Plot 469 Season 2,FALSE,Maricopa,6000000306,6000003065
height,17042,33.488,MAC Field Scanner Field Plot 468 Season 2,FALSE,Maricopa,6000000306,6000003064
height,17042,32.166,MAC Field Scanner Field Plot 437 Season 2,FALSE,Maricopa,6000000309,6000003033
height,17042,33.488,MAC Field Scanner Field Plot 436 Season 2,FALSE,Maricopa,6000000309,6000003032
height,17042,32.827,MAC Field Scanner Field Plot 424 Season 2,FALSE,Maricopa,6000000314,6000003020
height,17042,33.488,MAC Field Scanner Field Plot 425 Season 2,FALSE,Maricopa,6000000314,6000003021
height,17042,33.488,MAC Field Scanner Field Plot 458 Season 2,FALSE,Maricopa,6000000389,6000003054
height,17042,32.827,MAC Field Scanner Field Plot 459 Season 2,FALSE,Maricopa,6000000389,6000003055
height,17042,31.505,MAC Field Scanner Field Plot 430 Season 2,FALSE,Maricopa,6000000391,6000003026
height,17042,32.166,MAC Field Scanner Field Plot 431 Season 2,FALSE,Maricopa,6000000391,6000003027
height,17042,33.488,MAC Field Scanner Field Plot 426 Season 2,FALSE,Maricopa,6000000392,6000003022
height,17042,32.827,MAC Field Scanner Field Plot 427 Season 2,FALSE,Maricopa,6000000392,6000003023
height,17042,33.488,MAC Field Scanner Field Plot 441 Season 2,FALSE,Maricopa,6000000403,6000003037
height,17042,34.149,MAC Field Scanner Field Plot 440 Season 2,FALSE,Maricopa,6000000403,6000003036
height,17042,32.166,MAC Field Scanner Field Plot 428 Season 2,FALSE,Maricopa,6000000264,6000003024
height,17042,34.149,MAC Field Scanner Field Plot 429 Season 2,FALSE,Maricopa,6000000264,6000003025
height,17042,32.827,MAC Field Scanner Field Plot 462 Season 2,FALSE,Maricopa,6000000266,6000003058
height,17042,33.488,MAC Field Scanner Field Plot 463 Season 2,FALSE,Maricopa,6000000266,6000003059
height,17042,33.488,MAC Field Scanner Field Plot 420 Season 2,FALSE,Maricopa,6000000267,6000003016
height,17042,33.488,MAC Field Scanner Field Plot 421 Season 2,FALSE,Maricopa,6000000267,6000003017
height,17042,34.149,MAC Field Scanner Field Plot 447 Season 2,FALSE,Maricopa,6000000276,6000003043
height,17042,34.149,MAC Field Scanner Field Plot 446 Season 2,FALSE,Maricopa,6000000276,6000003042
height,17042,33.488,MAC Field Scanner Field Plot 518 Season 2,FALSE,Maricopa,6000000279,6000003114
height,17042,34.149,MAC Field Scanner Field Plot 519 Season 2,FALSE,Maricopa,6000000279,6000003115
height,17042,34.149,MAC Field Scanner Field Plot 479 Season 2,FALSE,Maricopa,6000000280,6000003075
height,17042,33.488,MAC Field Scanner Field Plot 478 Season 2,FALSE,Maricopa,6000000280,6000003074
height,17042,33.488,MAC Field Scanner Field Plot 507 Season 2,FALSE,Maricopa,6000000281,6000003103
height,17042,34.81,MAC Field Scanner Field Plot 506 Season 2,FALSE,Maricopa,6000000281,6000003102
height,17042,32.827,MAC Field Scanner Field Plot 505 Season 2,FALSE,Maricopa,6000000297,6000003101
height,17042,33.488,MAC Field Scanner Field Plot 504 Season 2,FALSE,Maricopa,6000000297,6000003100
height,17042,32.827,MAC Field Scanner Field Plot 520 Season 2,FALSE,Maricopa,6000000301,6000003116
height,17042,32.827,MAC Field Scanner Field Plot 521 Season 2,FALSE,Maricopa,6000000301,6000003117
height,17042,33.488,MAC Field Scanner Field Plot 488 Season 2,FALSE,Maricopa,6000000307,6000003084
height,17042,33.488,MAC Field Scanner Field Plot 489 Season 2,FALSE,Maricopa,6000000307,6000003085
height,17042,33.488,MAC Field Scanner Field Plot 516 Season 2,FALSE,Maricopa,6000000315,6000003112
height,17042,32.827,MAC Field Scanner Field Plot 517 Season 2,FALSE,Maricopa,6000000315,6000003113
height,17042,33.488,MAC Field Scanner Field Plot 503 Season 2,FALSE,Maricopa,6000000386,6000003099
height,17042,32.827,MAC Field Scanner Field Plot 502 Season 2,FALSE,Maricopa,6000000386,6000003098
height,17042,32.827,MAC Field Scanner Field Plot 486 Season 2,FALSE,Maricopa,6000000391,6000003082
height,17042,34.149,MAC Field Scanner Field Plot 487 Season 2,FALSE,Maricopa,6000000391,6000003083
height,17042,32.827,MAC Field Scanner Field Plot 492 Season 2,FALSE,Maricopa,6000000393,6000003088
height,17042,33.488,MAC Field Scanner Field Plot 493 Season 2,FALSE,Maricopa,6000000393,6000003089
height,17042,34.149,MAC Field Scanner Field Plot 509 Season 2,FALSE,Maricopa,6000000395,6000003105
height,17042,32.827,MAC Field Scanner Field Plot 508 Season 2,FALSE,Maricopa,6000000395,6000003104
height,17042,32.166,MAC Field Scanner Field Plot 494 Season 2,FALSE,Maricopa,6000000412,6000003090
height,17042,32.166,MAC Field Scanner Field Plot 495 Season 2,FALSE,Maricopa,6000000412,6000003091
height,17042,32.166,MAC Field Scanner Field Plot 499 Season 2,FALSE,Maricopa,6000000253,6000003095
height,17042,32.166,MAC Field Scanner Field Plot 498 Season 2,FALSE,Maricopa,6000000253,6000003094
height,17042,34.149,MAC Field Scanner Field Plot 482 Season 2,FALSE,Maricopa,6000000407,6000003078
height,17042,32.827,MAC Field Scanner Field Plot 575 Season 2,FALSE,Maricopa,6000000287,6000003171
height,17042,32.827,MAC Field Scanner Field Plot 574 Season 2,FALSE,Maricopa,6000000287,6000003170
height,17042,33.488,MAC Field Scanner Field Plot 548 Season 2,FALSE,Maricopa,6000000292,6000003144
height,17042,32.827,MAC Field Scanner Field Plot 549 Season 2,FALSE,Maricopa,6000000292,6000003145
height,17042,33.488,MAC Field Scanner Field Plot 550 Season 2,FALSE,Maricopa,6000000303,6000003146
height,17042,32.166,MAC Field Scanner Field Plot 551 Season 2,FALSE,Maricopa,6000000303,6000003147
height,17042,33.488,MAC Field Scanner Field Plot 571 Season 2,FALSE,Maricopa,6000000241,6000003167
height,17042,32.827,MAC Field Scanner Field Plot 570 Season 2,FALSE,Maricopa,6000000241,6000003166
height,17042,32.166,MAC Field Scanner Field Plot 584 Season 2,FALSE,Maricopa,6000000318,6000003180
height,17042,33.488,MAC Field Scanner Field Plot 539 Season 2,FALSE,Maricopa,6000000320,6000003135
height,17042,32.827,MAC Field Scanner Field Plot 538 Season 2,FALSE,Maricopa,6000000320,6000003134
height,17042,33.488,MAC Field Scanner Field Plot 562 Season 2,FALSE,Maricopa,6000000376,6000003158
height,17042,32.166,MAC Field Scanner Field Plot 556 Season 2,FALSE,Maricopa,6000000379,6000003152
height,17042,34.149,MAC Field Scanner Field Plot 557 Season 2,FALSE,Maricopa,6000000379,6000003153
height,17042,32.827,MAC Field Scanner Field Plot 558 Season 2,FALSE,Maricopa,6000000248,6000003154
height,17042,32.827,MAC Field Scanner Field Plot 559 Season 2,FALSE,Maricopa,6000000248,6000003155
height,17042,34.149,MAC Field Scanner Field Plot 543 Season 2,FALSE,Maricopa,6000000392,6000003139
height,17042,33.488,MAC Field Scanner Field Plot 542 Season 2,FALSE,Maricopa,6000000392,6000003138
height,17042,32.827,MAC Field Scanner Field Plot 554 Season 2,FALSE,Maricopa,6000000255,6000003150
height,17042,32.827,MAC Field Scanner Field Plot 555 Season 2,FALSE,Maricopa,6000000255,6000003151
height,17042,33.488,MAC Field Scanner Field Plot 533 Season 2,FALSE,Maricopa,6000000410,6000003129
height,17042,34.149,MAC Field Scanner Field Plot 532 Season 2,FALSE,Maricopa,6000000410,6000003128
height,17042,33.488,MAC Field Scanner Field Plot 578 Season 2,FALSE,Maricopa,6000000271,6000003174
height,17042,33.488,MAC Field Scanner Field Plot 579 Season 2,FALSE,Maricopa,6000000271,6000003175
height,17042,32.166,MAC Field Scanner Field Plot 565 Season 2,FALSE,Maricopa,6000000275,6000003161
height,17042,34.149,MAC Field Scanner Field Plot 564 Season 2,FALSE,Maricopa,6000000275,6000003160
height,17042,34.149,MAC Field Scanner Field Plot 589 Season 2,FALSE,Maricopa,6000000277,6000003185
height,17042,32.166,MAC Field Scanner Field Plot 601 Season 2,FALSE,Maricopa,6000000283,6000003197
height,17042,32.827,MAC Field Scanner Field Plot 600 Season 2,FALSE,Maricopa,6000000283,6000003196
height,17042,33.488,MAC Field Scanner Field Plot 614 Season 2,FALSE,Maricopa,6000000289,6000003210
height,17042,33.488,MAC Field Scanner Field Plot 615 Season 2,FALSE,Maricopa,6000000289,6000003211
height,17042,32.166,MAC Field Scanner Field Plot 637 Season 2,FALSE,Maricopa,6000000291,6000003233
height,17042,32.166,MAC Field Scanner Field Plot 636 Season 2,FALSE,Maricopa,6000000291,6000003232
height,17042,32.827,MAC Field Scanner Field Plot 627 Season 2,FALSE,Maricopa,6000000300,6000003223
height,17042,32.166,MAC Field Scanner Field Plot 626 Season 2,FALSE,Maricopa,6000000300,6000003222
height,17042,32.166,MAC Field Scanner Field Plot 605 Season 2,FALSE,Maricopa,6000000316,6000003201
height,17042,32.827,MAC Field Scanner Field Plot 604 Season 2,FALSE,Maricopa,6000000316,6000003200
height,17042,32.827,MAC Field Scanner Field Plot 585 Season 2,FALSE,Maricopa,6000000318,6000003181
height,17042,33.488,MAC Field Scanner Field Plot 629 Season 2,FALSE,Maricopa,6000000319,6000003225
height,17042,33.488,MAC Field Scanner Field Plot 628 Season 2,FALSE,Maricopa,6000000319,6000003224
height,17042,32.827,MAC Field Scanner Field Plot 595 Season 2,FALSE,Maricopa,6000000331,6000003191
height,17042,33.488,MAC Field Scanner Field Plot 594 Season 2,FALSE,Maricopa,6000000331,6000003190
height,17042,32.827,MAC Field Scanner Field Plot 607 Season 2,FALSE,Maricopa,6000000377,6000003203
height,17042,32.827,MAC Field Scanner Field Plot 606 Season 2,FALSE,Maricopa,6000000377,6000003202
height,17042,32.827,MAC Field Scanner Field Plot 631 Season 2,FALSE,Maricopa,6000000381,6000003227
height,17042,34.149,MAC Field Scanner Field Plot 630 Season 2,FALSE,Maricopa,6000000381,6000003226
height,17042,32.166,MAC Field Scanner Field Plot 633 Season 2,FALSE,Maricopa,6000000388,6000003229
height,17042,32.827,MAC Field Scanner Field Plot 632 Season 2,FALSE,Maricopa,6000000388,6000003228
height,17042,32.166,MAC Field Scanner Field Plot 597 Season 2,FALSE,Maricopa,6000000396,6000003193
height,17042,33.488,MAC Field Scanner Field Plot 596 Season 2,FALSE,Maricopa,6000000396,6000003192
height,17042,32.166,MAC Field Scanner Field Plot 620 Season 2,FALSE,Maricopa,6000000400,6000003216
height,17042,33.488,MAC Field Scanner Field Plot 621 Season 2,FALSE,Maricopa,6000000400,6000003217
height,17042,32.166,MAC Field Scanner Field Plot 635 Season 2,FALSE,Maricopa,6000000258,6000003231
height,17042,32.166,MAC Field Scanner Field Plot 634 Season 2,FALSE,Maricopa,6000000258,6000003230
height,17042,32.827,MAC Field Scanner Field Plot 622 Season 2,FALSE,Maricopa,6000000409,6000003218
height,17042,32.827,MAC Field Scanner Field Plot 623 Season 2,FALSE,Maricopa,6000000409,6000003219
height,17042,33.488,MAC Field Scanner Field Plot 618 Season 2,FALSE,Maricopa,6000000265,6000003214
height,17042,32.166,MAC Field Scanner Field Plot 654 Season 2,FALSE,Maricopa,6000000282,6000003250
height,17042,32.166,MAC Field Scanner Field Plot 655 Season 2,FALSE,Maricopa,6000000282,6000003251
height,17042,32.166,MAC Field Scanner Field Plot 642 Season 2,FALSE,Maricopa,6000000285,6000003238
height,17042,32.827,MAC Field Scanner Field Plot 643 Season 2,FALSE,Maricopa,6000000285,6000003239
height,17042,33.488,MAC Field Scanner Field Plot 678 Season 2,FALSE,Maricopa,6000000305,6000003274
height,17042,32.166,MAC Field Scanner Field Plot 679 Season 2,FALSE,Maricopa,6000000305,6000003275
height,17042,33.488,MAC Field Scanner Field Plot 682 Season 2,FALSE,Maricopa,6000000308,6000003278
height,17042,32.827,MAC Field Scanner Field Plot 683 Season 2,FALSE,Maricopa,6000000308,6000003279
height,17042,32.827,MAC Field Scanner Field Plot 674 Season 2,FALSE,Maricopa,6000000311,6000003270
height,17042,32.827,MAC Field Scanner Field Plot 675 Season 2,FALSE,Maricopa,6000000311,6000003271
height,17042,32.166,MAC Field Scanner Field Plot 686 Season 2,FALSE,Maricopa,6000000313,6000003282
height,17042,32.827,MAC Field Scanner Field Plot 687 Season 2,FALSE,Maricopa,6000000313,6000003283
height,17042,33.488,MAC Field Scanner Field Plot 695 Season 2,FALSE,Maricopa,6000000314,6000003291
height,17042,33.488,MAC Field Scanner Field Plot 694 Season 2,FALSE,Maricopa,6000000314,6000003290
height,17042,33.488,MAC Field Scanner Field Plot 665 Season 2,FALSE,Maricopa,6000000378,6000003261
height,17042,34.149,MAC Field Scanner Field Plot 664 Season 2,FALSE,Maricopa,6000000378,6000003260
height,17042,32.827,MAC Field Scanner Field Plot 667 Season 2,FALSE,Maricopa,6000000380,6000003263
height,17042,34.149,MAC Field Scanner Field Plot 666 Season 2,FALSE,Maricopa,6000000380,6000003262
height,17042,33.488,MAC Field Scanner Field Plot 693 Season 2,FALSE,Maricopa,6000000382,6000003289
height,17042,32.827,MAC Field Scanner Field Plot 692 Season 2,FALSE,Maricopa,6000000382,6000003288
height,17042,33.488,MAC Field Scanner Field Plot 644 Season 2,FALSE,Maricopa,6000000390,6000003240
height,17042,32.166,MAC Field Scanner Field Plot 645 Season 2,FALSE,Maricopa,6000000390,6000003241
height,17042,32.166,MAC Field Scanner Field Plot 659 Season 2,FALSE,Maricopa,6000000250,6000003255
height,17042,32.827,MAC Field Scanner Field Plot 658 Season 2,FALSE,Maricopa,6000000250,6000003254
height,17042,32.166,MAC Field Scanner Field Plot 661 Season 2,FALSE,Maricopa,6000000252,6000003257
height,17042,34.149,MAC Field Scanner Field Plot 660 Season 2,FALSE,Maricopa,6000000252,6000003256
height,17042,34.149,MAC Field Scanner Field Plot 663 Season 2,FALSE,Maricopa,6000000263,6000003259
height,17042,33.488,MAC Field Scanner Field Plot 662 Season 2,FALSE,Maricopa,6000000263,6000003258
height,17042,32.827,MAC Field Scanner Field Plot 652 Season 2,FALSE,Maricopa,6000000264,6000003248
height,17042,34.149,MAC Field Scanner Field Plot 653 Season 2,FALSE,Maricopa,6000000264,6000003249
height,17042,32.827,MAC Field Scanner Field Plot 702 Season 2,FALSE,Maricopa,6000000278,6000003298
height,17042,32.827,MAC Field Scanner Field Plot 712 Season 2,FALSE,Maricopa,6000000293,6000003308
height,17042,33.488,MAC Field Scanner Field Plot 713 Season 2,FALSE,Maricopa,6000000293,6000003309
height,17042,33.488,MAC Field Scanner Field Plot 742 Season 2,FALSE,Maricopa,6000000295,6000003338
height,17042,33.488,MAC Field Scanner Field Plot 743 Season 2,FALSE,Maricopa,6000000295,6000003339
height,17042,33.488,MAC Field Scanner Field Plot 710 Season 2,FALSE,Maricopa,6000000298,6000003306
height,17042,32.166,MAC Field Scanner Field Plot 711 Season 2,FALSE,Maricopa,6000000298,6000003307
height,17042,33.488,MAC Field Scanner Field Plot 725 Season 2,FALSE,Maricopa,6000000299,6000003321
height,17042,32.827,MAC Field Scanner Field Plot 724 Season 2,FALSE,Maricopa,6000000299,6000003320
height,17042,33.488,MAC Field Scanner Field Plot 718 Season 2,FALSE,Maricopa,6000000312,6000003314
height,17042,33.488,MAC Field Scanner Field Plot 719 Season 2,FALSE,Maricopa,6000000312,6000003315
height,17042,32.166,MAC Field Scanner Field Plot 703 Season 2,FALSE,Maricopa,6000000278,6000003299
height,17042,33.488,MAC Field Scanner Field Plot 714 Season 2,FALSE,Maricopa,6000000385,6000003310
height,17042,34.149,MAC Field Scanner Field Plot 715 Season 2,FALSE,Maricopa,6000000385,6000003311
height,17042,32.827,MAC Field Scanner Field Plot 701 Season 2,FALSE,Maricopa,6000000387,6000003297
height,17042,33.488,MAC Field Scanner Field Plot 700 Season 2,FALSE,Maricopa,6000000387,6000003296
height,17042,32.827,MAC Field Scanner Field Plot 735 Season 2,FALSE,Maricopa,6000000249,6000003331
height,17042,32.827,MAC Field Scanner Field Plot 734 Season 2,FALSE,Maricopa,6000000249,6000003330
height,17042,33.488,MAC Field Scanner Field Plot 740 Season 2,FALSE,Maricopa,6000000394,6000003336
height,17042,33.488,MAC Field Scanner Field Plot 741 Season 2,FALSE,Maricopa,6000000394,6000003337
height,17042,32.827,MAC Field Scanner Field Plot 729 Season 2,FALSE,Maricopa,6000000399,6000003325
height,17042,33.488,MAC Field Scanner Field Plot 728 Season 2,FALSE,Maricopa,6000000399,6000003324
height,17042,34.149,MAC Field Scanner Field Plot 727 Season 2,FALSE,Maricopa,6000000251,6000003323
height,17042,33.488,MAC Field Scanner Field Plot 726 Season 2,FALSE,Maricopa,6000000251,6000003322
height,17042,32.827,MAC Field Scanner Field Plot 708 Season 2,FALSE,Maricopa,6000000256,6000003304
height,17042,32.827,MAC Field Scanner Field Plot 795 Season 2,FALSE,Maricopa,6000000286,6000003391
height,17042,34.149,MAC Field Scanner Field Plot 794 Season 2,FALSE,Maricopa,6000000286,6000003390
height,17042,33.488,MAC Field Scanner Field Plot 765 Season 2,FALSE,Maricopa,6000000290,6000003361
height,17042,32.827,MAC Field Scanner Field Plot 764 Season 2,FALSE,Maricopa,6000000290,6000003360
height,17042,33.488,MAC Field Scanner Field Plot 802 Season 2,FALSE,Maricopa,6000000294,6000003398
height,17042,33.488,MAC Field Scanner Field Plot 803 Season 2,FALSE,Maricopa,6000000294,6000003399
height,17042,32.166,MAC Field Scanner Field Plot 787 Season 2,FALSE,Maricopa,6000000317,6000003383
height,17042,32.827,MAC Field Scanner Field Plot 786 Season 2,FALSE,Maricopa,6000000317,6000003382
height,17042,34.149,MAC Field Scanner Field Plot 791 Season 2,FALSE,Maricopa,6000000383,6000003387
height,17042,32.166,MAC Field Scanner Field Plot 790 Season 2,FALSE,Maricopa,6000000383,6000003386
height,17042,32.827,MAC Field Scanner Field Plot 799 Season 2,FALSE,Maricopa,6000000384,6000003395
height,17042,32.166,MAC Field Scanner Field Plot 798 Season 2,FALSE,Maricopa,6000000384,6000003394
height,17042,32.827,MAC Field Scanner Field Plot 804 Season 2,FALSE,Maricopa,6000000397,6000003400
height,17042,33.488,MAC Field Scanner Field Plot 805 Season 2,FALSE,Maricopa,6000000397,6000003401
height,17042,32.827,MAC Field Scanner Field Plot 759 Season 2,FALSE,Maricopa,6000000398,6000003355
height,17042,33.488,MAC Field Scanner Field Plot 758 Season 2,FALSE,Maricopa,6000000398,6000003354
height,17042,32.827,MAC Field Scanner Field Plot 797 Season 2,FALSE,Maricopa,6000000401,6000003393
height,17042,32.166,MAC Field Scanner Field Plot 796 Season 2,FALSE,Maricopa,6000000401,6000003392
height,17042,33.488,MAC Field Scanner Field Plot 757 Season 2,FALSE,Maricopa,6000000402,6000003353
height,17042,33.488,MAC Field Scanner Field Plot 756 Season 2,FALSE,Maricopa,6000000402,6000003352
height,17042,32.166,MAC Field Scanner Field Plot 755 Season 2,FALSE,Maricopa,6000000254,6000003351
height,17042,32.827,MAC Field Scanner Field Plot 754 Season 2,FALSE,Maricopa,6000000254,6000003350
height,17042,33.488,MAC Field Scanner Field Plot 806 Season 2,FALSE,Maricopa,6000000405,6000003402
height,17042,34.149,MAC Field Scanner Field Plot 770 Season 2,FALSE,Maricopa,6000000260,6000003366
height,17042,33.488,MAC Field Scanner Field Plot 771 Season 2,FALSE,Maricopa,6000000260,6000003367
height,17042,33.488,MAC Field Scanner Field Plot 827 Season 2,FALSE,Maricopa,6000000284,6000003423
height,17042,34.149,MAC Field Scanner Field Plot 826 Season 2,FALSE,Maricopa,6000000284,6000003422
height,17042,32.166,MAC Field Scanner Field Plot 812 Season 2,FALSE,Maricopa,6000000296,6000003408
height,17042,34.149,MAC Field Scanner Field Plot 813 Season 2,FALSE,Maricopa,6000000296,6000003409
height,17042,32.827,MAC Field Scanner Field Plot 829 Season 2,FALSE,Maricopa,6000000310,6000003425
height,17042,32.827,MAC Field Scanner Field Plot 828 Season 2,FALSE,Maricopa,6000000310,6000003424
height,17043,32.166,MAC Field Scanner Field Plot 28 Season 2,FALSE,Maricopa,6000000415,6000002624
height,17042,34.149,MAC Field Scanner Field Plot 810 Season 2,FALSE,Maricopa,6000000325,6000003406
height,17042,31.505,MAC Field Scanner Field Plot 811 Season 2,FALSE,Maricopa,6000000325,6000003407
height,17042,32.827,MAC Field Scanner Field Plot 814 Season 2,FALSE,Maricopa,6000000330,6000003410
height,17042,32.827,MAC Field Scanner Field Plot 815 Season 2,FALSE,Maricopa,6000000330,6000003411
height,17042,32.827,MAC Field Scanner Field Plot 825 Season 2,FALSE,Maricopa,6000000354,6000003421
height,17042,32.827,MAC Field Scanner Field Plot 824 Season 2,FALSE,Maricopa,6000000354,6000003420
height,17042,34.149,MAC Field Scanner Field Plot 823 Season 2,FALSE,Maricopa,6000000365,6000003419
height,17042,33.488,MAC Field Scanner Field Plot 822 Season 2,FALSE,Maricopa,6000000365,6000003418
height,17042,34.149,MAC Field Scanner Field Plot 831 Season 2,FALSE,Maricopa,6000000259,6000003427
height,17042,32.827,MAC Field Scanner Field Plot 830 Season 2,FALSE,Maricopa,6000000259,6000003426
height,17042,34.149,MAC Field Scanner Field Plot 807 Season 2,FALSE,Maricopa,6000000405,6000003403
height,17042,32.827,MAC Field Scanner Field Plot 821 Season 2,FALSE,Maricopa,6000000262,6000003417
height,17042,32.827,MAC Field Scanner Field Plot 820 Season 2,FALSE,Maricopa,6000000262,6000003416
height,17042,32.827,MAC Field Scanner Field Plot 808 Season 2,FALSE,Maricopa,6000000269,6000003404
height,17042,32.827,MAC Field Scanner Field Plot 809 Season 2,FALSE,Maricopa,6000000269,6000003405
height,17042,32.827,MAC Field Scanner Field Plot 819 Season 2,FALSE,Maricopa,6000000274,6000003415
height,17042,32.827,MAC Field Scanner Field Plot 818 Season 2,FALSE,Maricopa,6000000274,6000003414
height,17043,33.488,MAC Field Scanner Field Plot 78 Season 2,FALSE,Maricopa,6000000282,6000002674
height,17043,34.81,MAC Field Scanner Field Plot 79 Season 2,FALSE,Maricopa,6000000282,6000002675
height,17043,32.827,MAC Field Scanner Field Plot 72 Season 2,FALSE,Maricopa,6000000291,6000002668
height,17043,33.488,MAC Field Scanner Field Plot 73 Season 2,FALSE,Maricopa,6000000291,6000002669
height,17043,32.166,MAC Field Scanner Field Plot 44 Season 2,FALSE,Maricopa,6000000293,6000002640
height,17043,33.488,MAC Field Scanner Field Plot 45 Season 2,FALSE,Maricopa,6000000293,6000002641
height,17043,33.488,MAC Field Scanner Field Plot 55 Season 2,FALSE,Maricopa,6000000294,6000002651
height,17043,32.827,MAC Field Scanner Field Plot 54 Season 2,FALSE,Maricopa,6000000294,6000002650
height,17043,32.827,MAC Field Scanner Field Plot 70 Season 2,FALSE,Maricopa,6000000296,6000002666
height,17043,34.81,MAC Field Scanner Field Plot 71 Season 2,FALSE,Maricopa,6000000296,6000002667
height,17043,32.827,MAC Field Scanner Field Plot 63 Season 2,FALSE,Maricopa,6000000241,6000002659
height,17043,33.488,MAC Field Scanner Field Plot 62 Season 2,FALSE,Maricopa,6000000241,6000002658
height,17043,33.488,MAC Field Scanner Field Plot 86 Season 2,FALSE,Maricopa,6000000313,6000002682
height,17043,32.827,MAC Field Scanner Field Plot 35 Season 2,FALSE,Maricopa,6000000278,6000002631
height,17043,33.488,MAC Field Scanner Field Plot 57 Season 2,FALSE,Maricopa,6000000333,6000002653
height,17043,33.488,MAC Field Scanner Field Plot 42 Season 2,FALSE,Maricopa,6000000384,6000002638
height,17043,32.827,MAC Field Scanner Field Plot 43 Season 2,FALSE,Maricopa,6000000384,6000002639
height,17043,33.488,MAC Field Scanner Field Plot 83 Season 2,FALSE,Maricopa,6000000400,6000002679
height,17043,33.488,MAC Field Scanner Field Plot 82 Season 2,FALSE,Maricopa,6000000400,6000002678
height,17043,32.827,MAC Field Scanner Field Plot 53 Season 2,FALSE,Maricopa,6000000401,6000002649
height,17043,33.488,MAC Field Scanner Field Plot 52 Season 2,FALSE,Maricopa,6000000401,6000002648
height,17043,32.827,MAC Field Scanner Field Plot 66 Season 2,FALSE,Maricopa,6000000255,6000002662
height,17043,33.488,MAC Field Scanner Field Plot 67 Season 2,FALSE,Maricopa,6000000255,6000002663
height,17043,34.81,MAC Field Scanner Field Plot 74 Season 2,FALSE,Maricopa,6000000256,6000002670
height,17043,33.488,MAC Field Scanner Field Plot 75 Season 2,FALSE,Maricopa,6000000256,6000002671
height,17043,32.166,MAC Field Scanner Field Plot 46 Season 2,FALSE,Maricopa,6000000258,6000002642
height,17043,33.488,MAC Field Scanner Field Plot 47 Season 2,FALSE,Maricopa,6000000258,6000002643
height,17043,33.488,MAC Field Scanner Field Plot 76 Season 2,FALSE,Maricopa,6000000260,6000002672
height,17043,33.488,MAC Field Scanner Field Plot 121 Season 2,FALSE,Maricopa,6000000289,6000002717
height,17043,32.827,MAC Field Scanner Field Plot 120 Season 2,FALSE,Maricopa,6000000289,6000002716
height,17043,33.488,MAC Field Scanner Field Plot 98 Season 2,FALSE,Maricopa,6000000295,6000002694
height,17043,33.488,MAC Field Scanner Field Plot 99 Season 2,FALSE,Maricopa,6000000295,6000002695
height,17043,35.471,MAC Field Scanner Field Plot 87 Season 2,FALSE,Maricopa,6000000313,6000002683
height,17043,34.149,MAC Field Scanner Field Plot 108 Season 2,FALSE,Maricopa,6000000315,6000002704
height,17043,32.827,MAC Field Scanner Field Plot 109 Season 2,FALSE,Maricopa,6000000315,6000002705
height,17043,32.827,MAC Field Scanner Field Plot 119 Season 2,FALSE,Maricopa,6000000319,6000002715
height,17043,34.81,MAC Field Scanner Field Plot 118 Season 2,FALSE,Maricopa,6000000319,6000002714
height,17043,33.488,MAC Field Scanner Field Plot 140 Season 2,FALSE,Maricopa,6000000377,6000002736
height,17043,32.827,MAC Field Scanner Field Plot 123 Season 2,FALSE,Maricopa,6000000389,6000002719
height,17043,34.149,MAC Field Scanner Field Plot 122 Season 2,FALSE,Maricopa,6000000389,6000002718
height,17043,33.488,MAC Field Scanner Field Plot 127 Season 2,FALSE,Maricopa,6000000393,6000002723
height,17043,33.488,MAC Field Scanner Field Plot 126 Season 2,FALSE,Maricopa,6000000393,6000002722
height,17043,34.149,MAC Field Scanner Field Plot 106 Season 2,FALSE,Maricopa,6000000397,6000002702
height,17043,34.149,MAC Field Scanner Field Plot 107 Season 2,FALSE,Maricopa,6000000397,6000002703
height,17043,32.827,MAC Field Scanner Field Plot 132 Season 2,FALSE,Maricopa,6000000261,6000002728
height,17043,32.827,MAC Field Scanner Field Plot 133 Season 2,FALSE,Maricopa,6000000261,6000002729
height,17043,32.827,MAC Field Scanner Field Plot 102 Season 2,FALSE,Maricopa,6000000406,6000002698
height,17043,34.81,MAC Field Scanner Field Plot 103 Season 2,FALSE,Maricopa,6000000406,6000002699
height,17043,32.827,MAC Field Scanner Field Plot 100 Season 2,FALSE,Maricopa,6000000265,6000002696
height,17043,33.488,MAC Field Scanner Field Plot 101 Season 2,FALSE,Maricopa,6000000265,6000002697
height,17043,32.166,MAC Field Scanner Field Plot 138 Season 2,FALSE,Maricopa,6000000266,6000002734
height,17043,34.149,MAC Field Scanner Field Plot 139 Season 2,FALSE,Maricopa,6000000266,6000002735
height,17043,32.827,MAC Field Scanner Field Plot 110 Season 2,FALSE,Maricopa,6000000276,6000002706
height,17043,33.488,MAC Field Scanner Field Plot 111 Season 2,FALSE,Maricopa,6000000276,6000002707
height,17043,32.827,MAC Field Scanner Field Plot 91 Season 2,FALSE,Maricopa,6000000277,6000002687
height,17043,31.505,MAC Field Scanner Field Plot 172 Season 2,FALSE,Maricopa,6000000285,6000002768
height,17043,33.488,MAC Field Scanner Field Plot 173 Season 2,FALSE,Maricopa,6000000285,6000002769
height,17043,32.166,MAC Field Scanner Field Plot 166 Season 2,FALSE,Maricopa,6000000286,6000002762
height,17043,33.488,MAC Field Scanner Field Plot 167 Season 2,FALSE,Maricopa,6000000286,6000002763
height,17043,32.827,MAC Field Scanner Field Plot 189 Season 2,FALSE,Maricopa,6000000299,6000002785
height,17043,33.488,MAC Field Scanner Field Plot 188 Season 2,FALSE,Maricopa,6000000299,6000002784
height,17043,33.488,MAC Field Scanner Field Plot 164 Season 2,FALSE,Maricopa,6000000302,6000002760
height,17043,32.166,MAC Field Scanner Field Plot 165 Season 2,FALSE,Maricopa,6000000302,6000002761
height,17043,33.488,MAC Field Scanner Field Plot 187 Season 2,FALSE,Maricopa,6000000304,6000002783
height,17043,32.166,MAC Field Scanner Field Plot 186 Season 2,FALSE,Maricopa,6000000304,6000002782
height,17043,34.149,MAC Field Scanner Field Plot 141 Season 2,FALSE,Maricopa,6000000377,6000002737
height,17043,32.827,MAC Field Scanner Field Plot 181 Season 2,FALSE,Maricopa,6000000385,6000002777
height,17043,34.149,MAC Field Scanner Field Plot 180 Season 2,FALSE,Maricopa,6000000385,6000002776
height,17043,32.827,MAC Field Scanner Field Plot 149 Season 2,FALSE,Maricopa,6000000396,6000002745
height,17043,34.149,MAC Field Scanner Field Plot 148 Season 2,FALSE,Maricopa,6000000396,6000002744
height,17043,32.166,MAC Field Scanner Field Plot 162 Season 2,FALSE,Maricopa,6000000402,6000002758
height,17043,32.827,MAC Field Scanner Field Plot 163 Season 2,FALSE,Maricopa,6000000402,6000002759
height,17043,33.488,MAC Field Scanner Field Plot 151 Season 2,FALSE,Maricopa,6000000403,6000002747
height,17043,32.827,MAC Field Scanner Field Plot 150 Season 2,FALSE,Maricopa,6000000403,6000002746
height,17043,33.488,MAC Field Scanner Field Plot 142 Season 2,FALSE,Maricopa,6000000252,6000002738
height,17043,34.149,MAC Field Scanner Field Plot 143 Season 2,FALSE,Maricopa,6000000252,6000002739
height,17043,34.149,MAC Field Scanner Field Plot 170 Season 2,FALSE,Maricopa,6000000262,6000002766
height,17043,32.166,MAC Field Scanner Field Plot 171 Season 2,FALSE,Maricopa,6000000262,6000002767
height,17043,33.488,MAC Field Scanner Field Plot 185 Season 2,FALSE,Maricopa,6000000263,6000002781
height,17043,32.166,MAC Field Scanner Field Plot 232 Season 2,FALSE,Maricopa,6000000281,6000002828
height,17043,32.166,MAC Field Scanner Field Plot 233 Season 2,FALSE,Maricopa,6000000281,6000002829
height,17043,32.827,MAC Field Scanner Field Plot 198 Season 2,FALSE,Maricopa,6000000292,6000002794
height,17043,33.488,MAC Field Scanner Field Plot 199 Season 2,FALSE,Maricopa,6000000292,6000002795
height,17043,32.827,MAC Field Scanner Field Plot 249 Season 2,FALSE,Maricopa,6000000300,6000002845
height,17043,32.827,MAC Field Scanner Field Plot 248 Season 2,FALSE,Maricopa,6000000300,6000002844
height,17043,32.827,MAC Field Scanner Field Plot 221 Season 2,FALSE,Maricopa,6000000303,6000002817
height,17043,33.488,MAC Field Scanner Field Plot 220 Season 2,FALSE,Maricopa,6000000303,6000002816
height,17043,32.827,MAC Field Scanner Field Plot 247 Season 2,FALSE,Maricopa,6000000317,6000002843
height,17043,32.827,MAC Field Scanner Field Plot 246 Season 2,FALSE,Maricopa,6000000317,6000002842
height,17043,32.827,MAC Field Scanner Field Plot 245 Season 2,FALSE,Maricopa,6000000320,6000002841
height,17043,33.488,MAC Field Scanner Field Plot 244 Season 2,FALSE,Maricopa,6000000320,6000002840
height,17043,32.827,MAC Field Scanner Field Plot 197 Season 2,FALSE,Maricopa,6000000244,6000002793
height,17043,32.827,MAC Field Scanner Field Plot 236 Season 2,FALSE,Maricopa,6000000342,6000002832
height,17043,32.827,MAC Field Scanner Field Plot 228 Season 2,FALSE,Maricopa,6000000379,6000002824
height,17043,32.166,MAC Field Scanner Field Plot 229 Season 2,FALSE,Maricopa,6000000379,6000002825
height,17043,32.827,MAC Field Scanner Field Plot 230 Season 2,FALSE,Maricopa,6000000382,6000002826
height,17043,35.471,MAC Field Scanner Field Plot 231 Season 2,FALSE,Maricopa,6000000382,6000002827
height,17043,32.166,MAC Field Scanner Field Plot 217 Season 2,FALSE,Maricopa,6000000386,6000002813
height,17043,32.166,MAC Field Scanner Field Plot 216 Season 2,FALSE,Maricopa,6000000386,6000002812
height,17043,33.488,MAC Field Scanner Field Plot 202 Season 2,FALSE,Maricopa,6000000387,6000002798
height,17043,33.488,MAC Field Scanner Field Plot 203 Season 2,FALSE,Maricopa,6000000387,6000002799
height,17043,34.149,MAC Field Scanner Field Plot 213 Season 2,FALSE,Maricopa,6000000249,6000002809
height,17043,33.488,MAC Field Scanner Field Plot 212 Season 2,FALSE,Maricopa,6000000249,6000002808
height,17043,34.81,MAC Field Scanner Field Plot 215 Season 2,FALSE,Maricopa,6000000257,6000002811
height,17043,34.149,MAC Field Scanner Field Plot 214 Season 2,FALSE,Maricopa,6000000257,6000002810
height,17043,32.827,MAC Field Scanner Field Plot 211 Season 2,FALSE,Maricopa,6000000259,6000002807
height,17043,32.827,MAC Field Scanner Field Plot 210 Season 2,FALSE,Maricopa,6000000259,6000002806
height,17043,34.81,MAC Field Scanner Field Plot 234 Season 2,FALSE,Maricopa,6000000273,6000002830
height,17043,32.827,MAC Field Scanner Field Plot 235 Season 2,FALSE,Maricopa,6000000273,6000002831
height,17043,32.827,MAC Field Scanner Field Plot 268 Season 2,FALSE,Maricopa,6000000280,6000002864
height,17043,33.488,MAC Field Scanner Field Plot 269 Season 2,FALSE,Maricopa,6000000280,6000002865
height,17043,32.827,MAC Field Scanner Field Plot 302 Season 2,FALSE,Maricopa,6000000284,6000002898
height,17043,33.488,MAC Field Scanner Field Plot 303 Season 2,FALSE,Maricopa,6000000284,6000002899
height,17043,32.827,MAC Field Scanner Field Plot 262 Season 2,FALSE,Maricopa,6000000290,6000002858
height,17043,34.149,MAC Field Scanner Field Plot 263 Season 2,FALSE,Maricopa,6000000290,6000002859
height,17043,33.488,MAC Field Scanner Field Plot 264 Season 2,FALSE,Maricopa,6000000305,6000002860
height,17043,33.488,MAC Field Scanner Field Plot 265 Season 2,FALSE,Maricopa,6000000305,6000002861
height,17043,33.488,MAC Field Scanner Field Plot 307 Season 2,FALSE,Maricopa,6000000306,6000002903
height,17043,34.149,MAC Field Scanner Field Plot 306 Season 2,FALSE,Maricopa,6000000306,6000002902
height,17043,32.827,MAC Field Scanner Field Plot 266 Season 2,FALSE,Maricopa,6000000307,6000002862
height,17043,33.488,MAC Field Scanner Field Plot 267 Season 2,FALSE,Maricopa,6000000307,6000002863
height,17043,32.827,MAC Field Scanner Field Plot 290 Season 2,FALSE,Maricopa,6000000316,6000002886
height,17043,33.488,MAC Field Scanner Field Plot 291 Season 2,FALSE,Maricopa,6000000316,6000002887
height,17043,33.488,MAC Field Scanner Field Plot 281 Season 2,FALSE,Maricopa,6000000380,6000002877
height,17043,33.488,MAC Field Scanner Field Plot 280 Season 2,FALSE,Maricopa,6000000380,6000002876
height,17043,32.827,MAC Field Scanner Field Plot 296 Season 2,FALSE,Maricopa,6000000381,6000002892
height,17043,32.827,MAC Field Scanner Field Plot 297 Season 2,FALSE,Maricopa,6000000381,6000002893
height,17043,33.488,MAC Field Scanner Field Plot 279 Season 2,FALSE,Maricopa,6000000383,6000002875
height,17043,32.827,MAC Field Scanner Field Plot 278 Season 2,FALSE,Maricopa,6000000383,6000002874
height,17043,33.488,MAC Field Scanner Field Plot 260 Season 2,FALSE,Maricopa,6000000248,6000002856
height,17043,32.827,MAC Field Scanner Field Plot 261 Season 2,FALSE,Maricopa,6000000248,6000002857
height,17043,34.149,MAC Field Scanner Field Plot 308 Season 2,FALSE,Maricopa,6000000390,6000002904
height,17043,32.827,MAC Field Scanner Field Plot 270 Season 2,FALSE,Maricopa,6000000394,6000002866
height,17043,33.488,MAC Field Scanner Field Plot 271 Season 2,FALSE,Maricopa,6000000394,6000002867
height,17043,34.149,MAC Field Scanner Field Plot 298 Season 2,FALSE,Maricopa,6000000398,6000002894
height,17043,32.166,MAC Field Scanner Field Plot 299 Season 2,FALSE,Maricopa,6000000398,6000002895
height,17043,33.488,MAC Field Scanner Field Plot 283 Season 2,FALSE,Maricopa,6000000253,6000002879
height,17043,33.488,MAC Field Scanner Field Plot 282 Season 2,FALSE,Maricopa,6000000253,6000002878
height,17043,33.488,MAC Field Scanner Field Plot 314 Season 2,FALSE,Maricopa,6000000279,6000002910
height,17043,32.827,MAC Field Scanner Field Plot 345 Season 2,FALSE,Maricopa,6000000287,6000002941
height,17043,32.827,MAC Field Scanner Field Plot 344 Season 2,FALSE,Maricopa,6000000287,6000002940
height,17043,34.149,MAC Field Scanner Field Plot 358 Season 2,FALSE,Maricopa,6000000297,6000002954
height,17043,33.488,MAC Field Scanner Field Plot 359 Season 2,FALSE,Maricopa,6000000297,6000002955
height,17043,34.81,MAC Field Scanner Field Plot 326 Season 2,FALSE,Maricopa,6000000301,6000002922
height,17043,33.488,MAC Field Scanner Field Plot 327 Season 2,FALSE,Maricopa,6000000301,6000002923
height,17043,33.488,MAC Field Scanner Field Plot 351 Season 2,FALSE,Maricopa,6000000309,6000002947
height,17043,33.488,MAC Field Scanner Field Plot 350 Season 2,FALSE,Maricopa,6000000309,6000002946
height,17043,34.149,MAC Field Scanner Field Plot 347 Season 2,FALSE,Maricopa,6000000311,6000002943
height,17043,33.488,MAC Field Scanner Field Plot 346 Season 2,FALSE,Maricopa,6000000311,6000002942
height,17043,32.827,MAC Field Scanner Field Plot 309 Season 2,FALSE,Maricopa,6000000390,6000002905
height,17043,32.827,MAC Field Scanner Field Plot 319 Season 2,FALSE,Maricopa,6000000395,6000002915
height,17043,33.488,MAC Field Scanner Field Plot 318 Season 2,FALSE,Maricopa,6000000395,6000002914
height,17043,33.488,MAC Field Scanner Field Plot 324 Season 2,FALSE,Maricopa,6000000399,6000002920
height,17043,34.81,MAC Field Scanner Field Plot 325 Season 2,FALSE,Maricopa,6000000399,6000002921
height,17043,33.488,MAC Field Scanner Field Plot 360 Season 2,FALSE,Maricopa,6000000405,6000002956
height,17043,32.827,MAC Field Scanner Field Plot 361 Season 2,FALSE,Maricopa,6000000405,6000002957
height,17043,33.488,MAC Field Scanner Field Plot 322 Season 2,FALSE,Maricopa,6000000408,6000002918
height,17043,33.488,MAC Field Scanner Field Plot 323 Season 2,FALSE,Maricopa,6000000408,6000002919
height,17043,32.827,MAC Field Scanner Field Plot 343 Season 2,FALSE,Maricopa,6000000409,6000002939
height,17043,32.166,MAC Field Scanner Field Plot 342 Season 2,FALSE,Maricopa,6000000409,6000002938
height,17043,32.827,MAC Field Scanner Field Plot 328 Season 2,FALSE,Maricopa,6000000269,6000002924
height,17043,32.166,MAC Field Scanner Field Plot 329 Season 2,FALSE,Maricopa,6000000269,6000002925
height,17043,32.166,MAC Field Scanner Field Plot 356 Season 2,FALSE,Maricopa,6000000271,6000002952
height,17043,34.149,MAC Field Scanner Field Plot 357 Season 2,FALSE,Maricopa,6000000271,6000002953
height,17043,32.827,MAC Field Scanner Field Plot 362 Season 2,FALSE,Maricopa,6000000272,6000002958
height,17043,32.827,MAC Field Scanner Field Plot 409 Season 2,FALSE,Maricopa,6000000283,6000003005
height,17043,32.827,MAC Field Scanner Field Plot 408 Season 2,FALSE,Maricopa,6000000283,6000003004
height,17043,32.827,MAC Field Scanner Field Plot 379 Season 2,FALSE,Maricopa,6000000288,6000002975
height,17043,33.488,MAC Field Scanner Field Plot 378 Season 2,FALSE,Maricopa,6000000288,6000002974
height,17043,34.149,MAC Field Scanner Field Plot 418 Season 2,FALSE,Maricopa,6000000298,6000003014
height,17043,32.827,MAC Field Scanner Field Plot 386 Season 2,FALSE,Maricopa,6000000308,6000002982
height,17043,33.488,MAC Field Scanner Field Plot 387 Season 2,FALSE,Maricopa,6000000308,6000002983
height,17043,32.166,MAC Field Scanner Field Plot 398 Season 2,FALSE,Maricopa,6000000310,6000002994
height,17043,32.827,MAC Field Scanner Field Plot 399 Season 2,FALSE,Maricopa,6000000310,6000002995
height,17043,33.488,MAC Field Scanner Field Plot 383 Season 2,FALSE,Maricopa,6000000312,6000002979
height,17043,33.488,MAC Field Scanner Field Plot 382 Season 2,FALSE,Maricopa,6000000312,6000002978
height,17043,32.827,MAC Field Scanner Field Plot 390 Season 2,FALSE,Maricopa,6000000318,6000002986
height,17043,34.149,MAC Field Scanner Field Plot 391 Season 2,FALSE,Maricopa,6000000318,6000002987
height,17043,33.488,MAC Field Scanner Field Plot 388 Season 2,FALSE,Maricopa,6000000378,6000002984
height,17043,32.827,MAC Field Scanner Field Plot 389 Season 2,FALSE,Maricopa,6000000378,6000002985
height,17043,32.827,MAC Field Scanner Field Plot 392 Season 2,FALSE,Maricopa,6000000388,6000002988
height,17043,32.827,MAC Field Scanner Field Plot 393 Season 2,FALSE,Maricopa,6000000388,6000002989
height,17043,32.166,MAC Field Scanner Field Plot 405 Season 2,FALSE,Maricopa,6000000250,6000003001
height,17043,34.81,MAC Field Scanner Field Plot 404 Season 2,FALSE,Maricopa,6000000250,6000003e3
height,17043,32.166,MAC Field Scanner Field Plot 371 Season 2,FALSE,Maricopa,6000000412,6000002967
height,17043,33.488,MAC Field Scanner Field Plot 370 Season 2,FALSE,Maricopa,6000000412,6000002966
height,17043,33.488,MAC Field Scanner Field Plot 415 Season 2,FALSE,Maricopa,6000000251,6000003011
height,17043,33.488,MAC Field Scanner Field Plot 414 Season 2,FALSE,Maricopa,6000000251,6000003010
height,17043,33.488,MAC Field Scanner Field Plot 411 Season 2,FALSE,Maricopa,6000000254,6000003007
height,17043,34.81,MAC Field Scanner Field Plot 410 Season 2,FALSE,Maricopa,6000000254,6000003006
height,17043,32.827,MAC Field Scanner Field Plot 364 Season 2,FALSE,Maricopa,6000000407,6000002960
height,17043,33.488,MAC Field Scanner Field Plot 365 Season 2,FALSE,Maricopa,6000000407,6000002961
height,17043,32.827,MAC Field Scanner Field Plot 363 Season 2,FALSE,Maricopa,6000000272,6000002959
height,17043,34.149,MAC Field Scanner Field Plot 413 Season 2,FALSE,Maricopa,6000000275,6000003009
height,17043,32.827,MAC Field Scanner Field Plot 412 Season 2,FALSE,Maricopa,6000000275,6000003008
height,17046,33.488,MAC Field Scanner Field Plot 409 Season 2,FALSE,Maricopa,6000000283,6000003005
height,17046,33.488,MAC Field Scanner Field Plot 408 Season 2,FALSE,Maricopa,6000000283,6000003004
height,17046,36.132,MAC Field Scanner Field Plot 418 Season 2,FALSE,Maricopa,6000000298,6000003014
height,17043,33.488,MAC Field Scanner Field Plot 419 Season 2,FALSE,Maricopa,6000000298,6000003015
height,17046,36.132,MAC Field Scanner Field Plot 419 Season 2,FALSE,Maricopa,6000000298,6000003015
height,17046,32.827,MAC Field Scanner Field Plot 437 Season 2,FALSE,Maricopa,6000000309,6000003033
height,17046,34.149,MAC Field Scanner Field Plot 436 Season 2,FALSE,Maricopa,6000000309,6000003032
height,17043,33.488,MAC Field Scanner Field Plot 424 Season 2,FALSE,Maricopa,6000000314,6000003020
height,17046,34.149,MAC Field Scanner Field Plot 424 Season 2,FALSE,Maricopa,6000000314,6000003020
height,17043,33.488,MAC Field Scanner Field Plot 425 Season 2,FALSE,Maricopa,6000000314,6000003021
height,17046,34.149,MAC Field Scanner Field Plot 425 Season 2,FALSE,Maricopa,6000000314,6000003021
height,17043,32.166,MAC Field Scanner Field Plot 430 Season 2,FALSE,Maricopa,6000000391,6000003026
height,17046,32.827,MAC Field Scanner Field Plot 430 Season 2,FALSE,Maricopa,6000000391,6000003026
height,17043,32.166,MAC Field Scanner Field Plot 431 Season 2,FALSE,Maricopa,6000000391,6000003027
height,17046,32.827,MAC Field Scanner Field Plot 431 Season 2,FALSE,Maricopa,6000000391,6000003027
height,17043,34.149,MAC Field Scanner Field Plot 426 Season 2,FALSE,Maricopa,6000000392,6000003022
height,17046,34.149,MAC Field Scanner Field Plot 426 Season 2,FALSE,Maricopa,6000000392,6000003022
height,17043,33.488,MAC Field Scanner Field Plot 427 Season 2,FALSE,Maricopa,6000000392,6000003023
height,17046,34.149,MAC Field Scanner Field Plot 427 Season 2,FALSE,Maricopa,6000000392,6000003023
height,17046,32.166,MAC Field Scanner Field Plot 405 Season 2,FALSE,Maricopa,6000000250,6000003001
height,17046,34.149,MAC Field Scanner Field Plot 404 Season 2,FALSE,Maricopa,6000000250,6000003e3
height,17046,34.149,MAC Field Scanner Field Plot 441 Season 2,FALSE,Maricopa,6000000403,6000003037
height,17046,34.81,MAC Field Scanner Field Plot 479 Season 2,FALSE,Maricopa,6000000280,6000003075
height,17046,34.149,MAC Field Scanner Field Plot 478 Season 2,FALSE,Maricopa,6000000280,6000003074
height,17046,34.81,MAC Field Scanner Field Plot 454 Season 2,FALSE,Maricopa,6000000288,6000003050
height,17046,33.488,MAC Field Scanner Field Plot 455 Season 2,FALSE,Maricopa,6000000288,6000003051
height,17046,34.81,MAC Field Scanner Field Plot 443 Season 2,FALSE,Maricopa,6000000302,6000003039
height,17046,33.488,MAC Field Scanner Field Plot 442 Season 2,FALSE,Maricopa,6000000302,6000003038
height,17046,33.488,MAC Field Scanner Field Plot 467 Season 2,FALSE,Maricopa,6000000304,6000003063
height,17046,33.488,MAC Field Scanner Field Plot 466 Season 2,FALSE,Maricopa,6000000304,6000003062
height,17046,33.488,MAC Field Scanner Field Plot 469 Season 2,FALSE,Maricopa,6000000306,6000003065
height,17046,33.488,MAC Field Scanner Field Plot 468 Season 2,FALSE,Maricopa,6000000306,6000003064
height,17046,34.149,MAC Field Scanner Field Plot 488 Season 2,FALSE,Maricopa,6000000307,6000003084
height,17046,33.488,MAC Field Scanner Field Plot 489 Season 2,FALSE,Maricopa,6000000307,6000003085
height,17046,33.488,MAC Field Scanner Field Plot 458 Season 2,FALSE,Maricopa,6000000389,6000003054
height,17046,34.149,MAC Field Scanner Field Plot 459 Season 2,FALSE,Maricopa,6000000389,6000003055
height,17046,33.488,MAC Field Scanner Field Plot 486 Season 2,FALSE,Maricopa,6000000391,6000003082
height,17046,34.149,MAC Field Scanner Field Plot 487 Season 2,FALSE,Maricopa,6000000391,6000003083
height,17046,33.488,MAC Field Scanner Field Plot 492 Season 2,FALSE,Maricopa,6000000393,6000003088
height,17046,34.149,MAC Field Scanner Field Plot 493 Season 2,FALSE,Maricopa,6000000393,6000003089
height,17046,33.488,MAC Field Scanner Field Plot 494 Season 2,FALSE,Maricopa,6000000412,6000003090
height,17046,32.827,MAC Field Scanner Field Plot 495 Season 2,FALSE,Maricopa,6000000412,6000003091
height,17046,34.81,MAC Field Scanner Field Plot 482 Season 2,FALSE,Maricopa,6000000407,6000003078
height,17046,34.149,MAC Field Scanner Field Plot 483 Season 2,FALSE,Maricopa,6000000407,6000003079
height,17046,34.149,MAC Field Scanner Field Plot 462 Season 2,FALSE,Maricopa,6000000266,6000003058
height,17046,34.149,MAC Field Scanner Field Plot 463 Season 2,FALSE,Maricopa,6000000266,6000003059
height,17046,35.471,MAC Field Scanner Field Plot 447 Season 2,FALSE,Maricopa,6000000276,6000003043
height,17046,34.81,MAC Field Scanner Field Plot 446 Season 2,FALSE,Maricopa,6000000276,6000003042
height,17046,32.827,MAC Field Scanner Field Plot 518 Season 2,FALSE,Maricopa,6000000279,6000003114
height,17046,34.81,MAC Field Scanner Field Plot 519 Season 2,FALSE,Maricopa,6000000279,6000003115
height,17046,33.488,MAC Field Scanner Field Plot 507 Season 2,FALSE,Maricopa,6000000281,6000003103
height,17046,34.81,MAC Field Scanner Field Plot 506 Season 2,FALSE,Maricopa,6000000281,6000003102
height,17046,33.488,MAC Field Scanner Field Plot 548 Season 2,FALSE,Maricopa,6000000292,6000003144
height,17046,34.149,MAC Field Scanner Field Plot 549 Season 2,FALSE,Maricopa,6000000292,6000003145
height,17046,33.488,MAC Field Scanner Field Plot 505 Season 2,FALSE,Maricopa,6000000297,6000003101
height,17046,34.149,MAC Field Scanner Field Plot 504 Season 2,FALSE,Maricopa,6000000297,6000003100
height,17046,33.488,MAC Field Scanner Field Plot 520 Season 2,FALSE,Maricopa,6000000301,6000003116
height,17046,33.488,MAC Field Scanner Field Plot 521 Season 2,FALSE,Maricopa,6000000301,6000003117
height,17046,34.81,MAC Field Scanner Field Plot 550 Season 2,FALSE,Maricopa,6000000303,6000003146
height,17046,32.166,MAC Field Scanner Field Plot 551 Season 2,FALSE,Maricopa,6000000303,6000003147
height,17046,33.488,MAC Field Scanner Field Plot 516 Season 2,FALSE,Maricopa,6000000315,6000003112
height,17046,33.488,MAC Field Scanner Field Plot 517 Season 2,FALSE,Maricopa,6000000315,6000003113
height,17046,33.488,MAC Field Scanner Field Plot 503 Season 2,FALSE,Maricopa,6000000386,6000003099
height,17046,34.149,MAC Field Scanner Field Plot 502 Season 2,FALSE,Maricopa,6000000386,6000003098
height,17046,33.488,MAC Field Scanner Field Plot 543 Season 2,FALSE,Maricopa,6000000392,6000003139
height,17046,34.149,MAC Field Scanner Field Plot 542 Season 2,FALSE,Maricopa,6000000392,6000003138
height,17046,34.149,MAC Field Scanner Field Plot 509 Season 2,FALSE,Maricopa,6000000395,6000003105
height,17046,33.488,MAC Field Scanner Field Plot 508 Season 2,FALSE,Maricopa,6000000395,6000003104
height,17046,32.827,MAC Field Scanner Field Plot 499 Season 2,FALSE,Maricopa,6000000253,6000003095
height,17046,32.827,MAC Field Scanner Field Plot 498 Season 2,FALSE,Maricopa,6000000253,6000003094
height,17046,33.488,MAC Field Scanner Field Plot 533 Season 2,FALSE,Maricopa,6000000410,6000003129
height,17046,34.149,MAC Field Scanner Field Plot 532 Season 2,FALSE,Maricopa,6000000410,6000003128
height,17046,33.488,MAC Field Scanner Field Plot 514 Season 2,FALSE,Maricopa,6000000267,6000003110
height,17046,34.149,MAC Field Scanner Field Plot 515 Season 2,FALSE,Maricopa,6000000267,6000003111
height,17046,33.488,MAC Field Scanner Field Plot 526 Season 2,FALSE,Maricopa,6000000268,6000003122
height,17046,32.827,MAC Field Scanner Field Plot 527 Season 2,FALSE,Maricopa,6000000268,6000003123
height,17046,34.149,MAC Field Scanner Field Plot 589 Season 2,FALSE,Maricopa,6000000277,6000003185
height,17046,32.827,MAC Field Scanner Field Plot 601 Season 2,FALSE,Maricopa,6000000283,6000003197
height,17046,33.488,MAC Field Scanner Field Plot 600 Season 2,FALSE,Maricopa,6000000283,6000003196
height,17046,34.149,MAC Field Scanner Field Plot 575 Season 2,FALSE,Maricopa,6000000287,6000003171
height,17046,34.149,MAC Field Scanner Field Plot 574 Season 2,FALSE,Maricopa,6000000287,6000003170
height,17046,34.81,MAC Field Scanner Field Plot 571 Season 2,FALSE,Maricopa,6000000241,6000003167
height,17046,33.488,MAC Field Scanner Field Plot 570 Season 2,FALSE,Maricopa,6000000241,6000003166
height,17046,32.827,MAC Field Scanner Field Plot 605 Season 2,FALSE,Maricopa,6000000316,6000003201
height,17046,34.149,MAC Field Scanner Field Plot 604 Season 2,FALSE,Maricopa,6000000316,6000003200
height,17046,33.488,MAC Field Scanner Field Plot 584 Season 2,FALSE,Maricopa,6000000318,6000003180
height,17046,33.488,MAC Field Scanner Field Plot 585 Season 2,FALSE,Maricopa,6000000318,6000003181
height,17046,34.149,MAC Field Scanner Field Plot 552 Season 2,FALSE,Maricopa,6000000322,6000003148
height,17046,34.81,MAC Field Scanner Field Plot 553 Season 2,FALSE,Maricopa,6000000322,6000003149
height,17046,34.149,MAC Field Scanner Field Plot 562 Season 2,FALSE,Maricopa,6000000376,6000003158
height,17046,33.488,MAC Field Scanner Field Plot 607 Season 2,FALSE,Maricopa,6000000377,6000003203
height,17046,33.488,MAC Field Scanner Field Plot 606 Season 2,FALSE,Maricopa,6000000377,6000003202
height,17046,33.488,MAC Field Scanner Field Plot 556 Season 2,FALSE,Maricopa,6000000379,6000003152
height,17046,34.149,MAC Field Scanner Field Plot 557 Season 2,FALSE,Maricopa,6000000379,6000003153
height,17046,34.149,MAC Field Scanner Field Plot 558 Season 2,FALSE,Maricopa,6000000248,6000003154
height,17046,33.488,MAC Field Scanner Field Plot 559 Season 2,FALSE,Maricopa,6000000248,6000003155
height,17046,32.827,MAC Field Scanner Field Plot 597 Season 2,FALSE,Maricopa,6000000396,6000003193
height,17046,34.149,MAC Field Scanner Field Plot 596 Season 2,FALSE,Maricopa,6000000396,6000003192
height,17046,33.488,MAC Field Scanner Field Plot 554 Season 2,FALSE,Maricopa,6000000255,6000003150
height,17046,34.149,MAC Field Scanner Field Plot 555 Season 2,FALSE,Maricopa,6000000255,6000003151
height,17046,34.149,MAC Field Scanner Field Plot 578 Season 2,FALSE,Maricopa,6000000271,6000003174
height,17046,34.149,MAC Field Scanner Field Plot 579 Season 2,FALSE,Maricopa,6000000271,6000003175
height,17046,32.827,MAC Field Scanner Field Plot 565 Season 2,FALSE,Maricopa,6000000275,6000003161
height,17046,34.149,MAC Field Scanner Field Plot 564 Season 2,FALSE,Maricopa,6000000275,6000003160
height,17046,32.827,MAC Field Scanner Field Plot 588 Season 2,FALSE,Maricopa,6000000277,6000003184
height,17046,33.488,MAC Field Scanner Field Plot 654 Season 2,FALSE,Maricopa,6000000282,6000003250
height,17046,32.827,MAC Field Scanner Field Plot 655 Season 2,FALSE,Maricopa,6000000282,6000003251
height,17046,33.488,MAC Field Scanner Field Plot 642 Season 2,FALSE,Maricopa,6000000285,6000003238
height,17046,33.488,MAC Field Scanner Field Plot 643 Season 2,FALSE,Maricopa,6000000285,6000003239
height,17046,34.149,MAC Field Scanner Field Plot 614 Season 2,FALSE,Maricopa,6000000289,6000003210
height,17046,33.488,MAC Field Scanner Field Plot 615 Season 2,FALSE,Maricopa,6000000289,6000003211
height,17046,32.166,MAC Field Scanner Field Plot 637 Season 2,FALSE,Maricopa,6000000291,6000003233
height,17046,33.488,MAC Field Scanner Field Plot 636 Season 2,FALSE,Maricopa,6000000291,6000003232
height,17046,33.488,MAC Field Scanner Field Plot 627 Season 2,FALSE,Maricopa,6000000300,6000003223
height,17046,32.827,MAC Field Scanner Field Plot 626 Season 2,FALSE,Maricopa,6000000300,6000003222
height,17046,33.488,MAC Field Scanner Field Plot 629 Season 2,FALSE,Maricopa,6000000319,6000003225
height,17046,34.149,MAC Field Scanner Field Plot 628 Season 2,FALSE,Maricopa,6000000319,6000003224
height,17046,32.827,MAC Field Scanner Field Plot 631 Season 2,FALSE,Maricopa,6000000381,6000003227
height,17046,34.81,MAC Field Scanner Field Plot 630 Season 2,FALSE,Maricopa,6000000381,6000003226
height,17046,33.488,MAC Field Scanner Field Plot 633 Season 2,FALSE,Maricopa,6000000388,6000003229
height,17046,34.149,MAC Field Scanner Field Plot 632 Season 2,FALSE,Maricopa,6000000388,6000003228
height,17046,34.149,MAC Field Scanner Field Plot 644 Season 2,FALSE,Maricopa,6000000390,6000003240
height,17046,33.488,MAC Field Scanner Field Plot 645 Season 2,FALSE,Maricopa,6000000390,6000003241
height,17046,32.827,MAC Field Scanner Field Plot 620 Season 2,FALSE,Maricopa,6000000400,6000003216
height,17046,33.488,MAC Field Scanner Field Plot 621 Season 2,FALSE,Maricopa,6000000400,6000003217
height,17046,32.827,MAC Field Scanner Field Plot 659 Season 2,FALSE,Maricopa,6000000250,6000003255
height,17046,32.827,MAC Field Scanner Field Plot 658 Season 2,FALSE,Maricopa,6000000250,6000003254
height,17046,33.488,MAC Field Scanner Field Plot 661 Season 2,FALSE,Maricopa,6000000252,6000003257
height,17046,34.81,MAC Field Scanner Field Plot 660 Season 2,FALSE,Maricopa,6000000252,6000003256
height,17046,33.488,MAC Field Scanner Field Plot 635 Season 2,FALSE,Maricopa,6000000258,6000003231
height,17046,33.488,MAC Field Scanner Field Plot 702 Season 2,FALSE,Maricopa,6000000278,6000003298
height,17046,34.149,MAC Field Scanner Field Plot 712 Season 2,FALSE,Maricopa,6000000293,6000003308
height,17046,34.149,MAC Field Scanner Field Plot 713 Season 2,FALSE,Maricopa,6000000293,6000003309
height,17046,34.149,MAC Field Scanner Field Plot 710 Season 2,FALSE,Maricopa,6000000298,6000003306
height,17046,32.827,MAC Field Scanner Field Plot 711 Season 2,FALSE,Maricopa,6000000298,6000003307
height,17046,34.149,MAC Field Scanner Field Plot 678 Season 2,FALSE,Maricopa,6000000305,6000003274
height,17046,32.827,MAC Field Scanner Field Plot 679 Season 2,FALSE,Maricopa,6000000305,6000003275
height,17046,33.488,MAC Field Scanner Field Plot 682 Season 2,FALSE,Maricopa,6000000308,6000003278
height,17046,33.488,MAC Field Scanner Field Plot 683 Season 2,FALSE,Maricopa,6000000308,6000003279
height,17046,33.488,MAC Field Scanner Field Plot 674 Season 2,FALSE,Maricopa,6000000311,6000003270
height,17046,33.488,MAC Field Scanner Field Plot 675 Season 2,FALSE,Maricopa,6000000311,6000003271
height,17046,33.488,MAC Field Scanner Field Plot 686 Season 2,FALSE,Maricopa,6000000313,6000003282
height,17046,33.488,MAC Field Scanner Field Plot 687 Season 2,FALSE,Maricopa,6000000313,6000003283
height,17046,33.488,MAC Field Scanner Field Plot 695 Season 2,FALSE,Maricopa,6000000314,6000003291
height,17046,34.149,MAC Field Scanner Field Plot 694 Season 2,FALSE,Maricopa,6000000314,6000003290
height,17046,32.827,MAC Field Scanner Field Plot 703 Season 2,FALSE,Maricopa,6000000278,6000003299
height,17046,33.488,MAC Field Scanner Field Plot 665 Season 2,FALSE,Maricopa,6000000378,6000003261
height,17046,34.149,MAC Field Scanner Field Plot 664 Season 2,FALSE,Maricopa,6000000378,6000003260
height,17046,33.488,MAC Field Scanner Field Plot 667 Season 2,FALSE,Maricopa,6000000380,6000003263
height,17046,34.149,MAC Field Scanner Field Plot 666 Season 2,FALSE,Maricopa,6000000380,6000003262
height,17046,33.488,MAC Field Scanner Field Plot 693 Season 2,FALSE,Maricopa,6000000382,6000003289
height,17046,33.488,MAC Field Scanner Field Plot 692 Season 2,FALSE,Maricopa,6000000382,6000003288
height,17046,34.149,MAC Field Scanner Field Plot 714 Season 2,FALSE,Maricopa,6000000385,6000003310
height,17046,34.81,MAC Field Scanner Field Plot 715 Season 2,FALSE,Maricopa,6000000385,6000003311
height,17046,32.827,MAC Field Scanner Field Plot 701 Season 2,FALSE,Maricopa,6000000387,6000003297
height,17046,34.149,MAC Field Scanner Field Plot 700 Season 2,FALSE,Maricopa,6000000387,6000003296
height,17046,33.488,MAC Field Scanner Field Plot 708 Season 2,FALSE,Maricopa,6000000256,6000003304
height,17046,33.488,MAC Field Scanner Field Plot 709 Season 2,FALSE,Maricopa,6000000256,6000003305
height,17046,33.488,MAC Field Scanner Field Plot 716 Season 2,FALSE,Maricopa,6000000257,6000003312
height,17046,34.149,MAC Field Scanner Field Plot 765 Season 2,FALSE,Maricopa,6000000290,6000003361
height,17046,33.488,MAC Field Scanner Field Plot 764 Season 2,FALSE,Maricopa,6000000290,6000003360
height,17046,34.149,MAC Field Scanner Field Plot 742 Season 2,FALSE,Maricopa,6000000295,6000003338
height,17046,34.149,MAC Field Scanner Field Plot 743 Season 2,FALSE,Maricopa,6000000295,6000003339
height,17046,34.149,MAC Field Scanner Field Plot 725 Season 2,FALSE,Maricopa,6000000299,6000003321
height,17046,34.149,MAC Field Scanner Field Plot 724 Season 2,FALSE,Maricopa,6000000299,6000003320
height,17046,34.149,MAC Field Scanner Field Plot 718 Season 2,FALSE,Maricopa,6000000312,6000003314
height,17046,34.149,MAC Field Scanner Field Plot 719 Season 2,FALSE,Maricopa,6000000312,6000003315
height,17046,33.488,MAC Field Scanner Field Plot 735 Season 2,FALSE,Maricopa,6000000249,6000003331
height,17046,33.488,MAC Field Scanner Field Plot 734 Season 2,FALSE,Maricopa,6000000249,6000003330
height,17046,34.149,MAC Field Scanner Field Plot 740 Season 2,FALSE,Maricopa,6000000394,6000003336
height,17046,34.149,MAC Field Scanner Field Plot 741 Season 2,FALSE,Maricopa,6000000394,6000003337
height,17046,32.827,MAC Field Scanner Field Plot 759 Season 2,FALSE,Maricopa,6000000398,6000003355
height,17046,34.149,MAC Field Scanner Field Plot 758 Season 2,FALSE,Maricopa,6000000398,6000003354
height,17046,33.488,MAC Field Scanner Field Plot 729 Season 2,FALSE,Maricopa,6000000399,6000003325
height,17046,34.149,MAC Field Scanner Field Plot 728 Season 2,FALSE,Maricopa,6000000399,6000003324
height,17046,33.488,MAC Field Scanner Field Plot 757 Season 2,FALSE,Maricopa,6000000402,6000003353
height,17046,34.149,MAC Field Scanner Field Plot 756 Season 2,FALSE,Maricopa,6000000402,6000003352
height,17046,34.149,MAC Field Scanner Field Plot 727 Season 2,FALSE,Maricopa,6000000251,6000003323
height,17046,34.81,MAC Field Scanner Field Plot 726 Season 2,FALSE,Maricopa,6000000251,6000003322
height,17046,32.827,MAC Field Scanner Field Plot 755 Season 2,FALSE,Maricopa,6000000254,6000003351
height,17046,33.488,MAC Field Scanner Field Plot 754 Season 2,FALSE,Maricopa,6000000254,6000003350
height,17046,34.149,MAC Field Scanner Field Plot 770 Season 2,FALSE,Maricopa,6000000260,6000003366
height,17046,34.149,MAC Field Scanner Field Plot 827 Season 2,FALSE,Maricopa,6000000284,6000003423
height,17046,34.149,MAC Field Scanner Field Plot 826 Season 2,FALSE,Maricopa,6000000284,6000003422
height,17046,34.149,MAC Field Scanner Field Plot 795 Season 2,FALSE,Maricopa,6000000286,6000003391
height,17046,34.149,MAC Field Scanner Field Plot 794 Season 2,FALSE,Maricopa,6000000286,6000003390
height,17046,34.149,MAC Field Scanner Field Plot 802 Season 2,FALSE,Maricopa,6000000294,6000003398
height,17046,33.488,MAC Field Scanner Field Plot 803 Season 2,FALSE,Maricopa,6000000294,6000003399
height,17046,32.827,MAC Field Scanner Field Plot 812 Season 2,FALSE,Maricopa,6000000296,6000003408
height,17046,34.81,MAC Field Scanner Field Plot 813 Season 2,FALSE,Maricopa,6000000296,6000003409
height,17046,32.827,MAC Field Scanner Field Plot 829 Season 2,FALSE,Maricopa,6000000310,6000003425
height,17046,33.488,MAC Field Scanner Field Plot 828 Season 2,FALSE,Maricopa,6000000310,6000003424
height,17046,33.488,MAC Field Scanner Field Plot 787 Season 2,FALSE,Maricopa,6000000317,6000003383
height,17046,32.827,MAC Field Scanner Field Plot 786 Season 2,FALSE,Maricopa,6000000317,6000003382
height,17046,34.149,MAC Field Scanner Field Plot 791 Season 2,FALSE,Maricopa,6000000383,6000003387
height,17046,32.827,MAC Field Scanner Field Plot 790 Season 2,FALSE,Maricopa,6000000383,6000003386
height,17046,33.488,MAC Field Scanner Field Plot 799 Season 2,FALSE,Maricopa,6000000384,6000003395
height,17046,32.827,MAC Field Scanner Field Plot 798 Season 2,FALSE,Maricopa,6000000384,6000003394
height,17046,34.149,MAC Field Scanner Field Plot 804 Season 2,FALSE,Maricopa,6000000397,6000003400
height,17046,34.149,MAC Field Scanner Field Plot 805 Season 2,FALSE,Maricopa,6000000397,6000003401
height,17046,34.149,MAC Field Scanner Field Plot 797 Season 2,FALSE,Maricopa,6000000401,6000003393
height,17046,32.827,MAC Field Scanner Field Plot 796 Season 2,FALSE,Maricopa,6000000401,6000003392
height,17046,34.149,MAC Field Scanner Field Plot 806 Season 2,FALSE,Maricopa,6000000405,6000003402
height,17046,33.488,MAC Field Scanner Field Plot 807 Season 2,FALSE,Maricopa,6000000405,6000003403
height,17046,33.488,MAC Field Scanner Field Plot 821 Season 2,FALSE,Maricopa,6000000262,6000003417
height,17046,34.149,MAC Field Scanner Field Plot 820 Season 2,FALSE,Maricopa,6000000262,6000003416
height,17046,33.488,MAC Field Scanner Field Plot 808 Season 2,FALSE,Maricopa,6000000269,6000003404
height,17046,33.488,MAC Field Scanner Field Plot 809 Season 2,FALSE,Maricopa,6000000269,6000003405
height,17046,37.454,MAC Field Scanner Field Plot 819 Season 2,FALSE,Maricopa,6000000274,6000003415
height,17046,34.149,MAC Field Scanner Field Plot 818 Season 2,FALSE,Maricopa,6000000274,6000003414
height,17047,32.827,MAC Field Scanner Field Plot 44 Season 2,FALSE,Maricopa,6000000293,6000002640
height,17047,33.488,MAC Field Scanner Field Plot 45 Season 2,FALSE,Maricopa,6000000293,6000002641
height,17047,32.827,MAC Field Scanner Field Plot 35 Season 2,FALSE,Maricopa,6000000278,6000002631
height,17047,32.827,MAC Field Scanner Field Plot 29 Season 2,FALSE,Maricopa,6000000415,6000002625
height,17047,32.827,MAC Field Scanner Field Plot 28 Season 2,FALSE,Maricopa,6000000415,6000002624
height,17047,33.488,MAC Field Scanner Field Plot 51 Season 2,FALSE,Maricopa,6000000334,6000002647
height,17047,34.149,MAC Field Scanner Field Plot 50 Season 2,FALSE,Maricopa,6000000334,6000002646
height,17047,33.488,MAC Field Scanner Field Plot 40 Season 2,FALSE,Maricopa,6000000356,6000002636
height,17047,33.488,MAC Field Scanner Field Plot 41 Season 2,FALSE,Maricopa,6000000356,6000002637
height,17047,32.827,MAC Field Scanner Field Plot 36 Season 2,FALSE,Maricopa,6000000367,6000002632
height,17047,32.827,MAC Field Scanner Field Plot 37 Season 2,FALSE,Maricopa,6000000367,6000002633
height,17047,32.827,MAC Field Scanner Field Plot 42 Season 2,FALSE,Maricopa,6000000384,6000002638
height,17047,34.149,MAC Field Scanner Field Plot 43 Season 2,FALSE,Maricopa,6000000384,6000002639
height,17047,32.827,MAC Field Scanner Field Plot 53 Season 2,FALSE,Maricopa,6000000401,6000002649
height,17047,33.488,MAC Field Scanner Field Plot 52 Season 2,FALSE,Maricopa,6000000401,6000002648
height,17047,33.488,MAC Field Scanner Field Plot 46 Season 2,FALSE,Maricopa,6000000258,6000002642
height,17047,33.488,MAC Field Scanner Field Plot 47 Season 2,FALSE,Maricopa,6000000258,6000002643
height,17046,34.81,MAC Field Scanner Field Plot 831 Season 2,FALSE,Maricopa,6000000259,6000003427
height,17046,33.488,MAC Field Scanner Field Plot 830 Season 2,FALSE,Maricopa,6000000259,6000003426
height,17047,34.149,MAC Field Scanner Field Plot 78 Season 2,FALSE,Maricopa,6000000282,6000002674
height,17047,34.81,MAC Field Scanner Field Plot 79 Season 2,FALSE,Maricopa,6000000282,6000002675
height,17047,33.488,MAC Field Scanner Field Plot 72 Season 2,FALSE,Maricopa,6000000291,6000002668
height,17047,33.488,MAC Field Scanner Field Plot 73 Season 2,FALSE,Maricopa,6000000291,6000002669
height,17047,33.488,MAC Field Scanner Field Plot 55 Season 2,FALSE,Maricopa,6000000294,6000002651
height,17047,33.488,MAC Field Scanner Field Plot 54 Season 2,FALSE,Maricopa,6000000294,6000002650
height,17047,34.149,MAC Field Scanner Field Plot 98 Season 2,FALSE,Maricopa,6000000295,6000002694
height,17047,34.149,MAC Field Scanner Field Plot 99 Season 2,FALSE,Maricopa,6000000295,6000002695
height,17047,33.488,MAC Field Scanner Field Plot 70 Season 2,FALSE,Maricopa,6000000296,6000002666
height,17047,33.488,MAC Field Scanner Field Plot 71 Season 2,FALSE,Maricopa,6000000296,6000002667
height,17047,34.149,MAC Field Scanner Field Plot 63 Season 2,FALSE,Maricopa,6000000241,6000002659
height,17047,34.149,MAC Field Scanner Field Plot 62 Season 2,FALSE,Maricopa,6000000241,6000002658
height,17047,35.471,MAC Field Scanner Field Plot 87 Season 2,FALSE,Maricopa,6000000313,6000002683
height,17047,34.149,MAC Field Scanner Field Plot 86 Season 2,FALSE,Maricopa,6000000313,6000002682
height,17047,34.149,MAC Field Scanner Field Plot 106 Season 2,FALSE,Maricopa,6000000397,6000002702
height,17047,34.81,MAC Field Scanner Field Plot 107 Season 2,FALSE,Maricopa,6000000397,6000002703
height,17047,33.488,MAC Field Scanner Field Plot 83 Season 2,FALSE,Maricopa,6000000400,6000002679
height,17047,34.81,MAC Field Scanner Field Plot 82 Season 2,FALSE,Maricopa,6000000400,6000002678
height,17047,34.149,MAC Field Scanner Field Plot 66 Season 2,FALSE,Maricopa,6000000255,6000002662
height,17047,34.81,MAC Field Scanner Field Plot 67 Season 2,FALSE,Maricopa,6000000255,6000002663
height,17047,34.149,MAC Field Scanner Field Plot 74 Season 2,FALSE,Maricopa,6000000256,6000002670
height,17047,33.488,MAC Field Scanner Field Plot 75 Season 2,FALSE,Maricopa,6000000256,6000002671
height,17047,33.488,MAC Field Scanner Field Plot 76 Season 2,FALSE,Maricopa,6000000260,6000002672
height,17047,33.488,MAC Field Scanner Field Plot 77 Season 2,FALSE,Maricopa,6000000260,6000002673
height,17047,34.149,MAC Field Scanner Field Plot 102 Season 2,FALSE,Maricopa,6000000406,6000002698
height,17047,34.81,MAC Field Scanner Field Plot 103 Season 2,FALSE,Maricopa,6000000406,6000002699
height,17047,32.827,MAC Field Scanner Field Plot 100 Season 2,FALSE,Maricopa,6000000265,6000002696
height,17047,34.149,MAC Field Scanner Field Plot 101 Season 2,FALSE,Maricopa,6000000265,6000002697
height,17047,32.166,MAC Field Scanner Field Plot 61 Season 2,FALSE,Maricopa,6000000274,6000002657
height,17047,34.149,MAC Field Scanner Field Plot 121 Season 2,FALSE,Maricopa,6000000289,6000002717
height,17047,33.488,MAC Field Scanner Field Plot 120 Season 2,FALSE,Maricopa,6000000289,6000002716
height,17047,34.149,MAC Field Scanner Field Plot 108 Season 2,FALSE,Maricopa,6000000315,6000002704
height,17047,32.827,MAC Field Scanner Field Plot 109 Season 2,FALSE,Maricopa,6000000315,6000002705
height,17047,33.488,MAC Field Scanner Field Plot 119 Season 2,FALSE,Maricopa,6000000319,6000002715
height,17047,35.471,MAC Field Scanner Field Plot 118 Season 2,FALSE,Maricopa,6000000319,6000002714
height,17047,34.149,MAC Field Scanner Field Plot 140 Season 2,FALSE,Maricopa,6000000377,6000002736
height,17047,34.149,MAC Field Scanner Field Plot 141 Season 2,FALSE,Maricopa,6000000377,6000002737
height,17047,33.488,MAC Field Scanner Field Plot 123 Season 2,FALSE,Maricopa,6000000389,6000002719
height,17047,34.149,MAC Field Scanner Field Plot 122 Season 2,FALSE,Maricopa,6000000389,6000002718
height,17047,34.149,MAC Field Scanner Field Plot 127 Season 2,FALSE,Maricopa,6000000393,6000002723
height,17047,34.149,MAC Field Scanner Field Plot 126 Season 2,FALSE,Maricopa,6000000393,6000002722
height,17047,33.488,MAC Field Scanner Field Plot 149 Season 2,FALSE,Maricopa,6000000396,6000002745
height,17047,34.149,MAC Field Scanner Field Plot 148 Season 2,FALSE,Maricopa,6000000396,6000002744
height,17047,32.827,MAC Field Scanner Field Plot 162 Season 2,FALSE,Maricopa,6000000402,6000002758
height,17047,33.488,MAC Field Scanner Field Plot 163 Season 2,FALSE,Maricopa,6000000402,6000002759
height,17047,33.488,MAC Field Scanner Field Plot 151 Season 2,FALSE,Maricopa,6000000403,6000002747
height,17047,34.149,MAC Field Scanner Field Plot 150 Season 2,FALSE,Maricopa,6000000403,6000002746
height,17047,34.149,MAC Field Scanner Field Plot 142 Season 2,FALSE,Maricopa,6000000252,6000002738
height,17047,34.81,MAC Field Scanner Field Plot 143 Season 2,FALSE,Maricopa,6000000252,6000002739
height,17047,32.827,MAC Field Scanner Field Plot 132 Season 2,FALSE,Maricopa,6000000261,6000002728
height,17047,33.488,MAC Field Scanner Field Plot 133 Season 2,FALSE,Maricopa,6000000261,6000002729
height,17047,32.166,MAC Field Scanner Field Plot 138 Season 2,FALSE,Maricopa,6000000266,6000002734
height,17047,34.149,MAC Field Scanner Field Plot 139 Season 2,FALSE,Maricopa,6000000266,6000002735
height,17047,32.827,MAC Field Scanner Field Plot 172 Season 2,FALSE,Maricopa,6000000285,6000002768
height,17047,34.149,MAC Field Scanner Field Plot 173 Season 2,FALSE,Maricopa,6000000285,6000002769
height,17047,32.827,MAC Field Scanner Field Plot 166 Season 2,FALSE,Maricopa,6000000286,6000002762
height,17047,33.488,MAC Field Scanner Field Plot 167 Season 2,FALSE,Maricopa,6000000286,6000002763
height,17047,34.149,MAC Field Scanner Field Plot 198 Season 2,FALSE,Maricopa,6000000292,6000002794
height,17047,33.488,MAC Field Scanner Field Plot 199 Season 2,FALSE,Maricopa,6000000292,6000002795
height,17047,32.827,MAC Field Scanner Field Plot 189 Season 2,FALSE,Maricopa,6000000299,6000002785
height,17047,34.149,MAC Field Scanner Field Plot 188 Season 2,FALSE,Maricopa,6000000299,6000002784
height,17047,33.488,MAC Field Scanner Field Plot 164 Season 2,FALSE,Maricopa,6000000302,6000002760
height,17047,32.827,MAC Field Scanner Field Plot 165 Season 2,FALSE,Maricopa,6000000302,6000002761
height,17047,34.149,MAC Field Scanner Field Plot 187 Season 2,FALSE,Maricopa,6000000304,6000002783
height,17047,32.166,MAC Field Scanner Field Plot 186 Season 2,FALSE,Maricopa,6000000304,6000002782
height,17047,33.488,MAC Field Scanner Field Plot 181 Season 2,FALSE,Maricopa,6000000385,6000002777
height,17047,34.81,MAC Field Scanner Field Plot 180 Season 2,FALSE,Maricopa,6000000385,6000002776
height,17047,32.827,MAC Field Scanner Field Plot 217 Season 2,FALSE,Maricopa,6000000386,6000002813
height,17047,32.827,MAC Field Scanner Field Plot 216 Season 2,FALSE,Maricopa,6000000386,6000002812
height,17047,34.149,MAC Field Scanner Field Plot 202 Season 2,FALSE,Maricopa,6000000387,6000002798
height,17047,34.149,MAC Field Scanner Field Plot 203 Season 2,FALSE,Maricopa,6000000387,6000002799
height,17047,34.81,MAC Field Scanner Field Plot 213 Season 2,FALSE,Maricopa,6000000249,6000002809
height,17047,33.488,MAC Field Scanner Field Plot 212 Season 2,FALSE,Maricopa,6000000249,6000002808
height,17047,35.471,MAC Field Scanner Field Plot 215 Season 2,FALSE,Maricopa,6000000257,6000002811
height,17047,34.81,MAC Field Scanner Field Plot 214 Season 2,FALSE,Maricopa,6000000257,6000002810
height,17047,33.488,MAC Field Scanner Field Plot 211 Season 2,FALSE,Maricopa,6000000259,6000002807
height,17047,33.488,MAC Field Scanner Field Plot 210 Season 2,FALSE,Maricopa,6000000259,6000002806
height,17047,34.149,MAC Field Scanner Field Plot 170 Season 2,FALSE,Maricopa,6000000262,6000002766
height,17047,33.488,MAC Field Scanner Field Plot 171 Season 2,FALSE,Maricopa,6000000262,6000002767
height,17047,34.149,MAC Field Scanner Field Plot 185 Season 2,FALSE,Maricopa,6000000263,6000002781
height,17047,33.488,MAC Field Scanner Field Plot 268 Season 2,FALSE,Maricopa,6000000280,6000002864
height,17047,33.488,MAC Field Scanner Field Plot 269 Season 2,FALSE,Maricopa,6000000280,6000002865
height,17047,32.827,MAC Field Scanner Field Plot 232 Season 2,FALSE,Maricopa,6000000281,6000002828
height,17047,32.827,MAC Field Scanner Field Plot 233 Season 2,FALSE,Maricopa,6000000281,6000002829
height,17047,33.488,MAC Field Scanner Field Plot 262 Season 2,FALSE,Maricopa,6000000290,6000002858
height,17047,34.81,MAC Field Scanner Field Plot 263 Season 2,FALSE,Maricopa,6000000290,6000002859
height,17047,32.827,MAC Field Scanner Field Plot 249 Season 2,FALSE,Maricopa,6000000300,6000002845
height,17047,32.827,MAC Field Scanner Field Plot 248 Season 2,FALSE,Maricopa,6000000300,6000002844
height,17047,32.827,MAC Field Scanner Field Plot 221 Season 2,FALSE,Maricopa,6000000303,6000002817
height,17047,34.149,MAC Field Scanner Field Plot 220 Season 2,FALSE,Maricopa,6000000303,6000002816
height,17047,34.149,MAC Field Scanner Field Plot 264 Season 2,FALSE,Maricopa,6000000305,6000002860
height,17047,34.149,MAC Field Scanner Field Plot 265 Season 2,FALSE,Maricopa,6000000305,6000002861
height,17047,32.827,MAC Field Scanner Field Plot 266 Season 2,FALSE,Maricopa,6000000307,6000002862
height,17047,34.149,MAC Field Scanner Field Plot 267 Season 2,FALSE,Maricopa,6000000307,6000002863
height,17047,32.827,MAC Field Scanner Field Plot 247 Season 2,FALSE,Maricopa,6000000317,6000002843
height,17047,33.488,MAC Field Scanner Field Plot 246 Season 2,FALSE,Maricopa,6000000317,6000002842
height,17047,33.488,MAC Field Scanner Field Plot 255 Season 2,FALSE,Maricopa,6000000338,6000002851
height,17047,34.149,MAC Field Scanner Field Plot 254 Season 2,FALSE,Maricopa,6000000338,6000002850
height,17047,32.827,MAC Field Scanner Field Plot 228 Season 2,FALSE,Maricopa,6000000379,6000002824
height,17047,34.149,MAC Field Scanner Field Plot 229 Season 2,FALSE,Maricopa,6000000379,6000002825
height,17047,33.488,MAC Field Scanner Field Plot 230 Season 2,FALSE,Maricopa,6000000382,6000002826
height,17047,35.471,MAC Field Scanner Field Plot 231 Season 2,FALSE,Maricopa,6000000382,6000002827
height,17047,33.488,MAC Field Scanner Field Plot 260 Season 2,FALSE,Maricopa,6000000248,6000002856
height,17047,33.488,MAC Field Scanner Field Plot 261 Season 2,FALSE,Maricopa,6000000248,6000002857
height,17047,33.488,MAC Field Scanner Field Plot 270 Season 2,FALSE,Maricopa,6000000394,6000002866
height,17047,34.149,MAC Field Scanner Field Plot 271 Season 2,FALSE,Maricopa,6000000394,6000002867
height,17047,34.81,MAC Field Scanner Field Plot 234 Season 2,FALSE,Maricopa,6000000273,6000002830
height,17047,33.488,MAC Field Scanner Field Plot 235 Season 2,FALSE,Maricopa,6000000273,6000002831
height,17047,33.488,MAC Field Scanner Field Plot 314 Season 2,FALSE,Maricopa,6000000279,6000002910
height,17047,33.488,MAC Field Scanner Field Plot 302 Season 2,FALSE,Maricopa,6000000284,6000002898
height,17047,34.149,MAC Field Scanner Field Plot 303 Season 2,FALSE,Maricopa,6000000284,6000002899
height,17047,35.471,MAC Field Scanner Field Plot 326 Season 2,FALSE,Maricopa,6000000301,6000002922
height,17047,34.149,MAC Field Scanner Field Plot 327 Season 2,FALSE,Maricopa,6000000301,6000002923
height,17047,33.488,MAC Field Scanner Field Plot 307 Season 2,FALSE,Maricopa,6000000306,6000002903
height,17047,34.149,MAC Field Scanner Field Plot 306 Season 2,FALSE,Maricopa,6000000306,6000002902
height,17047,34.149,MAC Field Scanner Field Plot 290 Season 2,FALSE,Maricopa,6000000316,6000002886
height,17047,34.149,MAC Field Scanner Field Plot 291 Season 2,FALSE,Maricopa,6000000316,6000002887
height,17047,34.149,MAC Field Scanner Field Plot 281 Season 2,FALSE,Maricopa,6000000380,6000002877
height,17047,34.149,MAC Field Scanner Field Plot 280 Season 2,FALSE,Maricopa,6000000380,6000002876
height,17047,33.488,MAC Field Scanner Field Plot 296 Season 2,FALSE,Maricopa,6000000381,6000002892
height,17047,33.488,MAC Field Scanner Field Plot 297 Season 2,FALSE,Maricopa,6000000381,6000002893
height,17047,33.488,MAC Field Scanner Field Plot 279 Season 2,FALSE,Maricopa,6000000383,6000002875
height,17047,33.488,MAC Field Scanner Field Plot 278 Season 2,FALSE,Maricopa,6000000383,6000002874
height,17047,32.827,MAC Field Scanner Field Plot 309 Season 2,FALSE,Maricopa,6000000390,6000002905
height,17047,34.149,MAC Field Scanner Field Plot 308 Season 2,FALSE,Maricopa,6000000390,6000002904
height,17047,34.149,MAC Field Scanner Field Plot 319 Season 2,FALSE,Maricopa,6000000395,6000002915
height,17047,34.149,MAC Field Scanner Field Plot 318 Season 2,FALSE,Maricopa,6000000395,6000002914
height,17047,34.149,MAC Field Scanner Field Plot 298 Season 2,FALSE,Maricopa,6000000398,6000002894
height,17047,32.827,MAC Field Scanner Field Plot 299 Season 2,FALSE,Maricopa,6000000398,6000002895
height,17047,33.488,MAC Field Scanner Field Plot 324 Season 2,FALSE,Maricopa,6000000399,6000002920
height,17047,35.471,MAC Field Scanner Field Plot 325 Season 2,FALSE,Maricopa,6000000399,6000002921
height,17047,34.149,MAC Field Scanner Field Plot 283 Season 2,FALSE,Maricopa,6000000253,6000002879
height,17047,33.488,MAC Field Scanner Field Plot 282 Season 2,FALSE,Maricopa,6000000253,6000002878
height,17047,34.149,MAC Field Scanner Field Plot 322 Season 2,FALSE,Maricopa,6000000408,6000002918
height,17047,33.488,MAC Field Scanner Field Plot 345 Season 2,FALSE,Maricopa,6000000287,6000002941
height,17047,33.488,MAC Field Scanner Field Plot 344 Season 2,FALSE,Maricopa,6000000287,6000002940
height,17047,33.488,MAC Field Scanner Field Plot 379 Season 2,FALSE,Maricopa,6000000288,6000002975
height,17047,33.488,MAC Field Scanner Field Plot 378 Season 2,FALSE,Maricopa,6000000288,6000002974
height,17047,34.81,MAC Field Scanner Field Plot 358 Season 2,FALSE,Maricopa,6000000297,6000002954
height,17047,33.488,MAC Field Scanner Field Plot 359 Season 2,FALSE,Maricopa,6000000297,6000002955
height,17047,34.149,MAC Field Scanner Field Plot 351 Season 2,FALSE,Maricopa,6000000309,6000002947
height,17047,34.149,MAC Field Scanner Field Plot 350 Season 2,FALSE,Maricopa,6000000309,6000002946
height,17047,34.81,MAC Field Scanner Field Plot 347 Season 2,FALSE,Maricopa,6000000311,6000002943
height,17047,33.488,MAC Field Scanner Field Plot 346 Season 2,FALSE,Maricopa,6000000311,6000002942
height,17047,34.149,MAC Field Scanner Field Plot 383 Season 2,FALSE,Maricopa,6000000312,6000002979
height,17047,34.149,MAC Field Scanner Field Plot 382 Season 2,FALSE,Maricopa,6000000312,6000002978
height,17047,32.827,MAC Field Scanner Field Plot 371 Season 2,FALSE,Maricopa,6000000412,6000002967
height,17047,33.488,MAC Field Scanner Field Plot 370 Season 2,FALSE,Maricopa,6000000412,6000002966
height,17047,33.488,MAC Field Scanner Field Plot 360 Season 2,FALSE,Maricopa,6000000405,6000002956
height,17047,32.827,MAC Field Scanner Field Plot 361 Season 2,FALSE,Maricopa,6000000405,6000002957
height,17047,33.488,MAC Field Scanner Field Plot 364 Season 2,FALSE,Maricopa,6000000407,6000002960
height,17047,33.488,MAC Field Scanner Field Plot 365 Season 2,FALSE,Maricopa,6000000407,6000002961
height,17047,32.827,MAC Field Scanner Field Plot 343 Season 2,FALSE,Maricopa,6000000409,6000002939
height,17047,32.827,MAC Field Scanner Field Plot 342 Season 2,FALSE,Maricopa,6000000409,6000002938
height,17047,33.488,MAC Field Scanner Field Plot 356 Season 2,FALSE,Maricopa,6000000271,6000002952
height,17047,34.81,MAC Field Scanner Field Plot 357 Season 2,FALSE,Maricopa,6000000271,6000002953
height,17047,32.827,MAC Field Scanner Field Plot 362 Season 2,FALSE,Maricopa,6000000272,6000002958
height,17047,33.488,MAC Field Scanner Field Plot 363 Season 2,FALSE,Maricopa,6000000272,6000002959
height,17047,34.149,MAC Field Scanner Field Plot 409 Season 2,FALSE,Maricopa,6000000283,6000003005
height,17047,34.149,MAC Field Scanner Field Plot 408 Season 2,FALSE,Maricopa,6000000283,6000003004
height,17048,33.488,MAC Field Scanner Field Plot 575 Season 2,FALSE,Maricopa,6000000287,6000003171
height,17048,32.827,MAC Field Scanner Field Plot 574 Season 2,FALSE,Maricopa,6000000287,6000003170
height,17047,33.488,MAC Field Scanner Field Plot 386 Season 2,FALSE,Maricopa,6000000308,6000002982
height,17047,34.149,MAC Field Scanner Field Plot 387 Season 2,FALSE,Maricopa,6000000308,6000002983
height,17047,32.827,MAC Field Scanner Field Plot 398 Season 2,FALSE,Maricopa,6000000310,6000002994
height,17047,33.488,MAC Field Scanner Field Plot 399 Season 2,FALSE,Maricopa,6000000310,6000002995
height,17048,34.149,MAC Field Scanner Field Plot 571 Season 2,FALSE,Maricopa,6000000241,6000003167
height,17048,32.827,MAC Field Scanner Field Plot 570 Season 2,FALSE,Maricopa,6000000241,6000003166
height,17047,33.488,MAC Field Scanner Field Plot 390 Season 2,FALSE,Maricopa,6000000318,6000002986
height,17047,34.149,MAC Field Scanner Field Plot 391 Season 2,FALSE,Maricopa,6000000318,6000002987
height,17048,32.827,MAC Field Scanner Field Plot 562 Season 2,FALSE,Maricopa,6000000376,6000003158
height,17047,33.488,MAC Field Scanner Field Plot 388 Season 2,FALSE,Maricopa,6000000378,6000002984
height,17047,33.488,MAC Field Scanner Field Plot 389 Season 2,FALSE,Maricopa,6000000378,6000002985
height,17047,34.149,MAC Field Scanner Field Plot 392 Season 2,FALSE,Maricopa,6000000388,6000002988
height,17047,34.149,MAC Field Scanner Field Plot 393 Season 2,FALSE,Maricopa,6000000388,6000002989
height,17047,32.827,MAC Field Scanner Field Plot 405 Season 2,FALSE,Maricopa,6000000250,6000003001
height,17047,33.488,MAC Field Scanner Field Plot 404 Season 2,FALSE,Maricopa,6000000250,6000003e3
height,17047,34.149,MAC Field Scanner Field Plot 415 Season 2,FALSE,Maricopa,6000000251,6000003011
height,17047,34.149,MAC Field Scanner Field Plot 414 Season 2,FALSE,Maricopa,6000000251,6000003010
height,17047,33.488,MAC Field Scanner Field Plot 411 Season 2,FALSE,Maricopa,6000000254,6000003007
height,17047,34.149,MAC Field Scanner Field Plot 410 Season 2,FALSE,Maricopa,6000000254,6000003006
height,17048,33.488,MAC Field Scanner Field Plot 578 Season 2,FALSE,Maricopa,6000000271,6000003174
height,17048,33.488,MAC Field Scanner Field Plot 579 Season 2,FALSE,Maricopa,6000000271,6000003175
height,17047,34.149,MAC Field Scanner Field Plot 413 Season 2,FALSE,Maricopa,6000000275,6000003009
height,17047,33.488,MAC Field Scanner Field Plot 412 Season 2,FALSE,Maricopa,6000000275,6000003008
height,17048,32.827,MAC Field Scanner Field Plot 565 Season 2,FALSE,Maricopa,6000000275,6000003161
height,17048,33.488,MAC Field Scanner Field Plot 564 Season 2,FALSE,Maricopa,6000000275,6000003160
height,17048,34.149,MAC Field Scanner Field Plot 589 Season 2,FALSE,Maricopa,6000000277,6000003185
height,17048,32.827,MAC Field Scanner Field Plot 601 Season 2,FALSE,Maricopa,6000000283,6000003197
height,17048,32.827,MAC Field Scanner Field Plot 600 Season 2,FALSE,Maricopa,6000000283,6000003196
height,17048,34.149,MAC Field Scanner Field Plot 614 Season 2,FALSE,Maricopa,6000000289,6000003210
height,17048,34.149,MAC Field Scanner Field Plot 615 Season 2,FALSE,Maricopa,6000000289,6000003211
height,17048,32.827,MAC Field Scanner Field Plot 637 Season 2,FALSE,Maricopa,6000000291,6000003233
height,17048,33.488,MAC Field Scanner Field Plot 636 Season 2,FALSE,Maricopa,6000000291,6000003232
height,17048,32.827,MAC Field Scanner Field Plot 627 Season 2,FALSE,Maricopa,6000000300,6000003223
height,17048,32.827,MAC Field Scanner Field Plot 626 Season 2,FALSE,Maricopa,6000000300,6000003222
height,17048,32.166,MAC Field Scanner Field Plot 605 Season 2,FALSE,Maricopa,6000000316,6000003201
height,17048,34.149,MAC Field Scanner Field Plot 604 Season 2,FALSE,Maricopa,6000000316,6000003200
height,17048,33.488,MAC Field Scanner Field Plot 584 Season 2,FALSE,Maricopa,6000000318,6000003180
height,17048,33.488,MAC Field Scanner Field Plot 585 Season 2,FALSE,Maricopa,6000000318,6000003181
height,17048,34.149,MAC Field Scanner Field Plot 629 Season 2,FALSE,Maricopa,6000000319,6000003225
height,17048,33.488,MAC Field Scanner Field Plot 628 Season 2,FALSE,Maricopa,6000000319,6000003224
height,17048,32.827,MAC Field Scanner Field Plot 595 Season 2,FALSE,Maricopa,6000000331,6000003191
height,17048,34.149,MAC Field Scanner Field Plot 594 Season 2,FALSE,Maricopa,6000000331,6000003190
height,17048,32.827,MAC Field Scanner Field Plot 607 Season 2,FALSE,Maricopa,6000000377,6000003203
height,17048,33.488,MAC Field Scanner Field Plot 606 Season 2,FALSE,Maricopa,6000000377,6000003202
height,17048,32.827,MAC Field Scanner Field Plot 631 Season 2,FALSE,Maricopa,6000000381,6000003227
height,17048,34.81,MAC Field Scanner Field Plot 630 Season 2,FALSE,Maricopa,6000000381,6000003226
height,17048,32.827,MAC Field Scanner Field Plot 633 Season 2,FALSE,Maricopa,6000000388,6000003229
height,17048,33.488,MAC Field Scanner Field Plot 632 Season 2,FALSE,Maricopa,6000000388,6000003228
height,17048,32.827,MAC Field Scanner Field Plot 597 Season 2,FALSE,Maricopa,6000000396,6000003193
height,17048,34.149,MAC Field Scanner Field Plot 596 Season 2,FALSE,Maricopa,6000000396,6000003192
height,17048,33.488,MAC Field Scanner Field Plot 620 Season 2,FALSE,Maricopa,6000000400,6000003216
height,17048,33.488,MAC Field Scanner Field Plot 621 Season 2,FALSE,Maricopa,6000000400,6000003217
height,17048,33.488,MAC Field Scanner Field Plot 635 Season 2,FALSE,Maricopa,6000000258,6000003231
height,17048,32.827,MAC Field Scanner Field Plot 634 Season 2,FALSE,Maricopa,6000000258,6000003230
height,17048,33.488,MAC Field Scanner Field Plot 622 Season 2,FALSE,Maricopa,6000000409,6000003218
height,17048,34.149,MAC Field Scanner Field Plot 623 Season 2,FALSE,Maricopa,6000000409,6000003219
height,17048,33.488,MAC Field Scanner Field Plot 618 Season 2,FALSE,Maricopa,6000000265,6000003214
height,17048,33.488,MAC Field Scanner Field Plot 654 Season 2,FALSE,Maricopa,6000000282,6000003250
height,17048,32.166,MAC Field Scanner Field Plot 655 Season 2,FALSE,Maricopa,6000000282,6000003251
height,17048,32.827,MAC Field Scanner Field Plot 642 Season 2,FALSE,Maricopa,6000000285,6000003238
height,17048,32.827,MAC Field Scanner Field Plot 643 Season 2,FALSE,Maricopa,6000000285,6000003239
height,17048,33.488,MAC Field Scanner Field Plot 678 Season 2,FALSE,Maricopa,6000000305,6000003274
height,17048,32.166,MAC Field Scanner Field Plot 679 Season 2,FALSE,Maricopa,6000000305,6000003275
height,17048,33.488,MAC Field Scanner Field Plot 682 Season 2,FALSE,Maricopa,6000000308,6000003278
height,17048,33.488,MAC Field Scanner Field Plot 683 Season 2,FALSE,Maricopa,6000000308,6000003279
height,17048,32.827,MAC Field Scanner Field Plot 674 Season 2,FALSE,Maricopa,6000000311,6000003270
height,17048,33.488,MAC Field Scanner Field Plot 675 Season 2,FALSE,Maricopa,6000000311,6000003271
height,17048,32.827,MAC Field Scanner Field Plot 686 Season 2,FALSE,Maricopa,6000000313,6000003282
height,17048,33.488,MAC Field Scanner Field Plot 687 Season 2,FALSE,Maricopa,6000000313,6000003283
height,17048,33.488,MAC Field Scanner Field Plot 695 Season 2,FALSE,Maricopa,6000000314,6000003291
height,17048,34.149,MAC Field Scanner Field Plot 694 Season 2,FALSE,Maricopa,6000000314,6000003290
height,17048,34.149,MAC Field Scanner Field Plot 665 Season 2,FALSE,Maricopa,6000000378,6000003261
height,17048,34.149,MAC Field Scanner Field Plot 664 Season 2,FALSE,Maricopa,6000000378,6000003260
height,17048,33.488,MAC Field Scanner Field Plot 667 Season 2,FALSE,Maricopa,6000000380,6000003263
height,17048,33.488,MAC Field Scanner Field Plot 666 Season 2,FALSE,Maricopa,6000000380,6000003262
height,17048,33.488,MAC Field Scanner Field Plot 693 Season 2,FALSE,Maricopa,6000000382,6000003289
height,17048,34.149,MAC Field Scanner Field Plot 692 Season 2,FALSE,Maricopa,6000000382,6000003288
height,17048,33.488,MAC Field Scanner Field Plot 644 Season 2,FALSE,Maricopa,6000000390,6000003240
height,17048,33.488,MAC Field Scanner Field Plot 645 Season 2,FALSE,Maricopa,6000000390,6000003241
height,17048,32.827,MAC Field Scanner Field Plot 659 Season 2,FALSE,Maricopa,6000000250,6000003255
height,17048,32.827,MAC Field Scanner Field Plot 658 Season 2,FALSE,Maricopa,6000000250,6000003254
height,17048,32.827,MAC Field Scanner Field Plot 661 Season 2,FALSE,Maricopa,6000000252,6000003257
height,17048,34.81,MAC Field Scanner Field Plot 660 Season 2,FALSE,Maricopa,6000000252,6000003256
height,17048,34.149,MAC Field Scanner Field Plot 663 Season 2,FALSE,Maricopa,6000000263,6000003259
height,17048,34.149,MAC Field Scanner Field Plot 662 Season 2,FALSE,Maricopa,6000000263,6000003258
height,17048,33.488,MAC Field Scanner Field Plot 652 Season 2,FALSE,Maricopa,6000000264,6000003248
height,17048,34.149,MAC Field Scanner Field Plot 702 Season 2,FALSE,Maricopa,6000000278,6000003298
height,17048,33.488,MAC Field Scanner Field Plot 712 Season 2,FALSE,Maricopa,6000000293,6000003308
height,17048,33.488,MAC Field Scanner Field Plot 713 Season 2,FALSE,Maricopa,6000000293,6000003309
height,17048,34.149,MAC Field Scanner Field Plot 742 Season 2,FALSE,Maricopa,6000000295,6000003338
height,17048,33.488,MAC Field Scanner Field Plot 743 Season 2,FALSE,Maricopa,6000000295,6000003339
height,17048,34.149,MAC Field Scanner Field Plot 710 Season 2,FALSE,Maricopa,6000000298,6000003306
height,17048,32.827,MAC Field Scanner Field Plot 711 Season 2,FALSE,Maricopa,6000000298,6000003307
height,17048,33.488,MAC Field Scanner Field Plot 725 Season 2,FALSE,Maricopa,6000000299,6000003321
height,17048,33.488,MAC Field Scanner Field Plot 724 Season 2,FALSE,Maricopa,6000000299,6000003320
height,17048,33.488,MAC Field Scanner Field Plot 718 Season 2,FALSE,Maricopa,6000000312,6000003314
height,17048,33.488,MAC Field Scanner Field Plot 719 Season 2,FALSE,Maricopa,6000000312,6000003315
height,17048,32.827,MAC Field Scanner Field Plot 703 Season 2,FALSE,Maricopa,6000000278,6000003299
height,17048,33.488,MAC Field Scanner Field Plot 714 Season 2,FALSE,Maricopa,6000000385,6000003310
height,17048,34.81,MAC Field Scanner Field Plot 715 Season 2,FALSE,Maricopa,6000000385,6000003311
height,17048,32.827,MAC Field Scanner Field Plot 701 Season 2,FALSE,Maricopa,6000000387,6000003297
height,17048,34.149,MAC Field Scanner Field Plot 700 Season 2,FALSE,Maricopa,6000000387,6000003296
height,17048,32.827,MAC Field Scanner Field Plot 735 Season 2,FALSE,Maricopa,6000000249,6000003331
height,17048,33.488,MAC Field Scanner Field Plot 734 Season 2,FALSE,Maricopa,6000000249,6000003330
height,17048,33.488,MAC Field Scanner Field Plot 740 Season 2,FALSE,Maricopa,6000000394,6000003336
height,17048,33.488,MAC Field Scanner Field Plot 741 Season 2,FALSE,Maricopa,6000000394,6000003337
height,17048,32.827,MAC Field Scanner Field Plot 729 Season 2,FALSE,Maricopa,6000000399,6000003325
height,17048,33.488,MAC Field Scanner Field Plot 728 Season 2,FALSE,Maricopa,6000000399,6000003324
height,17048,34.149,MAC Field Scanner Field Plot 727 Season 2,FALSE,Maricopa,6000000251,6000003323
height,17048,34.149,MAC Field Scanner Field Plot 726 Season 2,FALSE,Maricopa,6000000251,6000003322
height,17048,33.488,MAC Field Scanner Field Plot 708 Season 2,FALSE,Maricopa,6000000256,6000003304
height,17048,34.81,MAC Field Scanner Field Plot 795 Season 2,FALSE,Maricopa,6000000286,6000003391
height,17048,34.81,MAC Field Scanner Field Plot 794 Season 2,FALSE,Maricopa,6000000286,6000003390
height,17048,34.149,MAC Field Scanner Field Plot 765 Season 2,FALSE,Maricopa,6000000290,6000003361
height,17048,33.488,MAC Field Scanner Field Plot 764 Season 2,FALSE,Maricopa,6000000290,6000003360
height,17048,34.149,MAC Field Scanner Field Plot 802 Season 2,FALSE,Maricopa,6000000294,6000003398
height,17048,33.488,MAC Field Scanner Field Plot 803 Season 2,FALSE,Maricopa,6000000294,6000003399
height,17048,33.488,MAC Field Scanner Field Plot 787 Season 2,FALSE,Maricopa,6000000317,6000003383
height,17048,33.488,MAC Field Scanner Field Plot 786 Season 2,FALSE,Maricopa,6000000317,6000003382
height,17048,34.149,MAC Field Scanner Field Plot 791 Season 2,FALSE,Maricopa,6000000383,6000003387
height,17048,32.827,MAC Field Scanner Field Plot 790 Season 2,FALSE,Maricopa,6000000383,6000003386
height,17048,34.149,MAC Field Scanner Field Plot 799 Season 2,FALSE,Maricopa,6000000384,6000003395
height,17048,33.488,MAC Field Scanner Field Plot 798 Season 2,FALSE,Maricopa,6000000384,6000003394
height,17048,33.488,MAC Field Scanner Field Plot 804 Season 2,FALSE,Maricopa,6000000397,6000003400
height,17048,33.488,MAC Field Scanner Field Plot 805 Season 2,FALSE,Maricopa,6000000397,6000003401
height,17048,32.827,MAC Field Scanner Field Plot 759 Season 2,FALSE,Maricopa,6000000398,6000003355
height,17048,34.149,MAC Field Scanner Field Plot 758 Season 2,FALSE,Maricopa,6000000398,6000003354
height,17048,33.488,MAC Field Scanner Field Plot 797 Season 2,FALSE,Maricopa,6000000401,6000003393
height,17048,33.488,MAC Field Scanner Field Plot 796 Season 2,FALSE,Maricopa,6000000401,6000003392
height,17048,33.488,MAC Field Scanner Field Plot 757 Season 2,FALSE,Maricopa,6000000402,6000003353
height,17048,34.149,MAC Field Scanner Field Plot 756 Season 2,FALSE,Maricopa,6000000402,6000003352
height,17048,33.488,MAC Field Scanner Field Plot 755 Season 2,FALSE,Maricopa,6000000254,6000003351
height,17048,32.827,MAC Field Scanner Field Plot 754 Season 2,FALSE,Maricopa,6000000254,6000003350
height,17048,33.488,MAC Field Scanner Field Plot 770 Season 2,FALSE,Maricopa,6000000260,6000003366
height,17048,33.488,MAC Field Scanner Field Plot 771 Season 2,FALSE,Maricopa,6000000260,6000003367
height,17048,34.149,MAC Field Scanner Field Plot 761 Season 2,FALSE,Maricopa,6000000406,6000003357
height,17048,33.488,MAC Field Scanner Field Plot 760 Season 2,FALSE,Maricopa,6000000406,6000003356
height,17048,34.149,MAC Field Scanner Field Plot 827 Season 2,FALSE,Maricopa,6000000284,6000003423
height,17048,34.149,MAC Field Scanner Field Plot 826 Season 2,FALSE,Maricopa,6000000284,6000003422
height,17048,32.166,MAC Field Scanner Field Plot 812 Season 2,FALSE,Maricopa,6000000296,6000003408
height,17048,34.149,MAC Field Scanner Field Plot 813 Season 2,FALSE,Maricopa,6000000296,6000003409
height,17048,32.166,MAC Field Scanner Field Plot 829 Season 2,FALSE,Maricopa,6000000310,6000003425
height,17048,32.827,MAC Field Scanner Field Plot 828 Season 2,FALSE,Maricopa,6000000310,6000003424
height,17049,32.827,MAC Field Scanner Field Plot 28 Season 2,FALSE,Maricopa,6000000415,6000002624
height,17048,34.149,MAC Field Scanner Field Plot 810 Season 2,FALSE,Maricopa,6000000325,6000003406
height,17048,32.827,MAC Field Scanner Field Plot 811 Season 2,FALSE,Maricopa,6000000325,6000003407
height,17048,32.827,MAC Field Scanner Field Plot 814 Season 2,FALSE,Maricopa,6000000330,6000003410
height,17048,33.488,MAC Field Scanner Field Plot 815 Season 2,FALSE,Maricopa,6000000330,6000003411
height,17048,33.488,MAC Field Scanner Field Plot 825 Season 2,FALSE,Maricopa,6000000354,6000003421
height,17048,33.488,MAC Field Scanner Field Plot 824 Season 2,FALSE,Maricopa,6000000354,6000003420
height,17048,34.149,MAC Field Scanner Field Plot 823 Season 2,FALSE,Maricopa,6000000365,6000003419
height,17048,33.488,MAC Field Scanner Field Plot 822 Season 2,FALSE,Maricopa,6000000365,6000003418
height,17048,35.471,MAC Field Scanner Field Plot 831 Season 2,FALSE,Maricopa,6000000259,6000003427
height,17048,34.149,MAC Field Scanner Field Plot 830 Season 2,FALSE,Maricopa,6000000259,6000003426
height,17048,33.488,MAC Field Scanner Field Plot 806 Season 2,FALSE,Maricopa,6000000405,6000003402
height,17048,34.149,MAC Field Scanner Field Plot 807 Season 2,FALSE,Maricopa,6000000405,6000003403
height,17048,32.827,MAC Field Scanner Field Plot 821 Season 2,FALSE,Maricopa,6000000262,6000003417
height,17048,33.488,MAC Field Scanner Field Plot 820 Season 2,FALSE,Maricopa,6000000262,6000003416
height,17048,32.827,MAC Field Scanner Field Plot 808 Season 2,FALSE,Maricopa,6000000269,6000003404
height,17048,32.827,MAC Field Scanner Field Plot 809 Season 2,FALSE,Maricopa,6000000269,6000003405
height,17048,33.488,MAC Field Scanner Field Plot 819 Season 2,FALSE,Maricopa,6000000274,6000003415
height,17048,33.488,MAC Field Scanner Field Plot 818 Season 2,FALSE,Maricopa,6000000274,6000003414
height,17049,34.149,MAC Field Scanner Field Plot 78 Season 2,FALSE,Maricopa,6000000282,6000002674
height,17049,34.81,MAC Field Scanner Field Plot 79 Season 2,FALSE,Maricopa,6000000282,6000002675
height,17049,34.149,MAC Field Scanner Field Plot 72 Season 2,FALSE,Maricopa,6000000291,6000002668
height,17049,33.488,MAC Field Scanner Field Plot 73 Season 2,FALSE,Maricopa,6000000291,6000002669
height,17049,32.827,MAC Field Scanner Field Plot 44 Season 2,FALSE,Maricopa,6000000293,6000002640
height,17049,34.149,MAC Field Scanner Field Plot 45 Season 2,FALSE,Maricopa,6000000293,6000002641
height,17049,33.488,MAC Field Scanner Field Plot 55 Season 2,FALSE,Maricopa,6000000294,6000002651
height,17049,33.488,MAC Field Scanner Field Plot 54 Season 2,FALSE,Maricopa,6000000294,6000002650
height,17049,33.488,MAC Field Scanner Field Plot 70 Season 2,FALSE,Maricopa,6000000296,6000002666
height,17049,34.149,MAC Field Scanner Field Plot 71 Season 2,FALSE,Maricopa,6000000296,6000002667
height,17049,34.149,MAC Field Scanner Field Plot 63 Season 2,FALSE,Maricopa,6000000241,6000002659
height,17049,34.149,MAC Field Scanner Field Plot 62 Season 2,FALSE,Maricopa,6000000241,6000002658
height,17049,33.488,MAC Field Scanner Field Plot 35 Season 2,FALSE,Maricopa,6000000278,6000002631
height,17049,34.149,MAC Field Scanner Field Plot 57 Season 2,FALSE,Maricopa,6000000333,6000002653
height,17049,32.827,MAC Field Scanner Field Plot 42 Season 2,FALSE,Maricopa,6000000384,6000002638
height,17049,34.149,MAC Field Scanner Field Plot 43 Season 2,FALSE,Maricopa,6000000384,6000002639
height,17049,34.149,MAC Field Scanner Field Plot 83 Season 2,FALSE,Maricopa,6000000400,6000002679
height,17049,34.149,MAC Field Scanner Field Plot 82 Season 2,FALSE,Maricopa,6000000400,6000002678
height,17049,32.827,MAC Field Scanner Field Plot 53 Season 2,FALSE,Maricopa,6000000401,6000002649
height,17049,33.488,MAC Field Scanner Field Plot 52 Season 2,FALSE,Maricopa,6000000401,6000002648
height,17049,34.149,MAC Field Scanner Field Plot 66 Season 2,FALSE,Maricopa,6000000255,6000002662
height,17049,34.81,MAC Field Scanner Field Plot 67 Season 2,FALSE,Maricopa,6000000255,6000002663
height,17049,34.81,MAC Field Scanner Field Plot 74 Season 2,FALSE,Maricopa,6000000256,6000002670
height,17049,34.149,MAC Field Scanner Field Plot 75 Season 2,FALSE,Maricopa,6000000256,6000002671
height,17049,33.488,MAC Field Scanner Field Plot 46 Season 2,FALSE,Maricopa,6000000258,6000002642
height,17049,34.149,MAC Field Scanner Field Plot 47 Season 2,FALSE,Maricopa,6000000258,6000002643
height,17049,32.827,MAC Field Scanner Field Plot 76 Season 2,FALSE,Maricopa,6000000260,6000002672
height,17049,34.149,MAC Field Scanner Field Plot 121 Season 2,FALSE,Maricopa,6000000289,6000002717
height,17049,33.488,MAC Field Scanner Field Plot 120 Season 2,FALSE,Maricopa,6000000289,6000002716
height,17049,34.149,MAC Field Scanner Field Plot 98 Season 2,FALSE,Maricopa,6000000295,6000002694
height,17049,34.149,MAC Field Scanner Field Plot 99 Season 2,FALSE,Maricopa,6000000295,6000002695
height,17049,35.471,MAC Field Scanner Field Plot 87 Season 2,FALSE,Maricopa,6000000313,6000002683
height,17049,34.149,MAC Field Scanner Field Plot 86 Season 2,FALSE,Maricopa,6000000313,6000002682
height,17049,34.149,MAC Field Scanner Field Plot 108 Season 2,FALSE,Maricopa,6000000315,6000002704
height,17049,33.488,MAC Field Scanner Field Plot 109 Season 2,FALSE,Maricopa,6000000315,6000002705
height,17049,33.488,MAC Field Scanner Field Plot 119 Season 2,FALSE,Maricopa,6000000319,6000002715
height,17049,35.471,MAC Field Scanner Field Plot 118 Season 2,FALSE,Maricopa,6000000319,6000002714
height,17049,33.488,MAC Field Scanner Field Plot 123 Season 2,FALSE,Maricopa,6000000389,6000002719
height,17049,34.149,MAC Field Scanner Field Plot 122 Season 2,FALSE,Maricopa,6000000389,6000002718
height,17049,34.149,MAC Field Scanner Field Plot 127 Season 2,FALSE,Maricopa,6000000393,6000002723
height,17049,34.149,MAC Field Scanner Field Plot 126 Season 2,FALSE,Maricopa,6000000393,6000002722
height,17049,33.488,MAC Field Scanner Field Plot 106 Season 2,FALSE,Maricopa,6000000397,6000002702
height,17049,34.81,MAC Field Scanner Field Plot 107 Season 2,FALSE,Maricopa,6000000397,6000002703
height,17049,32.827,MAC Field Scanner Field Plot 132 Season 2,FALSE,Maricopa,6000000261,6000002728
height,17049,32.827,MAC Field Scanner Field Plot 133 Season 2,FALSE,Maricopa,6000000261,6000002729
height,17049,34.149,MAC Field Scanner Field Plot 102 Season 2,FALSE,Maricopa,6000000406,6000002698
height,17049,34.81,MAC Field Scanner Field Plot 103 Season 2,FALSE,Maricopa,6000000406,6000002699
height,17049,32.827,MAC Field Scanner Field Plot 100 Season 2,FALSE,Maricopa,6000000265,6000002696
height,17049,34.149,MAC Field Scanner Field Plot 101 Season 2,FALSE,Maricopa,6000000265,6000002697
height,17049,32.827,MAC Field Scanner Field Plot 138 Season 2,FALSE,Maricopa,6000000266,6000002734
height,17049,34.81,MAC Field Scanner Field Plot 139 Season 2,FALSE,Maricopa,6000000266,6000002735
height,17049,33.488,MAC Field Scanner Field Plot 110 Season 2,FALSE,Maricopa,6000000276,6000002706
height,17049,34.149,MAC Field Scanner Field Plot 111 Season 2,FALSE,Maricopa,6000000276,6000002707
height,17049,33.488,MAC Field Scanner Field Plot 91 Season 2,FALSE,Maricopa,6000000277,6000002687
height,17049,34.81,MAC Field Scanner Field Plot 90 Season 2,FALSE,Maricopa,6000000277,6000002686
height,17049,32.166,MAC Field Scanner Field Plot 172 Season 2,FALSE,Maricopa,6000000285,6000002768
height,17049,33.488,MAC Field Scanner Field Plot 173 Season 2,FALSE,Maricopa,6000000285,6000002769
height,17049,33.488,MAC Field Scanner Field Plot 166 Season 2,FALSE,Maricopa,6000000286,6000002762
height,17049,34.149,MAC Field Scanner Field Plot 167 Season 2,FALSE,Maricopa,6000000286,6000002763
height,17049,32.827,MAC Field Scanner Field Plot 189 Season 2,FALSE,Maricopa,6000000299,6000002785
height,17049,34.149,MAC Field Scanner Field Plot 188 Season 2,FALSE,Maricopa,6000000299,6000002784
height,17049,33.488,MAC Field Scanner Field Plot 164 Season 2,FALSE,Maricopa,6000000302,6000002760
height,17049,32.827,MAC Field Scanner Field Plot 165 Season 2,FALSE,Maricopa,6000000302,6000002761
height,17049,34.149,MAC Field Scanner Field Plot 187 Season 2,FALSE,Maricopa,6000000304,6000002783
height,17049,32.827,MAC Field Scanner Field Plot 186 Season 2,FALSE,Maricopa,6000000304,6000002782
height,17049,34.149,MAC Field Scanner Field Plot 140 Season 2,FALSE,Maricopa,6000000377,6000002736
height,17049,34.149,MAC Field Scanner Field Plot 141 Season 2,FALSE,Maricopa,6000000377,6000002737
height,17049,34.149,MAC Field Scanner Field Plot 181 Season 2,FALSE,Maricopa,6000000385,6000002777
height,17049,34.149,MAC Field Scanner Field Plot 180 Season 2,FALSE,Maricopa,6000000385,6000002776
height,17049,33.488,MAC Field Scanner Field Plot 149 Season 2,FALSE,Maricopa,6000000396,6000002745
height,17049,34.149,MAC Field Scanner Field Plot 148 Season 2,FALSE,Maricopa,6000000396,6000002744
height,17049,32.827,MAC Field Scanner Field Plot 162 Season 2,FALSE,Maricopa,6000000402,6000002758
height,17049,33.488,MAC Field Scanner Field Plot 163 Season 2,FALSE,Maricopa,6000000402,6000002759
height,17049,34.149,MAC Field Scanner Field Plot 151 Season 2,FALSE,Maricopa,6000000403,6000002747
height,17049,34.149,MAC Field Scanner Field Plot 150 Season 2,FALSE,Maricopa,6000000403,6000002746
height,17049,34.149,MAC Field Scanner Field Plot 142 Season 2,FALSE,Maricopa,6000000252,6000002738
height,17049,34.81,MAC Field Scanner Field Plot 143 Season 2,FALSE,Maricopa,6000000252,6000002739
height,17049,34.81,MAC Field Scanner Field Plot 170 Season 2,FALSE,Maricopa,6000000262,6000002766
height,17049,32.827,MAC Field Scanner Field Plot 232 Season 2,FALSE,Maricopa,6000000281,6000002828
height,17049,32.827,MAC Field Scanner Field Plot 233 Season 2,FALSE,Maricopa,6000000281,6000002829
height,17049,34.149,MAC Field Scanner Field Plot 198 Season 2,FALSE,Maricopa,6000000292,6000002794
height,17049,33.488,MAC Field Scanner Field Plot 199 Season 2,FALSE,Maricopa,6000000292,6000002795
height,17049,33.488,MAC Field Scanner Field Plot 249 Season 2,FALSE,Maricopa,6000000300,6000002845
height,17049,32.827,MAC Field Scanner Field Plot 248 Season 2,FALSE,Maricopa,6000000300,6000002844
height,17049,32.166,MAC Field Scanner Field Plot 221 Season 2,FALSE,Maricopa,6000000303,6000002817
height,17049,34.149,MAC Field Scanner Field Plot 220 Season 2,FALSE,Maricopa,6000000303,6000002816
height,17049,32.827,MAC Field Scanner Field Plot 247 Season 2,FALSE,Maricopa,6000000317,6000002843
height,17049,32.827,MAC Field Scanner Field Plot 246 Season 2,FALSE,Maricopa,6000000317,6000002842
height,17049,32.827,MAC Field Scanner Field Plot 245 Season 2,FALSE,Maricopa,6000000320,6000002841
height,17049,34.149,MAC Field Scanner Field Plot 244 Season 2,FALSE,Maricopa,6000000320,6000002840
height,17049,32.827,MAC Field Scanner Field Plot 196 Season 2,FALSE,Maricopa,6000000244,6000002792
height,17049,34.149,MAC Field Scanner Field Plot 197 Season 2,FALSE,Maricopa,6000000244,6000002793
height,17049,33.488,MAC Field Scanner Field Plot 228 Season 2,FALSE,Maricopa,6000000379,6000002824
height,17049,34.149,MAC Field Scanner Field Plot 229 Season 2,FALSE,Maricopa,6000000379,6000002825
height,17049,34.149,MAC Field Scanner Field Plot 230 Season 2,FALSE,Maricopa,6000000382,6000002826
height,17049,35.471,MAC Field Scanner Field Plot 231 Season 2,FALSE,Maricopa,6000000382,6000002827
height,17049,32.827,MAC Field Scanner Field Plot 217 Season 2,FALSE,Maricopa,6000000386,6000002813
height,17049,33.488,MAC Field Scanner Field Plot 216 Season 2,FALSE,Maricopa,6000000386,6000002812
height,17049,34.149,MAC Field Scanner Field Plot 202 Season 2,FALSE,Maricopa,6000000387,6000002798
height,17049,34.81,MAC Field Scanner Field Plot 203 Season 2,FALSE,Maricopa,6000000387,6000002799
height,17049,34.149,MAC Field Scanner Field Plot 213 Season 2,FALSE,Maricopa,6000000249,6000002809
height,17049,33.488,MAC Field Scanner Field Plot 212 Season 2,FALSE,Maricopa,6000000249,6000002808
height,17049,35.471,MAC Field Scanner Field Plot 215 Season 2,FALSE,Maricopa,6000000257,6000002811
height,17049,34.149,MAC Field Scanner Field Plot 214 Season 2,FALSE,Maricopa,6000000257,6000002810
height,17049,33.488,MAC Field Scanner Field Plot 211 Season 2,FALSE,Maricopa,6000000259,6000002807
height,17049,33.488,MAC Field Scanner Field Plot 210 Season 2,FALSE,Maricopa,6000000259,6000002806
height,17049,34.149,MAC Field Scanner Field Plot 234 Season 2,FALSE,Maricopa,6000000273,6000002830
height,17049,33.488,MAC Field Scanner Field Plot 235 Season 2,FALSE,Maricopa,6000000273,6000002831
height,17049,33.488,MAC Field Scanner Field Plot 268 Season 2,FALSE,Maricopa,6000000280,6000002864
height,17049,34.149,MAC Field Scanner Field Plot 269 Season 2,FALSE,Maricopa,6000000280,6000002865
height,17049,33.488,MAC Field Scanner Field Plot 302 Season 2,FALSE,Maricopa,6000000284,6000002898
height,17049,34.149,MAC Field Scanner Field Plot 303 Season 2,FALSE,Maricopa,6000000284,6000002899
height,17049,33.488,MAC Field Scanner Field Plot 262 Season 2,FALSE,Maricopa,6000000290,6000002858
height,17049,34.81,MAC Field Scanner Field Plot 263 Season 2,FALSE,Maricopa,6000000290,6000002859
height,17049,34.149,MAC Field Scanner Field Plot 264 Season 2,FALSE,Maricopa,6000000305,6000002860
height,17049,34.149,MAC Field Scanner Field Plot 265 Season 2,FALSE,Maricopa,6000000305,6000002861
height,17049,33.488,MAC Field Scanner Field Plot 307 Season 2,FALSE,Maricopa,6000000306,6000002903
height,17049,34.149,MAC Field Scanner Field Plot 306 Season 2,FALSE,Maricopa,6000000306,6000002902
height,17049,32.827,MAC Field Scanner Field Plot 266 Season 2,FALSE,Maricopa,6000000307,6000002862
height,17049,34.149,MAC Field Scanner Field Plot 267 Season 2,FALSE,Maricopa,6000000307,6000002863
height,17049,33.488,MAC Field Scanner Field Plot 290 Season 2,FALSE,Maricopa,6000000316,6000002886
height,17049,34.149,MAC Field Scanner Field Plot 291 Season 2,FALSE,Maricopa,6000000316,6000002887
height,17049,34.149,MAC Field Scanner Field Plot 281 Season 2,FALSE,Maricopa,6000000380,6000002877
height,17049,33.488,MAC Field Scanner Field Plot 280 Season 2,FALSE,Maricopa,6000000380,6000002876
height,17049,33.488,MAC Field Scanner Field Plot 296 Season 2,FALSE,Maricopa,6000000381,6000002892
height,17049,33.488,MAC Field Scanner Field Plot 297 Season 2,FALSE,Maricopa,6000000381,6000002893
height,17049,33.488,MAC Field Scanner Field Plot 279 Season 2,FALSE,Maricopa,6000000383,6000002875
height,17049,32.827,MAC Field Scanner Field Plot 278 Season 2,FALSE,Maricopa,6000000383,6000002874
height,17049,34.149,MAC Field Scanner Field Plot 260 Season 2,FALSE,Maricopa,6000000248,6000002856
height,17049,33.488,MAC Field Scanner Field Plot 261 Season 2,FALSE,Maricopa,6000000248,6000002857
height,17049,33.488,MAC Field Scanner Field Plot 270 Season 2,FALSE,Maricopa,6000000394,6000002866
height,17049,33.488,MAC Field Scanner Field Plot 271 Season 2,FALSE,Maricopa,6000000394,6000002867
height,17049,34.149,MAC Field Scanner Field Plot 298 Season 2,FALSE,Maricopa,6000000398,6000002894
height,17049,33.488,MAC Field Scanner Field Plot 299 Season 2,FALSE,Maricopa,6000000398,6000002895
height,17049,34.149,MAC Field Scanner Field Plot 283 Season 2,FALSE,Maricopa,6000000253,6000002879
height,17049,33.488,MAC Field Scanner Field Plot 282 Season 2,FALSE,Maricopa,6000000253,6000002878
height,17049,34.149,MAC Field Scanner Field Plot 314 Season 2,FALSE,Maricopa,6000000279,6000002910
height,17049,33.488,MAC Field Scanner Field Plot 345 Season 2,FALSE,Maricopa,6000000287,6000002941
height,17049,33.488,MAC Field Scanner Field Plot 344 Season 2,FALSE,Maricopa,6000000287,6000002940
height,17049,34.81,MAC Field Scanner Field Plot 358 Season 2,FALSE,Maricopa,6000000297,6000002954
height,17049,32.827,MAC Field Scanner Field Plot 359 Season 2,FALSE,Maricopa,6000000297,6000002955
height,17049,35.471,MAC Field Scanner Field Plot 326 Season 2,FALSE,Maricopa,6000000301,6000002922
height,17049,34.149,MAC Field Scanner Field Plot 327 Season 2,FALSE,Maricopa,6000000301,6000002923
height,17049,34.149,MAC Field Scanner Field Plot 351 Season 2,FALSE,Maricopa,6000000309,6000002947
height,17049,34.149,MAC Field Scanner Field Plot 350 Season 2,FALSE,Maricopa,6000000309,6000002946
height,17049,34.149,MAC Field Scanner Field Plot 347 Season 2,FALSE,Maricopa,6000000311,6000002943
height,17049,33.488,MAC Field Scanner Field Plot 346 Season 2,FALSE,Maricopa,6000000311,6000002942
height,17049,32.827,MAC Field Scanner Field Plot 309 Season 2,FALSE,Maricopa,6000000390,6000002905
height,17049,33.488,MAC Field Scanner Field Plot 308 Season 2,FALSE,Maricopa,6000000390,6000002904
height,17049,34.149,MAC Field Scanner Field Plot 319 Season 2,FALSE,Maricopa,6000000395,6000002915
height,17049,33.488,MAC Field Scanner Field Plot 318 Season 2,FALSE,Maricopa,6000000395,6000002914
height,17049,32.827,MAC Field Scanner Field Plot 324 Season 2,FALSE,Maricopa,6000000399,6000002920
height,17049,35.471,MAC Field Scanner Field Plot 325 Season 2,FALSE,Maricopa,6000000399,6000002921
height,17049,33.488,MAC Field Scanner Field Plot 360 Season 2,FALSE,Maricopa,6000000405,6000002956
height,17049,32.827,MAC Field Scanner Field Plot 361 Season 2,FALSE,Maricopa,6000000405,6000002957
height,17049,34.149,MAC Field Scanner Field Plot 322 Season 2,FALSE,Maricopa,6000000408,6000002918
height,17049,34.149,MAC Field Scanner Field Plot 323 Season 2,FALSE,Maricopa,6000000408,6000002919
height,17049,33.488,MAC Field Scanner Field Plot 343 Season 2,FALSE,Maricopa,6000000409,6000002939
height,17049,32.827,MAC Field Scanner Field Plot 342 Season 2,FALSE,Maricopa,6000000409,6000002938
height,17049,33.488,MAC Field Scanner Field Plot 328 Season 2,FALSE,Maricopa,6000000269,6000002924
height,17049,32.827,MAC Field Scanner Field Plot 329 Season 2,FALSE,Maricopa,6000000269,6000002925
height,17049,32.827,MAC Field Scanner Field Plot 356 Season 2,FALSE,Maricopa,6000000271,6000002952
height,17049,34.81,MAC Field Scanner Field Plot 357 Season 2,FALSE,Maricopa,6000000271,6000002953
height,17049,34.149,MAC Field Scanner Field Plot 409 Season 2,FALSE,Maricopa,6000000283,6000003005
height,17049,33.488,MAC Field Scanner Field Plot 408 Season 2,FALSE,Maricopa,6000000283,6000003004
height,17049,33.488,MAC Field Scanner Field Plot 379 Season 2,FALSE,Maricopa,6000000288,6000002975
height,17049,33.488,MAC Field Scanner Field Plot 378 Season 2,FALSE,Maricopa,6000000288,6000002974
height,17049,34.149,MAC Field Scanner Field Plot 386 Season 2,FALSE,Maricopa,6000000308,6000002982
height,17049,34.149,MAC Field Scanner Field Plot 387 Season 2,FALSE,Maricopa,6000000308,6000002983
height,17049,32.827,MAC Field Scanner Field Plot 398 Season 2,FALSE,Maricopa,6000000310,6000002994
height,17049,33.488,MAC Field Scanner Field Plot 399 Season 2,FALSE,Maricopa,6000000310,6000002995
height,17049,34.149,MAC Field Scanner Field Plot 383 Season 2,FALSE,Maricopa,6000000312,6000002979
height,17049,34.149,MAC Field Scanner Field Plot 382 Season 2,FALSE,Maricopa,6000000312,6000002978
height,17049,33.488,MAC Field Scanner Field Plot 390 Season 2,FALSE,Maricopa,6000000318,6000002986
height,17049,34.81,MAC Field Scanner Field Plot 391 Season 2,FALSE,Maricopa,6000000318,6000002987
height,17049,33.488,MAC Field Scanner Field Plot 388 Season 2,FALSE,Maricopa,6000000378,6000002984
height,17049,33.488,MAC Field Scanner Field Plot 389 Season 2,FALSE,Maricopa,6000000378,6000002985
height,17049,34.149,MAC Field Scanner Field Plot 392 Season 2,FALSE,Maricopa,6000000388,6000002988
height,17049,34.149,MAC Field Scanner Field Plot 393 Season 2,FALSE,Maricopa,6000000388,6000002989
height,17049,32.827,MAC Field Scanner Field Plot 405 Season 2,FALSE,Maricopa,6000000250,6000003001
height,17049,34.149,MAC Field Scanner Field Plot 404 Season 2,FALSE,Maricopa,6000000250,6000003e3
height,17049,32.827,MAC Field Scanner Field Plot 371 Season 2,FALSE,Maricopa,6000000412,6000002967
height,17049,33.488,MAC Field Scanner Field Plot 370 Season 2,FALSE,Maricopa,6000000412,6000002966
height,17049,34.81,MAC Field Scanner Field Plot 415 Season 2,FALSE,Maricopa,6000000251,6000003011
height,17049,34.81,MAC Field Scanner Field Plot 414 Season 2,FALSE,Maricopa,6000000251,6000003010
height,17049,33.488,MAC Field Scanner Field Plot 411 Season 2,FALSE,Maricopa,6000000254,6000003007
height,17049,34.81,MAC Field Scanner Field Plot 410 Season 2,FALSE,Maricopa,6000000254,6000003006
height,17049,33.488,MAC Field Scanner Field Plot 364 Season 2,FALSE,Maricopa,6000000407,6000002960
height,17049,33.488,MAC Field Scanner Field Plot 365 Season 2,FALSE,Maricopa,6000000407,6000002961
height,17049,32.827,MAC Field Scanner Field Plot 362 Season 2,FALSE,Maricopa,6000000272,6000002958
height,17049,33.488,MAC Field Scanner Field Plot 363 Season 2,FALSE,Maricopa,6000000272,6000002959
height,17049,34.149,MAC Field Scanner Field Plot 413 Season 2,FALSE,Maricopa,6000000275,6000003009
height,17049,34.149,MAC Field Scanner Field Plot 454 Season 2,FALSE,Maricopa,6000000288,6000003050
height,17049,32.827,MAC Field Scanner Field Plot 455 Season 2,FALSE,Maricopa,6000000288,6000003051
height,17049,36.132,MAC Field Scanner Field Plot 418 Season 2,FALSE,Maricopa,6000000298,6000003014
height,17049,36.132,MAC Field Scanner Field Plot 419 Season 2,FALSE,Maricopa,6000000298,6000003015
height,17049,34.149,MAC Field Scanner Field Plot 443 Season 2,FALSE,Maricopa,6000000302,6000003039
height,17049,32.827,MAC Field Scanner Field Plot 442 Season 2,FALSE,Maricopa,6000000302,6000003038
height,17049,33.488,MAC Field Scanner Field Plot 467 Season 2,FALSE,Maricopa,6000000304,6000003063
height,17049,34.149,MAC Field Scanner Field Plot 466 Season 2,FALSE,Maricopa,6000000304,6000003062
height,17049,34.149,MAC Field Scanner Field Plot 469 Season 2,FALSE,Maricopa,6000000306,6000003065
height,17049,33.488,MAC Field Scanner Field Plot 468 Season 2,FALSE,Maricopa,6000000306,6000003064
height,17049,32.827,MAC Field Scanner Field Plot 437 Season 2,FALSE,Maricopa,6000000309,6000003033
height,17049,33.488,MAC Field Scanner Field Plot 436 Season 2,FALSE,Maricopa,6000000309,6000003032
height,17049,34.149,MAC Field Scanner Field Plot 424 Season 2,FALSE,Maricopa,6000000314,6000003020
height,17049,34.81,MAC Field Scanner Field Plot 425 Season 2,FALSE,Maricopa,6000000314,6000003021
height,17049,33.488,MAC Field Scanner Field Plot 458 Season 2,FALSE,Maricopa,6000000389,6000003054
height,17049,33.488,MAC Field Scanner Field Plot 459 Season 2,FALSE,Maricopa,6000000389,6000003055
height,17049,32.827,MAC Field Scanner Field Plot 430 Season 2,FALSE,Maricopa,6000000391,6000003026
height,17049,32.827,MAC Field Scanner Field Plot 431 Season 2,FALSE,Maricopa,6000000391,6000003027
height,17049,33.488,MAC Field Scanner Field Plot 426 Season 2,FALSE,Maricopa,6000000392,6000003022
height,17049,34.149,MAC Field Scanner Field Plot 427 Season 2,FALSE,Maricopa,6000000392,6000003023
height,17049,34.149,MAC Field Scanner Field Plot 441 Season 2,FALSE,Maricopa,6000000403,6000003037
height,17049,34.149,MAC Field Scanner Field Plot 440 Season 2,FALSE,Maricopa,6000000403,6000003036
height,17049,32.827,MAC Field Scanner Field Plot 428 Season 2,FALSE,Maricopa,6000000264,6000003024
height,17049,34.81,MAC Field Scanner Field Plot 429 Season 2,FALSE,Maricopa,6000000264,6000003025
height,17049,33.488,MAC Field Scanner Field Plot 462 Season 2,FALSE,Maricopa,6000000266,6000003058
height,17049,34.149,MAC Field Scanner Field Plot 463 Season 2,FALSE,Maricopa,6000000266,6000003059
height,17049,34.149,MAC Field Scanner Field Plot 420 Season 2,FALSE,Maricopa,6000000267,6000003016
height,17049,34.149,MAC Field Scanner Field Plot 421 Season 2,FALSE,Maricopa,6000000267,6000003017
height,17049,35.471,MAC Field Scanner Field Plot 447 Season 2,FALSE,Maricopa,6000000276,6000003043
height,17049,35.471,MAC Field Scanner Field Plot 446 Season 2,FALSE,Maricopa,6000000276,6000003042
height,17049,33.488,MAC Field Scanner Field Plot 518 Season 2,FALSE,Maricopa,6000000279,6000003114
height,17049,34.81,MAC Field Scanner Field Plot 519 Season 2,FALSE,Maricopa,6000000279,6000003115
height,17049,34.81,MAC Field Scanner Field Plot 479 Season 2,FALSE,Maricopa,6000000280,6000003075
height,17049,34.149,MAC Field Scanner Field Plot 478 Season 2,FALSE,Maricopa,6000000280,6000003074
height,17049,33.488,MAC Field Scanner Field Plot 507 Season 2,FALSE,Maricopa,6000000281,6000003103
height,17049,34.81,MAC Field Scanner Field Plot 506 Season 2,FALSE,Maricopa,6000000281,6000003102
height,17049,34.149,MAC Field Scanner Field Plot 505 Season 2,FALSE,Maricopa,6000000297,6000003101
height,17049,34.149,MAC Field Scanner Field Plot 504 Season 2,FALSE,Maricopa,6000000297,6000003100
height,17049,33.488,MAC Field Scanner Field Plot 520 Season 2,FALSE,Maricopa,6000000301,6000003116
height,17049,33.488,MAC Field Scanner Field Plot 521 Season 2,FALSE,Maricopa,6000000301,6000003117
height,17049,34.149,MAC Field Scanner Field Plot 488 Season 2,FALSE,Maricopa,6000000307,6000003084
height,17049,34.149,MAC Field Scanner Field Plot 489 Season 2,FALSE,Maricopa,6000000307,6000003085
height,17049,33.488,MAC Field Scanner Field Plot 516 Season 2,FALSE,Maricopa,6000000315,6000003112
height,17049,33.488,MAC Field Scanner Field Plot 517 Season 2,FALSE,Maricopa,6000000315,6000003113
height,17049,33.488,MAC Field Scanner Field Plot 503 Season 2,FALSE,Maricopa,6000000386,6000003099
height,17049,34.149,MAC Field Scanner Field Plot 502 Season 2,FALSE,Maricopa,6000000386,6000003098
height,17049,34.149,MAC Field Scanner Field Plot 486 Season 2,FALSE,Maricopa,6000000391,6000003082
height,17049,34.149,MAC Field Scanner Field Plot 487 Season 2,FALSE,Maricopa,6000000391,6000003083
height,17049,33.488,MAC Field Scanner Field Plot 492 Season 2,FALSE,Maricopa,6000000393,6000003088
height,17049,33.488,MAC Field Scanner Field Plot 493 Season 2,FALSE,Maricopa,6000000393,6000003089
height,17049,34.149,MAC Field Scanner Field Plot 509 Season 2,FALSE,Maricopa,6000000395,6000003105
height,17049,33.488,MAC Field Scanner Field Plot 508 Season 2,FALSE,Maricopa,6000000395,6000003104
height,17049,33.488,MAC Field Scanner Field Plot 494 Season 2,FALSE,Maricopa,6000000412,6000003090
height,17049,33.488,MAC Field Scanner Field Plot 495 Season 2,FALSE,Maricopa,6000000412,6000003091
height,17049,32.827,MAC Field Scanner Field Plot 499 Season 2,FALSE,Maricopa,6000000253,6000003095
height,17049,32.827,MAC Field Scanner Field Plot 498 Season 2,FALSE,Maricopa,6000000253,6000003094
height,17049,34.81,MAC Field Scanner Field Plot 482 Season 2,FALSE,Maricopa,6000000407,6000003078
height,17049,34.149,MAC Field Scanner Field Plot 575 Season 2,FALSE,Maricopa,6000000287,6000003171
height,17049,33.488,MAC Field Scanner Field Plot 574 Season 2,FALSE,Maricopa,6000000287,6000003170
height,17049,33.488,MAC Field Scanner Field Plot 548 Season 2,FALSE,Maricopa,6000000292,6000003144
height,17049,34.149,MAC Field Scanner Field Plot 549 Season 2,FALSE,Maricopa,6000000292,6000003145
height,17049,34.81,MAC Field Scanner Field Plot 550 Season 2,FALSE,Maricopa,6000000303,6000003146
height,17049,32.827,MAC Field Scanner Field Plot 551 Season 2,FALSE,Maricopa,6000000303,6000003147
height,17049,34.149,MAC Field Scanner Field Plot 571 Season 2,FALSE,Maricopa,6000000241,6000003167
height,17049,33.488,MAC Field Scanner Field Plot 570 Season 2,FALSE,Maricopa,6000000241,6000003166
height,17049,34.149,MAC Field Scanner Field Plot 539 Season 2,FALSE,Maricopa,6000000320,6000003135
height,17049,32.827,MAC Field Scanner Field Plot 538 Season 2,FALSE,Maricopa,6000000320,6000003134
height,17049,34.149,MAC Field Scanner Field Plot 562 Season 2,FALSE,Maricopa,6000000376,6000003158
height,17049,32.827,MAC Field Scanner Field Plot 556 Season 2,FALSE,Maricopa,6000000379,6000003152
height,17049,34.149,MAC Field Scanner Field Plot 557 Season 2,FALSE,Maricopa,6000000379,6000003153
height,17049,34.149,MAC Field Scanner Field Plot 558 Season 2,FALSE,Maricopa,6000000248,6000003154
height,17049,34.149,MAC Field Scanner Field Plot 559 Season 2,FALSE,Maricopa,6000000248,6000003155
height,17049,33.488,MAC Field Scanner Field Plot 543 Season 2,FALSE,Maricopa,6000000392,6000003139
height,17049,34.149,MAC Field Scanner Field Plot 542 Season 2,FALSE,Maricopa,6000000392,6000003138
height,17049,32.827,MAC Field Scanner Field Plot 554 Season 2,FALSE,Maricopa,6000000255,6000003150
height,17049,33.488,MAC Field Scanner Field Plot 555 Season 2,FALSE,Maricopa,6000000255,6000003151
height,17049,34.149,MAC Field Scanner Field Plot 533 Season 2,FALSE,Maricopa,6000000410,6000003129
height,17049,34.149,MAC Field Scanner Field Plot 532 Season 2,FALSE,Maricopa,6000000410,6000003128
height,17049,33.488,MAC Field Scanner Field Plot 578 Season 2,FALSE,Maricopa,6000000271,6000003174
height,17049,34.149,MAC Field Scanner Field Plot 579 Season 2,FALSE,Maricopa,6000000271,6000003175
height,17049,32.827,MAC Field Scanner Field Plot 565 Season 2,FALSE,Maricopa,6000000275,6000003161
height,17049,34.149,MAC Field Scanner Field Plot 564 Season 2,FALSE,Maricopa,6000000275,6000003160
height,17049,34.149,MAC Field Scanner Field Plot 589 Season 2,FALSE,Maricopa,6000000277,6000003185
height,17049,32.827,MAC Field Scanner Field Plot 601 Season 2,FALSE,Maricopa,6000000283,6000003197
height,17049,33.488,MAC Field Scanner Field Plot 600 Season 2,FALSE,Maricopa,6000000283,6000003196
height,17049,34.149,MAC Field Scanner Field Plot 614 Season 2,FALSE,Maricopa,6000000289,6000003210
height,17049,34.149,MAC Field Scanner Field Plot 615 Season 2,FALSE,Maricopa,6000000289,6000003211
height,17049,32.166,MAC Field Scanner Field Plot 637 Season 2,FALSE,Maricopa,6000000291,6000003233
height,17049,33.488,MAC Field Scanner Field Plot 636 Season 2,FALSE,Maricopa,6000000291,6000003232
height,17049,33.488,MAC Field Scanner Field Plot 627 Season 2,FALSE,Maricopa,6000000300,6000003223
height,17049,32.166,MAC Field Scanner Field Plot 626 Season 2,FALSE,Maricopa,6000000300,6000003222
height,17049,32.166,MAC Field Scanner Field Plot 605 Season 2,FALSE,Maricopa,6000000316,6000003201
height,17049,34.149,MAC Field Scanner Field Plot 604 Season 2,FALSE,Maricopa,6000000316,6000003200
height,17049,33.488,MAC Field Scanner Field Plot 584 Season 2,FALSE,Maricopa,6000000318,6000003180
height,17049,33.488,MAC Field Scanner Field Plot 585 Season 2,FALSE,Maricopa,6000000318,6000003181
height,17049,33.488,MAC Field Scanner Field Plot 629 Season 2,FALSE,Maricopa,6000000319,6000003225
height,17049,33.488,MAC Field Scanner Field Plot 628 Season 2,FALSE,Maricopa,6000000319,6000003224
height,17049,32.827,MAC Field Scanner Field Plot 595 Season 2,FALSE,Maricopa,6000000331,6000003191
height,17049,34.149,MAC Field Scanner Field Plot 594 Season 2,FALSE,Maricopa,6000000331,6000003190
height,17049,32.827,MAC Field Scanner Field Plot 607 Season 2,FALSE,Maricopa,6000000377,6000003203
height,17049,33.488,MAC Field Scanner Field Plot 606 Season 2,FALSE,Maricopa,6000000377,6000003202
height,17049,32.827,MAC Field Scanner Field Plot 631 Season 2,FALSE,Maricopa,6000000381,6000003227
height,17049,35.471,MAC Field Scanner Field Plot 630 Season 2,FALSE,Maricopa,6000000381,6000003226
height,17049,32.827,MAC Field Scanner Field Plot 633 Season 2,FALSE,Maricopa,6000000388,6000003229
height,17049,34.149,MAC Field Scanner Field Plot 632 Season 2,FALSE,Maricopa,6000000388,6000003228
height,17049,32.827,MAC Field Scanner Field Plot 597 Season 2,FALSE,Maricopa,6000000396,6000003193
height,17049,34.149,MAC Field Scanner Field Plot 596 Season 2,FALSE,Maricopa,6000000396,6000003192
height,17049,32.827,MAC Field Scanner Field Plot 620 Season 2,FALSE,Maricopa,6000000400,6000003216
height,17049,33.488,MAC Field Scanner Field Plot 621 Season 2,FALSE,Maricopa,6000000400,6000003217
height,17049,34.149,MAC Field Scanner Field Plot 635 Season 2,FALSE,Maricopa,6000000258,6000003231
height,17049,32.827,MAC Field Scanner Field Plot 634 Season 2,FALSE,Maricopa,6000000258,6000003230
height,17049,34.149,MAC Field Scanner Field Plot 622 Season 2,FALSE,Maricopa,6000000409,6000003218
height,17049,33.488,MAC Field Scanner Field Plot 623 Season 2,FALSE,Maricopa,6000000409,6000003219
height,17049,33.488,MAC Field Scanner Field Plot 618 Season 2,FALSE,Maricopa,6000000265,6000003214
height,17049,32.827,MAC Field Scanner Field Plot 654 Season 2,FALSE,Maricopa,6000000282,6000003250
height,17049,32.827,MAC Field Scanner Field Plot 655 Season 2,FALSE,Maricopa,6000000282,6000003251
height,17049,32.827,MAC Field Scanner Field Plot 642 Season 2,FALSE,Maricopa,6000000285,6000003238
height,17049,33.488,MAC Field Scanner Field Plot 643 Season 2,FALSE,Maricopa,6000000285,6000003239
height,17049,34.149,MAC Field Scanner Field Plot 678 Season 2,FALSE,Maricopa,6000000305,6000003274
height,17049,32.166,MAC Field Scanner Field Plot 679 Season 2,FALSE,Maricopa,6000000305,6000003275
height,17049,34.149,MAC Field Scanner Field Plot 682 Season 2,FALSE,Maricopa,6000000308,6000003278
height,17049,33.488,MAC Field Scanner Field Plot 683 Season 2,FALSE,Maricopa,6000000308,6000003279
height,17049,32.827,MAC Field Scanner Field Plot 674 Season 2,FALSE,Maricopa,6000000311,6000003270
height,17049,34.149,MAC Field Scanner Field Plot 675 Season 2,FALSE,Maricopa,6000000311,6000003271
height,17049,32.827,MAC Field Scanner Field Plot 686 Season 2,FALSE,Maricopa,6000000313,6000003282
height,17049,33.488,MAC Field Scanner Field Plot 687 Season 2,FALSE,Maricopa,6000000313,6000003283
height,17049,33.488,MAC Field Scanner Field Plot 695 Season 2,FALSE,Maricopa,6000000314,6000003291
height,17049,34.149,MAC Field Scanner Field Plot 694 Season 2,FALSE,Maricopa,6000000314,6000003290
height,17049,34.149,MAC Field Scanner Field Plot 665 Season 2,FALSE,Maricopa,6000000378,6000003261
height,17049,34.149,MAC Field Scanner Field Plot 664 Season 2,FALSE,Maricopa,6000000378,6000003260
height,17049,33.488,MAC Field Scanner Field Plot 667 Season 2,FALSE,Maricopa,6000000380,6000003263
height,17049,34.149,MAC Field Scanner Field Plot 666 Season 2,FALSE,Maricopa,6000000380,6000003262
height,17049,33.488,MAC Field Scanner Field Plot 693 Season 2,FALSE,Maricopa,6000000382,6000003289
height,17049,34.149,MAC Field Scanner Field Plot 692 Season 2,FALSE,Maricopa,6000000382,6000003288
height,17049,33.488,MAC Field Scanner Field Plot 644 Season 2,FALSE,Maricopa,6000000390,6000003240
height,17049,32.827,MAC Field Scanner Field Plot 645 Season 2,FALSE,Maricopa,6000000390,6000003241
height,17049,32.827,MAC Field Scanner Field Plot 659 Season 2,FALSE,Maricopa,6000000250,6000003255
height,17049,32.827,MAC Field Scanner Field Plot 658 Season 2,FALSE,Maricopa,6000000250,6000003254
height,17049,32.827,MAC Field Scanner Field Plot 661 Season 2,FALSE,Maricopa,6000000252,6000003257
height,17049,34.149,MAC Field Scanner Field Plot 660 Season 2,FALSE,Maricopa,6000000252,6000003256
height,17049,34.149,MAC Field Scanner Field Plot 663 Season 2,FALSE,Maricopa,6000000263,6000003259
height,17049,34.81,MAC Field Scanner Field Plot 662 Season 2,FALSE,Maricopa,6000000263,6000003258
height,17049,33.488,MAC Field Scanner Field Plot 652 Season 2,FALSE,Maricopa,6000000264,6000003248
height,17049,33.488,MAC Field Scanner Field Plot 702 Season 2,FALSE,Maricopa,6000000278,6000003298
height,17049,33.488,MAC Field Scanner Field Plot 712 Season 2,FALSE,Maricopa,6000000293,6000003308
height,17049,34.149,MAC Field Scanner Field Plot 713 Season 2,FALSE,Maricopa,6000000293,6000003309
height,17049,34.81,MAC Field Scanner Field Plot 742 Season 2,FALSE,Maricopa,6000000295,6000003338
height,17049,33.488,MAC Field Scanner Field Plot 743 Season 2,FALSE,Maricopa,6000000295,6000003339
height,17049,34.149,MAC Field Scanner Field Plot 710 Season 2,FALSE,Maricopa,6000000298,6000003306
height,17049,32.827,MAC Field Scanner Field Plot 711 Season 2,FALSE,Maricopa,6000000298,6000003307
height,17049,34.149,MAC Field Scanner Field Plot 725 Season 2,FALSE,Maricopa,6000000299,6000003321
height,17049,34.149,MAC Field Scanner Field Plot 724 Season 2,FALSE,Maricopa,6000000299,6000003320
height,17049,34.149,MAC Field Scanner Field Plot 718 Season 2,FALSE,Maricopa,6000000312,6000003314
height,17049,33.488,MAC Field Scanner Field Plot 719 Season 2,FALSE,Maricopa,6000000312,6000003315
height,17049,32.827,MAC Field Scanner Field Plot 703 Season 2,FALSE,Maricopa,6000000278,6000003299
height,17049,33.488,MAC Field Scanner Field Plot 714 Season 2,FALSE,Maricopa,6000000385,6000003310
height,17049,34.81,MAC Field Scanner Field Plot 715 Season 2,FALSE,Maricopa,6000000385,6000003311
height,17049,32.827,MAC Field Scanner Field Plot 701 Season 2,FALSE,Maricopa,6000000387,6000003297
height,17049,34.149,MAC Field Scanner Field Plot 700 Season 2,FALSE,Maricopa,6000000387,6000003296
height,17049,33.488,MAC Field Scanner Field Plot 735 Season 2,FALSE,Maricopa,6000000249,6000003331
height,17049,33.488,MAC Field Scanner Field Plot 734 Season 2,FALSE,Maricopa,6000000249,6000003330
height,17049,34.149,MAC Field Scanner Field Plot 740 Season 2,FALSE,Maricopa,6000000394,6000003336
height,17049,33.488,MAC Field Scanner Field Plot 741 Season 2,FALSE,Maricopa,6000000394,6000003337
height,17049,32.827,MAC Field Scanner Field Plot 729 Season 2,FALSE,Maricopa,6000000399,6000003325
height,17049,33.488,MAC Field Scanner Field Plot 728 Season 2,FALSE,Maricopa,6000000399,6000003324
height,17049,34.149,MAC Field Scanner Field Plot 727 Season 2,FALSE,Maricopa,6000000251,6000003323
height,17049,34.81,MAC Field Scanner Field Plot 726 Season 2,FALSE,Maricopa,6000000251,6000003322
height,17049,33.488,MAC Field Scanner Field Plot 708 Season 2,FALSE,Maricopa,6000000256,6000003304
height,17049,35.471,MAC Field Scanner Field Plot 795 Season 2,FALSE,Maricopa,6000000286,6000003391
height,17049,34.149,MAC Field Scanner Field Plot 794 Season 2,FALSE,Maricopa,6000000286,6000003390
height,17049,34.149,MAC Field Scanner Field Plot 765 Season 2,FALSE,Maricopa,6000000290,6000003361
height,17049,33.488,MAC Field Scanner Field Plot 764 Season 2,FALSE,Maricopa,6000000290,6000003360
height,17049,34.149,MAC Field Scanner Field Plot 802 Season 2,FALSE,Maricopa,6000000294,6000003398
height,17049,33.488,MAC Field Scanner Field Plot 803 Season 2,FALSE,Maricopa,6000000294,6000003399
height,17049,34.149,MAC Field Scanner Field Plot 787 Season 2,FALSE,Maricopa,6000000317,6000003383
height,17049,32.827,MAC Field Scanner Field Plot 786 Season 2,FALSE,Maricopa,6000000317,6000003382
height,17049,34.149,MAC Field Scanner Field Plot 791 Season 2,FALSE,Maricopa,6000000383,6000003387
height,17049,32.827,MAC Field Scanner Field Plot 790 Season 2,FALSE,Maricopa,6000000383,6000003386
height,17049,33.488,MAC Field Scanner Field Plot 799 Season 2,FALSE,Maricopa,6000000384,6000003395
height,17049,32.827,MAC Field Scanner Field Plot 798 Season 2,FALSE,Maricopa,6000000384,6000003394
height,17049,33.488,MAC Field Scanner Field Plot 804 Season 2,FALSE,Maricopa,6000000397,6000003400
height,17049,34.149,MAC Field Scanner Field Plot 805 Season 2,FALSE,Maricopa,6000000397,6000003401
height,17049,32.827,MAC Field Scanner Field Plot 759 Season 2,FALSE,Maricopa,6000000398,6000003355
height,17049,34.149,MAC Field Scanner Field Plot 758 Season 2,FALSE,Maricopa,6000000398,6000003354
height,17049,33.488,MAC Field Scanner Field Plot 797 Season 2,FALSE,Maricopa,6000000401,6000003393
height,17049,32.827,MAC Field Scanner Field Plot 796 Season 2,FALSE,Maricopa,6000000401,6000003392
height,17049,33.488,MAC Field Scanner Field Plot 757 Season 2,FALSE,Maricopa,6000000402,6000003353
height,17049,33.488,MAC Field Scanner Field Plot 756 Season 2,FALSE,Maricopa,6000000402,6000003352
height,17049,32.827,MAC Field Scanner Field Plot 755 Season 2,FALSE,Maricopa,6000000254,6000003351
height,17049,33.488,MAC Field Scanner Field Plot 754 Season 2,FALSE,Maricopa,6000000254,6000003350
height,17049,34.149,MAC Field Scanner Field Plot 770 Season 2,FALSE,Maricopa,6000000260,6000003366
height,17049,34.149,MAC Field Scanner Field Plot 771 Season 2,FALSE,Maricopa,6000000260,6000003367
height,17049,33.488,MAC Field Scanner Field Plot 761 Season 2,FALSE,Maricopa,6000000406,6000003357
height,17049,34.149,MAC Field Scanner Field Plot 760 Season 2,FALSE,Maricopa,6000000406,6000003356
height,17049,34.149,MAC Field Scanner Field Plot 827 Season 2,FALSE,Maricopa,6000000284,6000003423
height,17049,34.149,MAC Field Scanner Field Plot 826 Season 2,FALSE,Maricopa,6000000284,6000003422
height,17049,32.827,MAC Field Scanner Field Plot 812 Season 2,FALSE,Maricopa,6000000296,6000003408
height,17049,34.149,MAC Field Scanner Field Plot 813 Season 2,FALSE,Maricopa,6000000296,6000003409
height,17049,32.827,MAC Field Scanner Field Plot 829 Season 2,FALSE,Maricopa,6000000310,6000003425
height,17049,33.488,MAC Field Scanner Field Plot 828 Season 2,FALSE,Maricopa,6000000310,6000003424
height,17049,34.149,MAC Field Scanner Field Plot 810 Season 2,FALSE,Maricopa,6000000325,6000003406
height,17049,32.827,MAC Field Scanner Field Plot 811 Season 2,FALSE,Maricopa,6000000325,6000003407
height,17049,33.488,MAC Field Scanner Field Plot 814 Season 2,FALSE,Maricopa,6000000330,6000003410
height,17049,32.827,MAC Field Scanner Field Plot 815 Season 2,FALSE,Maricopa,6000000330,6000003411
height,17049,34.149,MAC Field Scanner Field Plot 825 Season 2,FALSE,Maricopa,6000000354,6000003421
height,17049,33.488,MAC Field Scanner Field Plot 824 Season 2,FALSE,Maricopa,6000000354,6000003420
height,17049,34.149,MAC Field Scanner Field Plot 823 Season 2,FALSE,Maricopa,6000000365,6000003419
height,17049,33.488,MAC Field Scanner Field Plot 822 Season 2,FALSE,Maricopa,6000000365,6000003418
height,17049,34.81,MAC Field Scanner Field Plot 831 Season 2,FALSE,Maricopa,6000000259,6000003427
height,17049,33.488,MAC Field Scanner Field Plot 830 Season 2,FALSE,Maricopa,6000000259,6000003426
height,17049,34.149,MAC Field Scanner Field Plot 806 Season 2,FALSE,Maricopa,6000000405,6000003402
height,17049,33.488,MAC Field Scanner Field Plot 807 Season 2,FALSE,Maricopa,6000000405,6000003403
height,17049,32.827,MAC Field Scanner Field Plot 821 Season 2,FALSE,Maricopa,6000000262,6000003417
height,17049,33.488,MAC Field Scanner Field Plot 820 Season 2,FALSE,Maricopa,6000000262,6000003416
height,17049,33.488,MAC Field Scanner Field Plot 808 Season 2,FALSE,Maricopa,6000000269,6000003404
height,17049,33.488,MAC Field Scanner Field Plot 809 Season 2,FALSE,Maricopa,6000000269,6000003405
height,17049,33.488,MAC Field Scanner Field Plot 819 Season 2,FALSE,Maricopa,6000000274,6000003415
height,17049,33.488,MAC Field Scanner Field Plot 818 Season 2,FALSE,Maricopa,6000000274,6000003414
height,17050,34.149,MAC Field Scanner Field Plot 78 Season 2,FALSE,Maricopa,6000000282,6000002674
height,17050,35.471,MAC Field Scanner Field Plot 79 Season 2,FALSE,Maricopa,6000000282,6000002675
height,17050,33.488,MAC Field Scanner Field Plot 72 Season 2,FALSE,Maricopa,6000000291,6000002668
height,17050,33.488,MAC Field Scanner Field Plot 73 Season 2,FALSE,Maricopa,6000000291,6000002669
height,17050,32.827,MAC Field Scanner Field Plot 44 Season 2,FALSE,Maricopa,6000000293,6000002640
height,17050,34.149,MAC Field Scanner Field Plot 45 Season 2,FALSE,Maricopa,6000000293,6000002641
height,17050,33.488,MAC Field Scanner Field Plot 55 Season 2,FALSE,Maricopa,6000000294,6000002651
height,17050,32.827,MAC Field Scanner Field Plot 54 Season 2,FALSE,Maricopa,6000000294,6000002650
height,17050,33.488,MAC Field Scanner Field Plot 70 Season 2,FALSE,Maricopa,6000000296,6000002666
height,17050,34.149,MAC Field Scanner Field Plot 71 Season 2,FALSE,Maricopa,6000000296,6000002667
height,17050,34.149,MAC Field Scanner Field Plot 63 Season 2,FALSE,Maricopa,6000000241,6000002659
height,17050,34.149,MAC Field Scanner Field Plot 62 Season 2,FALSE,Maricopa,6000000241,6000002658
height,17050,33.488,MAC Field Scanner Field Plot 35 Season 2,FALSE,Maricopa,6000000278,6000002631
height,17050,32.827,MAC Field Scanner Field Plot 29 Season 2,FALSE,Maricopa,6000000415,6000002625
height,17050,34.149,MAC Field Scanner Field Plot 57 Season 2,FALSE,Maricopa,6000000333,6000002653
height,17050,32.827,MAC Field Scanner Field Plot 42 Season 2,FALSE,Maricopa,6000000384,6000002638
height,17050,34.149,MAC Field Scanner Field Plot 43 Season 2,FALSE,Maricopa,6000000384,6000002639
height,17050,34.149,MAC Field Scanner Field Plot 83 Season 2,FALSE,Maricopa,6000000400,6000002679
height,17050,34.81,MAC Field Scanner Field Plot 82 Season 2,FALSE,Maricopa,6000000400,6000002678
height,17050,33.488,MAC Field Scanner Field Plot 53 Season 2,FALSE,Maricopa,6000000401,6000002649
height,17050,33.488,MAC Field Scanner Field Plot 52 Season 2,FALSE,Maricopa,6000000401,6000002648
height,17050,34.149,MAC Field Scanner Field Plot 66 Season 2,FALSE,Maricopa,6000000255,6000002662
height,17050,34.81,MAC Field Scanner Field Plot 67 Season 2,FALSE,Maricopa,6000000255,6000002663
height,17050,34.149,MAC Field Scanner Field Plot 74 Season 2,FALSE,Maricopa,6000000256,6000002670
height,17050,33.488,MAC Field Scanner Field Plot 75 Season 2,FALSE,Maricopa,6000000256,6000002671
height,17050,33.488,MAC Field Scanner Field Plot 46 Season 2,FALSE,Maricopa,6000000258,6000002642
height,17050,33.488,MAC Field Scanner Field Plot 47 Season 2,FALSE,Maricopa,6000000258,6000002643
height,17050,34.149,MAC Field Scanner Field Plot 121 Season 2,FALSE,Maricopa,6000000289,6000002717
height,17050,33.488,MAC Field Scanner Field Plot 120 Season 2,FALSE,Maricopa,6000000289,6000002716
height,17050,34.149,MAC Field Scanner Field Plot 98 Season 2,FALSE,Maricopa,6000000295,6000002694
height,17050,34.149,MAC Field Scanner Field Plot 99 Season 2,FALSE,Maricopa,6000000295,6000002695
height,17050,35.471,MAC Field Scanner Field Plot 87 Season 2,FALSE,Maricopa,6000000313,6000002683
height,17050,34.149,MAC Field Scanner Field Plot 86 Season 2,FALSE,Maricopa,6000000313,6000002682
height,17050,34.149,MAC Field Scanner Field Plot 108 Season 2,FALSE,Maricopa,6000000315,6000002704
height,17050,33.488,MAC Field Scanner Field Plot 109 Season 2,FALSE,Maricopa,6000000315,6000002705
height,17050,33.488,MAC Field Scanner Field Plot 119 Season 2,FALSE,Maricopa,6000000319,6000002715
height,17050,35.471,MAC Field Scanner Field Plot 118 Season 2,FALSE,Maricopa,6000000319,6000002714
height,17050,33.488,MAC Field Scanner Field Plot 123 Season 2,FALSE,Maricopa,6000000389,6000002719
height,17050,34.149,MAC Field Scanner Field Plot 122 Season 2,FALSE,Maricopa,6000000389,6000002718
height,17050,34.149,MAC Field Scanner Field Plot 127 Season 2,FALSE,Maricopa,6000000393,6000002723
height,17050,34.149,MAC Field Scanner Field Plot 126 Season 2,FALSE,Maricopa,6000000393,6000002722
height,17050,33.488,MAC Field Scanner Field Plot 106 Season 2,FALSE,Maricopa,6000000397,6000002702
height,17050,34.81,MAC Field Scanner Field Plot 107 Season 2,FALSE,Maricopa,6000000397,6000002703
height,17050,32.827,MAC Field Scanner Field Plot 132 Season 2,FALSE,Maricopa,6000000261,6000002728
height,17050,32.827,MAC Field Scanner Field Plot 133 Season 2,FALSE,Maricopa,6000000261,6000002729
height,17050,34.149,MAC Field Scanner Field Plot 102 Season 2,FALSE,Maricopa,6000000406,6000002698
height,17050,34.81,MAC Field Scanner Field Plot 103 Season 2,FALSE,Maricopa,6000000406,6000002699
height,17050,32.827,MAC Field Scanner Field Plot 100 Season 2,FALSE,Maricopa,6000000265,6000002696
height,17050,34.149,MAC Field Scanner Field Plot 101 Season 2,FALSE,Maricopa,6000000265,6000002697
height,17050,32.827,MAC Field Scanner Field Plot 138 Season 2,FALSE,Maricopa,6000000266,6000002734
height,17050,33.488,MAC Field Scanner Field Plot 110 Season 2,FALSE,Maricopa,6000000276,6000002706
height,17050,34.149,MAC Field Scanner Field Plot 111 Season 2,FALSE,Maricopa,6000000276,6000002707
height,17050,33.488,MAC Field Scanner Field Plot 91 Season 2,FALSE,Maricopa,6000000277,6000002687
height,17050,34.81,MAC Field Scanner Field Plot 90 Season 2,FALSE,Maricopa,6000000277,6000002686
height,17050,32.166,MAC Field Scanner Field Plot 172 Season 2,FALSE,Maricopa,6000000285,6000002768
height,17050,33.488,MAC Field Scanner Field Plot 173 Season 2,FALSE,Maricopa,6000000285,6000002769
height,17050,33.488,MAC Field Scanner Field Plot 166 Season 2,FALSE,Maricopa,6000000286,6000002762
height,17050,34.149,MAC Field Scanner Field Plot 167 Season 2,FALSE,Maricopa,6000000286,6000002763
height,17050,32.827,MAC Field Scanner Field Plot 189 Season 2,FALSE,Maricopa,6000000299,6000002785
height,17050,34.149,MAC Field Scanner Field Plot 188 Season 2,FALSE,Maricopa,6000000299,6000002784
height,17050,33.488,MAC Field Scanner Field Plot 164 Season 2,FALSE,Maricopa,6000000302,6000002760
height,17050,32.827,MAC Field Scanner Field Plot 165 Season 2,FALSE,Maricopa,6000000302,6000002761
height,17050,33.488,MAC Field Scanner Field Plot 187 Season 2,FALSE,Maricopa,6000000304,6000002783
height,17050,32.827,MAC Field Scanner Field Plot 186 Season 2,FALSE,Maricopa,6000000304,6000002782
height,17050,34.149,MAC Field Scanner Field Plot 140 Season 2,FALSE,Maricopa,6000000377,6000002736
height,17050,34.149,MAC Field Scanner Field Plot 141 Season 2,FALSE,Maricopa,6000000377,6000002737
height,17050,33.488,MAC Field Scanner Field Plot 181 Season 2,FALSE,Maricopa,6000000385,6000002777
height,17050,34.81,MAC Field Scanner Field Plot 180 Season 2,FALSE,Maricopa,6000000385,6000002776
height,17050,33.488,MAC Field Scanner Field Plot 149 Season 2,FALSE,Maricopa,6000000396,6000002745
height,17050,34.149,MAC Field Scanner Field Plot 148 Season 2,FALSE,Maricopa,6000000396,6000002744
height,17050,32.827,MAC Field Scanner Field Plot 162 Season 2,FALSE,Maricopa,6000000402,6000002758
height,17050,33.488,MAC Field Scanner Field Plot 163 Season 2,FALSE,Maricopa,6000000402,6000002759
height,17050,34.149,MAC Field Scanner Field Plot 151 Season 2,FALSE,Maricopa,6000000403,6000002747
height,17050,34.149,MAC Field Scanner Field Plot 150 Season 2,FALSE,Maricopa,6000000403,6000002746
height,17050,34.149,MAC Field Scanner Field Plot 142 Season 2,FALSE,Maricopa,6000000252,6000002738
height,17050,34.81,MAC Field Scanner Field Plot 143 Season 2,FALSE,Maricopa,6000000252,6000002739
height,17050,34.81,MAC Field Scanner Field Plot 170 Season 2,FALSE,Maricopa,6000000262,6000002766
height,17050,32.827,MAC Field Scanner Field Plot 232 Season 2,FALSE,Maricopa,6000000281,6000002828
height,17050,32.827,MAC Field Scanner Field Plot 233 Season 2,FALSE,Maricopa,6000000281,6000002829
height,17050,34.149,MAC Field Scanner Field Plot 198 Season 2,FALSE,Maricopa,6000000292,6000002794
height,17050,33.488,MAC Field Scanner Field Plot 199 Season 2,FALSE,Maricopa,6000000292,6000002795
height,17050,33.488,MAC Field Scanner Field Plot 249 Season 2,FALSE,Maricopa,6000000300,6000002845
height,17050,32.827,MAC Field Scanner Field Plot 248 Season 2,FALSE,Maricopa,6000000300,6000002844
height,17050,32.166,MAC Field Scanner Field Plot 221 Season 2,FALSE,Maricopa,6000000303,6000002817
height,17050,34.149,MAC Field Scanner Field Plot 220 Season 2,FALSE,Maricopa,6000000303,6000002816
height,17050,32.827,MAC Field Scanner Field Plot 247 Season 2,FALSE,Maricopa,6000000317,6000002843
height,17050,32.827,MAC Field Scanner Field Plot 246 Season 2,FALSE,Maricopa,6000000317,6000002842
height,17050,32.827,MAC Field Scanner Field Plot 245 Season 2,FALSE,Maricopa,6000000320,6000002841
height,17050,34.149,MAC Field Scanner Field Plot 244 Season 2,FALSE,Maricopa,6000000320,6000002840
height,17050,32.166,MAC Field Scanner Field Plot 196 Season 2,FALSE,Maricopa,6000000244,6000002792
height,17050,33.488,MAC Field Scanner Field Plot 197 Season 2,FALSE,Maricopa,6000000244,6000002793
height,17050,32.827,MAC Field Scanner Field Plot 228 Season 2,FALSE,Maricopa,6000000379,6000002824
height,17050,34.149,MAC Field Scanner Field Plot 229 Season 2,FALSE,Maricopa,6000000379,6000002825
height,17050,34.149,MAC Field Scanner Field Plot 230 Season 2,FALSE,Maricopa,6000000382,6000002826
height,17050,35.471,MAC Field Scanner Field Plot 231 Season 2,FALSE,Maricopa,6000000382,6000002827
height,17050,32.827,MAC Field Scanner Field Plot 217 Season 2,FALSE,Maricopa,6000000386,6000002813
height,17050,32.827,MAC Field Scanner Field Plot 216 Season 2,FALSE,Maricopa,6000000386,6000002812
height,17050,34.149,MAC Field Scanner Field Plot 202 Season 2,FALSE,Maricopa,6000000387,6000002798
height,17050,34.81,MAC Field Scanner Field Plot 203 Season 2,FALSE,Maricopa,6000000387,6000002799
height,17050,34.149,MAC Field Scanner Field Plot 213 Season 2,FALSE,Maricopa,6000000249,6000002809
height,17050,33.488,MAC Field Scanner Field Plot 212 Season 2,FALSE,Maricopa,6000000249,6000002808
height,17050,35.471,MAC Field Scanner Field Plot 215 Season 2,FALSE,Maricopa,6000000257,6000002811
height,17050,34.149,MAC Field Scanner Field Plot 214 Season 2,FALSE,Maricopa,6000000257,6000002810
height,17050,32.827,MAC Field Scanner Field Plot 211 Season 2,FALSE,Maricopa,6000000259,6000002807
height,17050,33.488,MAC Field Scanner Field Plot 210 Season 2,FALSE,Maricopa,6000000259,6000002806
height,17050,34.81,MAC Field Scanner Field Plot 234 Season 2,FALSE,Maricopa,6000000273,6000002830
height,17050,33.488,MAC Field Scanner Field Plot 235 Season 2,FALSE,Maricopa,6000000273,6000002831
height,17050,33.488,MAC Field Scanner Field Plot 268 Season 2,FALSE,Maricopa,6000000280,6000002864
height,17050,33.488,MAC Field Scanner Field Plot 269 Season 2,FALSE,Maricopa,6000000280,6000002865
height,17050,33.488,MAC Field Scanner Field Plot 302 Season 2,FALSE,Maricopa,6000000284,6000002898
height,17050,34.149,MAC Field Scanner Field Plot 303 Season 2,FALSE,Maricopa,6000000284,6000002899
height,17050,32.827,MAC Field Scanner Field Plot 262 Season 2,FALSE,Maricopa,6000000290,6000002858
height,17050,34.81,MAC Field Scanner Field Plot 263 Season 2,FALSE,Maricopa,6000000290,6000002859
height,17050,34.149,MAC Field Scanner Field Plot 264 Season 2,FALSE,Maricopa,6000000305,6000002860
height,17050,34.149,MAC Field Scanner Field Plot 265 Season 2,FALSE,Maricopa,6000000305,6000002861
height,17050,34.149,MAC Field Scanner Field Plot 306 Season 2,FALSE,Maricopa,6000000306,6000002902
height,17050,33.488,MAC Field Scanner Field Plot 266 Season 2,FALSE,Maricopa,6000000307,6000002862
height,17050,34.81,MAC Field Scanner Field Plot 267 Season 2,FALSE,Maricopa,6000000307,6000002863
height,17050,34.149,MAC Field Scanner Field Plot 290 Season 2,FALSE,Maricopa,6000000316,6000002886
height,17050,34.149,MAC Field Scanner Field Plot 291 Season 2,FALSE,Maricopa,6000000316,6000002887
height,17050,34.149,MAC Field Scanner Field Plot 281 Season 2,FALSE,Maricopa,6000000380,6000002877
height,17050,34.149,MAC Field Scanner Field Plot 280 Season 2,FALSE,Maricopa,6000000380,6000002876
height,17050,33.488,MAC Field Scanner Field Plot 296 Season 2,FALSE,Maricopa,6000000381,6000002892
height,17050,33.488,MAC Field Scanner Field Plot 297 Season 2,FALSE,Maricopa,6000000381,6000002893
height,17050,33.488,MAC Field Scanner Field Plot 279 Season 2,FALSE,Maricopa,6000000383,6000002875
height,17050,33.488,MAC Field Scanner Field Plot 278 Season 2,FALSE,Maricopa,6000000383,6000002874
height,17050,33.488,MAC Field Scanner Field Plot 260 Season 2,FALSE,Maricopa,6000000248,6000002856
height,17050,33.488,MAC Field Scanner Field Plot 261 Season 2,FALSE,Maricopa,6000000248,6000002857
height,17050,33.488,MAC Field Scanner Field Plot 270 Season 2,FALSE,Maricopa,6000000394,6000002866
height,17050,34.149,MAC Field Scanner Field Plot 271 Season 2,FALSE,Maricopa,6000000394,6000002867
height,17050,34.149,MAC Field Scanner Field Plot 298 Season 2,FALSE,Maricopa,6000000398,6000002894
height,17050,33.488,MAC Field Scanner Field Plot 299 Season 2,FALSE,Maricopa,6000000398,6000002895
height,17050,34.149,MAC Field Scanner Field Plot 283 Season 2,FALSE,Maricopa,6000000253,6000002879
height,17050,33.488,MAC Field Scanner Field Plot 282 Season 2,FALSE,Maricopa,6000000253,6000002878
height,17050,34.149,MAC Field Scanner Field Plot 314 Season 2,FALSE,Maricopa,6000000279,6000002910
height,17050,33.488,MAC Field Scanner Field Plot 345 Season 2,FALSE,Maricopa,6000000287,6000002941
height,17050,33.488,MAC Field Scanner Field Plot 344 Season 2,FALSE,Maricopa,6000000287,6000002940
height,17050,34.81,MAC Field Scanner Field Plot 358 Season 2,FALSE,Maricopa,6000000297,6000002954
height,17050,33.488,MAC Field Scanner Field Plot 359 Season 2,FALSE,Maricopa,6000000297,6000002955
height,17050,35.471,MAC Field Scanner Field Plot 326 Season 2,FALSE,Maricopa,6000000301,6000002922
height,17050,34.149,MAC Field Scanner Field Plot 327 Season 2,FALSE,Maricopa,6000000301,6000002923
height,17050,33.488,MAC Field Scanner Field Plot 307 Season 2,FALSE,Maricopa,6000000306,6000002903
height,17050,34.149,MAC Field Scanner Field Plot 351 Season 2,FALSE,Maricopa,6000000309,6000002947
height,17050,34.149,MAC Field Scanner Field Plot 350 Season 2,FALSE,Maricopa,6000000309,6000002946
height,17050,34.149,MAC Field Scanner Field Plot 347 Season 2,FALSE,Maricopa,6000000311,6000002943
height,17050,33.488,MAC Field Scanner Field Plot 346 Season 2,FALSE,Maricopa,6000000311,6000002942
height,17050,32.827,MAC Field Scanner Field Plot 309 Season 2,FALSE,Maricopa,6000000390,6000002905
height,17050,33.488,MAC Field Scanner Field Plot 308 Season 2,FALSE,Maricopa,6000000390,6000002904
height,17050,34.149,MAC Field Scanner Field Plot 319 Season 2,FALSE,Maricopa,6000000395,6000002915
height,17050,33.488,MAC Field Scanner Field Plot 318 Season 2,FALSE,Maricopa,6000000395,6000002914
height,17050,32.827,MAC Field Scanner Field Plot 324 Season 2,FALSE,Maricopa,6000000399,6000002920
height,17050,35.471,MAC Field Scanner Field Plot 325 Season 2,FALSE,Maricopa,6000000399,6000002921
height,17050,33.488,MAC Field Scanner Field Plot 360 Season 2,FALSE,Maricopa,6000000405,6000002956
height,17050,34.149,MAC Field Scanner Field Plot 322 Season 2,FALSE,Maricopa,6000000408,6000002918
height,17050,34.149,MAC Field Scanner Field Plot 323 Season 2,FALSE,Maricopa,6000000408,6000002919
height,17050,33.488,MAC Field Scanner Field Plot 343 Season 2,FALSE,Maricopa,6000000409,6000002939
height,17050,32.827,MAC Field Scanner Field Plot 342 Season 2,FALSE,Maricopa,6000000409,6000002938
height,17050,33.488,MAC Field Scanner Field Plot 328 Season 2,FALSE,Maricopa,6000000269,6000002924
height,17050,32.827,MAC Field Scanner Field Plot 329 Season 2,FALSE,Maricopa,6000000269,6000002925
height,17050,32.827,MAC Field Scanner Field Plot 356 Season 2,FALSE,Maricopa,6000000271,6000002952
height,17050,34.81,MAC Field Scanner Field Plot 357 Season 2,FALSE,Maricopa,6000000271,6000002953
height,17050,57.284,MAC Field Scanner Field Plot 589 Season 2,FALSE,Maricopa,6000000277,6000003185
height,17050,52.657,MAC Field Scanner Field Plot 601 Season 2,FALSE,Maricopa,6000000283,6000003197
height,17050,53.318,MAC Field Scanner Field Plot 600 Season 2,FALSE,Maricopa,6000000283,6000003196
height,17050,32.827,MAC Field Scanner Field Plot 379 Season 2,FALSE,Maricopa,6000000288,6000002975
height,17050,33.488,MAC Field Scanner Field Plot 378 Season 2,FALSE,Maricopa,6000000288,6000002974
height,17050,34.149,MAC Field Scanner Field Plot 383 Season 2,FALSE,Maricopa,6000000312,6000002979
height,17050,34.149,MAC Field Scanner Field Plot 382 Season 2,FALSE,Maricopa,6000000312,6000002978
height,17050,47.369,MAC Field Scanner Field Plot 605 Season 2,FALSE,Maricopa,6000000316,6000003201
height,17050,47.369,MAC Field Scanner Field Plot 604 Season 2,FALSE,Maricopa,6000000316,6000003200
height,17050,57.945,MAC Field Scanner Field Plot 584 Season 2,FALSE,Maricopa,6000000318,6000003180
height,17050,57.284,MAC Field Scanner Field Plot 585 Season 2,FALSE,Maricopa,6000000318,6000003181
height,17050,57.284,MAC Field Scanner Field Plot 595 Season 2,FALSE,Maricopa,6000000331,6000003191
height,17050,53.979,MAC Field Scanner Field Plot 594 Season 2,FALSE,Maricopa,6000000331,6000003190
height,17050,55.301,MAC Field Scanner Field Plot 607 Season 2,FALSE,Maricopa,6000000377,6000003203
height,17050,53.979,MAC Field Scanner Field Plot 606 Season 2,FALSE,Maricopa,6000000377,6000003202
height,17050,56.623,MAC Field Scanner Field Plot 597 Season 2,FALSE,Maricopa,6000000396,6000003193
height,17050,54.64,MAC Field Scanner Field Plot 596 Season 2,FALSE,Maricopa,6000000396,6000003192
height,17050,33.488,MAC Field Scanner Field Plot 371 Season 2,FALSE,Maricopa,6000000412,6000002967
height,17050,33.488,MAC Field Scanner Field Plot 370 Season 2,FALSE,Maricopa,6000000412,6000002966
height,17050,32.827,MAC Field Scanner Field Plot 361 Season 2,FALSE,Maricopa,6000000405,6000002957
height,17050,33.488,MAC Field Scanner Field Plot 364 Season 2,FALSE,Maricopa,6000000407,6000002960
height,17050,33.488,MAC Field Scanner Field Plot 365 Season 2,FALSE,Maricopa,6000000407,6000002961
height,17050,51.335,MAC Field Scanner Field Plot 578 Season 2,FALSE,Maricopa,6000000271,6000003174
height,17050,48.03,MAC Field Scanner Field Plot 579 Season 2,FALSE,Maricopa,6000000271,6000003175
height,17050,32.827,MAC Field Scanner Field Plot 362 Season 2,FALSE,Maricopa,6000000272,6000002958
height,17050,33.488,MAC Field Scanner Field Plot 363 Season 2,FALSE,Maricopa,6000000272,6000002959
height,17050,57.284,MAC Field Scanner Field Plot 588 Season 2,FALSE,Maricopa,6000000277,6000003184
height,17050,53.318,MAC Field Scanner Field Plot 654 Season 2,FALSE,Maricopa,6000000282,6000003250
height,17050,50.674,MAC Field Scanner Field Plot 655 Season 2,FALSE,Maricopa,6000000282,6000003251
height,17050,33.488,MAC Field Scanner Field Plot 642 Season 2,FALSE,Maricopa,6000000285,6000003238
height,17050,33.488,MAC Field Scanner Field Plot 643 Season 2,FALSE,Maricopa,6000000285,6000003239
height,17050,54.64,MAC Field Scanner Field Plot 614 Season 2,FALSE,Maricopa,6000000289,6000003210
height,17050,50.013,MAC Field Scanner Field Plot 615 Season 2,FALSE,Maricopa,6000000289,6000003211
height,17050,52.657,MAC Field Scanner Field Plot 637 Season 2,FALSE,Maricopa,6000000291,6000003233
height,17050,51.996,MAC Field Scanner Field Plot 636 Season 2,FALSE,Maricopa,6000000291,6000003232
height,17050,57.284,MAC Field Scanner Field Plot 627 Season 2,FALSE,Maricopa,6000000300,6000003223
height,17050,57.945,MAC Field Scanner Field Plot 626 Season 2,FALSE,Maricopa,6000000300,6000003222
height,17050,56.623,MAC Field Scanner Field Plot 629 Season 2,FALSE,Maricopa,6000000319,6000003225
height,17050,56.623,MAC Field Scanner Field Plot 628 Season 2,FALSE,Maricopa,6000000319,6000003224
height,17050,41.42,MAC Field Scanner Field Plot 664 Season 2,FALSE,Maricopa,6000000378,6000003260
height,17050,58.606,MAC Field Scanner Field Plot 631 Season 2,FALSE,Maricopa,6000000381,6000003227
height,17050,60.589,MAC Field Scanner Field Plot 630 Season 2,FALSE,Maricopa,6000000381,6000003226
height,17050,48.03,MAC Field Scanner Field Plot 633 Season 2,FALSE,Maricopa,6000000388,6000003229
height,17050,49.352,MAC Field Scanner Field Plot 632 Season 2,FALSE,Maricopa,6000000388,6000003228
height,17050,57.284,MAC Field Scanner Field Plot 644 Season 2,FALSE,Maricopa,6000000390,6000003240
height,17050,50.013,MAC Field Scanner Field Plot 645 Season 2,FALSE,Maricopa,6000000390,6000003241
height,17050,55.301,MAC Field Scanner Field Plot 620 Season 2,FALSE,Maricopa,6000000400,6000003216
height,17050,50.674,MAC Field Scanner Field Plot 621 Season 2,FALSE,Maricopa,6000000400,6000003217
height,17050,53.318,MAC Field Scanner Field Plot 659 Season 2,FALSE,Maricopa,6000000250,6000003255
height,17050,54.64,MAC Field Scanner Field Plot 658 Season 2,FALSE,Maricopa,6000000250,6000003254
height,17050,46.047,MAC Field Scanner Field Plot 661 Season 2,FALSE,Maricopa,6000000252,6000003257
height,17050,46.708,MAC Field Scanner Field Plot 660 Season 2,FALSE,Maricopa,6000000252,6000003256
height,17050,50.674,MAC Field Scanner Field Plot 702 Season 2,FALSE,Maricopa,6000000278,6000003298
height,17050,52.657,MAC Field Scanner Field Plot 712 Season 2,FALSE,Maricopa,6000000293,6000003308
height,17050,50.013,MAC Field Scanner Field Plot 713 Season 2,FALSE,Maricopa,6000000293,6000003309
height,17050,41.42,MAC Field Scanner Field Plot 710 Season 2,FALSE,Maricopa,6000000298,6000003306
height,17050,42.081,MAC Field Scanner Field Plot 711 Season 2,FALSE,Maricopa,6000000298,6000003307
height,17050,50.013,MAC Field Scanner Field Plot 678 Season 2,FALSE,Maricopa,6000000305,6000003274
height,17050,42.742,MAC Field Scanner Field Plot 679 Season 2,FALSE,Maricopa,6000000305,6000003275
height,17050,51.335,MAC Field Scanner Field Plot 682 Season 2,FALSE,Maricopa,6000000308,6000003278
height,17050,51.335,MAC Field Scanner Field Plot 683 Season 2,FALSE,Maricopa,6000000308,6000003279
height,17050,38.115,MAC Field Scanner Field Plot 674 Season 2,FALSE,Maricopa,6000000311,6000003270
height,17050,34.149,MAC Field Scanner Field Plot 675 Season 2,FALSE,Maricopa,6000000311,6000003271
height,17050,44.064,MAC Field Scanner Field Plot 718 Season 2,FALSE,Maricopa,6000000312,6000003314
height,17050,61.25,MAC Field Scanner Field Plot 686 Season 2,FALSE,Maricopa,6000000313,6000003282
height,17050,58.606,MAC Field Scanner Field Plot 687 Season 2,FALSE,Maricopa,6000000313,6000003283
height,17050,61.911,MAC Field Scanner Field Plot 695 Season 2,FALSE,Maricopa,6000000314,6000003291
height,17050,59.267,MAC Field Scanner Field Plot 694 Season 2,FALSE,Maricopa,6000000314,6000003290
height,17050,44.064,MAC Field Scanner Field Plot 703 Season 2,FALSE,Maricopa,6000000278,6000003299
height,17050,42.742,MAC Field Scanner Field Plot 665 Season 2,FALSE,Maricopa,6000000378,6000003261
height,17050,50.674,MAC Field Scanner Field Plot 667 Season 2,FALSE,Maricopa,6000000380,6000003263
height,17050,51.996,MAC Field Scanner Field Plot 666 Season 2,FALSE,Maricopa,6000000380,6000003262
height,17050,54.64,MAC Field Scanner Field Plot 693 Season 2,FALSE,Maricopa,6000000382,6000003289
height,17050,57.284,MAC Field Scanner Field Plot 692 Season 2,FALSE,Maricopa,6000000382,6000003288
height,17050,55.962,MAC Field Scanner Field Plot 714 Season 2,FALSE,Maricopa,6000000385,6000003310
height,17050,56.623,MAC Field Scanner Field Plot 715 Season 2,FALSE,Maricopa,6000000385,6000003311
height,17050,52.657,MAC Field Scanner Field Plot 701 Season 2,FALSE,Maricopa,6000000387,6000003297
height,17050,53.979,MAC Field Scanner Field Plot 700 Season 2,FALSE,Maricopa,6000000387,6000003296
height,17050,34.149,MAC Field Scanner Field Plot 708 Season 2,FALSE,Maricopa,6000000256,6000003304
height,17050,33.488,MAC Field Scanner Field Plot 709 Season 2,FALSE,Maricopa,6000000256,6000003305
height,17050,51.335,MAC Field Scanner Field Plot 716 Season 2,FALSE,Maricopa,6000000257,6000003312
height,17050,53.318,MAC Field Scanner Field Plot 717 Season 2,FALSE,Maricopa,6000000257,6000003313
height,17050,55.962,MAC Field Scanner Field Plot 765 Season 2,FALSE,Maricopa,6000000290,6000003361
height,17050,53.318,MAC Field Scanner Field Plot 764 Season 2,FALSE,Maricopa,6000000290,6000003360
height,17050,38.776,MAC Field Scanner Field Plot 742 Season 2,FALSE,Maricopa,6000000295,6000003338
height,17050,44.064,MAC Field Scanner Field Plot 743 Season 2,FALSE,Maricopa,6000000295,6000003339
height,17050,53.318,MAC Field Scanner Field Plot 725 Season 2,FALSE,Maricopa,6000000299,6000003321
height,17050,50.674,MAC Field Scanner Field Plot 724 Season 2,FALSE,Maricopa,6000000299,6000003320
height,17050,34.149,MAC Field Scanner Field Plot 719 Season 2,FALSE,Maricopa,6000000312,6000003315
height,17050,57.284,MAC Field Scanner Field Plot 735 Season 2,FALSE,Maricopa,6000000249,6000003331
height,17050,53.979,MAC Field Scanner Field Plot 734 Season 2,FALSE,Maricopa,6000000249,6000003330
height,17050,59.267,MAC Field Scanner Field Plot 740 Season 2,FALSE,Maricopa,6000000394,6000003336
height,17050,51.335,MAC Field Scanner Field Plot 741 Season 2,FALSE,Maricopa,6000000394,6000003337
height,17050,54.64,MAC Field Scanner Field Plot 759 Season 2,FALSE,Maricopa,6000000398,6000003355
height,17050,53.318,MAC Field Scanner Field Plot 758 Season 2,FALSE,Maricopa,6000000398,6000003354
height,17050,52.657,MAC Field Scanner Field Plot 729 Season 2,FALSE,Maricopa,6000000399,6000003325
height,17050,53.318,MAC Field Scanner Field Plot 728 Season 2,FALSE,Maricopa,6000000399,6000003324
height,17050,44.064,MAC Field Scanner Field Plot 757 Season 2,FALSE,Maricopa,6000000402,6000003353
height,17050,42.081,MAC Field Scanner Field Plot 756 Season 2,FALSE,Maricopa,6000000402,6000003352
height,17050,49.352,MAC Field Scanner Field Plot 727 Season 2,FALSE,Maricopa,6000000251,6000003323
height,17050,48.691,MAC Field Scanner Field Plot 726 Season 2,FALSE,Maricopa,6000000251,6000003322
height,17050,56.623,MAC Field Scanner Field Plot 755 Season 2,FALSE,Maricopa,6000000254,6000003351
height,17050,52.657,MAC Field Scanner Field Plot 754 Season 2,FALSE,Maricopa,6000000254,6000003350
height,17050,56.623,MAC Field Scanner Field Plot 770 Season 2,FALSE,Maricopa,6000000260,6000003366
height,17050,55.301,MAC Field Scanner Field Plot 771 Season 2,FALSE,Maricopa,6000000260,6000003367
height,17050,49.352,MAC Field Scanner Field Plot 827 Season 2,FALSE,Maricopa,6000000284,6000003423
height,17050,41.42,MAC Field Scanner Field Plot 826 Season 2,FALSE,Maricopa,6000000284,6000003422
height,17050,47.369,MAC Field Scanner Field Plot 795 Season 2,FALSE,Maricopa,6000000286,6000003391
height,17050,47.369,MAC Field Scanner Field Plot 794 Season 2,FALSE,Maricopa,6000000286,6000003390
height,17050,50.013,MAC Field Scanner Field Plot 802 Season 2,FALSE,Maricopa,6000000294,6000003398
height,17050,47.369,MAC Field Scanner Field Plot 803 Season 2,FALSE,Maricopa,6000000294,6000003399
height,17050,52.657,MAC Field Scanner Field Plot 812 Season 2,FALSE,Maricopa,6000000296,6000003408
height,17050,43.403,MAC Field Scanner Field Plot 813 Season 2,FALSE,Maricopa,6000000296,6000003409
height,17050,48.03,MAC Field Scanner Field Plot 829 Season 2,FALSE,Maricopa,6000000310,6000003425
height,17050,47.369,MAC Field Scanner Field Plot 828 Season 2,FALSE,Maricopa,6000000310,6000003424
height,17050,50.674,MAC Field Scanner Field Plot 787 Season 2,FALSE,Maricopa,6000000317,6000003383
height,17050,40.759,MAC Field Scanner Field Plot 786 Season 2,FALSE,Maricopa,6000000317,6000003382
height,17050,59.928,MAC Field Scanner Field Plot 791 Season 2,FALSE,Maricopa,6000000383,6000003387
height,17050,55.962,MAC Field Scanner Field Plot 790 Season 2,FALSE,Maricopa,6000000383,6000003386
height,17050,53.318,MAC Field Scanner Field Plot 799 Season 2,FALSE,Maricopa,6000000384,6000003395
height,17050,53.979,MAC Field Scanner Field Plot 798 Season 2,FALSE,Maricopa,6000000384,6000003394
height,17050,51.996,MAC Field Scanner Field Plot 804 Season 2,FALSE,Maricopa,6000000397,6000003400
height,17050,54.64,MAC Field Scanner Field Plot 805 Season 2,FALSE,Maricopa,6000000397,6000003401
height,17050,53.318,MAC Field Scanner Field Plot 797 Season 2,FALSE,Maricopa,6000000401,6000003393
height,17050,50.013,MAC Field Scanner Field Plot 796 Season 2,FALSE,Maricopa,6000000401,6000003392
height,17050,50.013,MAC Field Scanner Field Plot 830 Season 2,FALSE,Maricopa,6000000259,6000003426
height,17050,51.335,MAC Field Scanner Field Plot 806 Season 2,FALSE,Maricopa,6000000405,6000003402
height,17050,54.64,MAC Field Scanner Field Plot 807 Season 2,FALSE,Maricopa,6000000405,6000003403
height,17050,40.098,MAC Field Scanner Field Plot 821 Season 2,FALSE,Maricopa,6000000262,6000003417
height,17050,34.81,MAC Field Scanner Field Plot 820 Season 2,FALSE,Maricopa,6000000262,6000003416
height,17050,51.996,MAC Field Scanner Field Plot 808 Season 2,FALSE,Maricopa,6000000269,6000003404
height,17050,52.657,MAC Field Scanner Field Plot 809 Season 2,FALSE,Maricopa,6000000269,6000003405
height,17050,33.488,MAC Field Scanner Field Plot 819 Season 2,FALSE,Maricopa,6000000274,6000003415
height,17050,33.488,MAC Field Scanner Field Plot 818 Season 2,FALSE,Maricopa,6000000274,6000003414
height,17051,46.047,MAC Field Scanner Field Plot 44 Season 2,FALSE,Maricopa,6000000293,6000002640
height,17051,46.708,MAC Field Scanner Field Plot 45 Season 2,FALSE,Maricopa,6000000293,6000002641
height,17051,70.504,MAC Field Scanner Field Plot 54 Season 2,FALSE,Maricopa,6000000294,6000002650
height,17051,44.064,MAC Field Scanner Field Plot 35 Season 2,FALSE,Maricopa,6000000278,6000002631
height,17051,52.657,MAC Field Scanner Field Plot 29 Season 2,FALSE,Maricopa,6000000415,6000002625
height,17051,56.623,MAC Field Scanner Field Plot 28 Season 2,FALSE,Maricopa,6000000415,6000002624
height,17051,51.335,MAC Field Scanner Field Plot 51 Season 2,FALSE,Maricopa,6000000334,6000002647
height,17051,53.318,MAC Field Scanner Field Plot 50 Season 2,FALSE,Maricopa,6000000334,6000002646
height,17051,45.386,MAC Field Scanner Field Plot 40 Season 2,FALSE,Maricopa,6000000356,6000002636
height,17051,72.487,MAC Field Scanner Field Plot 41 Season 2,FALSE,Maricopa,6000000356,6000002637
height,17051,46.708,MAC Field Scanner Field Plot 36 Season 2,FALSE,Maricopa,6000000367,6000002632
height,17051,48.03,MAC Field Scanner Field Plot 37 Season 2,FALSE,Maricopa,6000000367,6000002633
height,17051,45.386,MAC Field Scanner Field Plot 42 Season 2,FALSE,Maricopa,6000000384,6000002638
height,17051,53.318,MAC Field Scanner Field Plot 43 Season 2,FALSE,Maricopa,6000000384,6000002639
height,17051,57.945,MAC Field Scanner Field Plot 53 Season 2,FALSE,Maricopa,6000000401,6000002649
height,17051,53.318,MAC Field Scanner Field Plot 52 Season 2,FALSE,Maricopa,6000000401,6000002648
height,17051,50.674,MAC Field Scanner Field Plot 46 Season 2,FALSE,Maricopa,6000000258,6000002642
height,17051,50.013,MAC Field Scanner Field Plot 47 Season 2,FALSE,Maricopa,6000000258,6000002643
height,17050,47.369,MAC Field Scanner Field Plot 831 Season 2,FALSE,Maricopa,6000000259,6000003427
height,17051,55.301,MAC Field Scanner Field Plot 78 Season 2,FALSE,Maricopa,6000000282,6000002674
height,17051,51.996,MAC Field Scanner Field Plot 79 Season 2,FALSE,Maricopa,6000000282,6000002675
height,17051,41.42,MAC Field Scanner Field Plot 72 Season 2,FALSE,Maricopa,6000000291,6000002668
height,17051,50.674,MAC Field Scanner Field Plot 73 Season 2,FALSE,Maricopa,6000000291,6000002669
height,17051,51.335,MAC Field Scanner Field Plot 55 Season 2,FALSE,Maricopa,6000000294,6000002651
height,17051,41.42,MAC Field Scanner Field Plot 98 Season 2,FALSE,Maricopa,6000000295,6000002694
height,17051,39.437,MAC Field Scanner Field Plot 99 Season 2,FALSE,Maricopa,6000000295,6000002695
height,17051,59.267,MAC Field Scanner Field Plot 70 Season 2,FALSE,Maricopa,6000000296,6000002666
height,17051,57.945,MAC Field Scanner Field Plot 71 Season 2,FALSE,Maricopa,6000000296,6000002667
height,17051,56.623,MAC Field Scanner Field Plot 63 Season 2,FALSE,Maricopa,6000000241,6000002659
height,17051,51.996,MAC Field Scanner Field Plot 62 Season 2,FALSE,Maricopa,6000000241,6000002658
height,17051,60.589,MAC Field Scanner Field Plot 87 Season 2,FALSE,Maricopa,6000000313,6000002683
height,17051,63.894,MAC Field Scanner Field Plot 86 Season 2,FALSE,Maricopa,6000000313,6000002682
height,17051,53.979,MAC Field Scanner Field Plot 108 Season 2,FALSE,Maricopa,6000000315,6000002704
height,17051,53.979,MAC Field Scanner Field Plot 106 Season 2,FALSE,Maricopa,6000000397,6000002702
height,17051,61.911,MAC Field Scanner Field Plot 107 Season 2,FALSE,Maricopa,6000000397,6000002703
height,17051,49.352,MAC Field Scanner Field Plot 83 Season 2,FALSE,Maricopa,6000000400,6000002679
height,17051,48.691,MAC Field Scanner Field Plot 82 Season 2,FALSE,Maricopa,6000000400,6000002678
height,17051,41.42,MAC Field Scanner Field Plot 66 Season 2,FALSE,Maricopa,6000000255,6000002662
height,17051,57.945,MAC Field Scanner Field Plot 67 Season 2,FALSE,Maricopa,6000000255,6000002663
height,17051,36.793,MAC Field Scanner Field Plot 74 Season 2,FALSE,Maricopa,6000000256,6000002670
height,17051,44.064,MAC Field Scanner Field Plot 75 Season 2,FALSE,Maricopa,6000000256,6000002671
height,17051,58.606,MAC Field Scanner Field Plot 76 Season 2,FALSE,Maricopa,6000000260,6000002672
height,17051,57.284,MAC Field Scanner Field Plot 77 Season 2,FALSE,Maricopa,6000000260,6000002673
height,17051,51.335,MAC Field Scanner Field Plot 102 Season 2,FALSE,Maricopa,6000000406,6000002698
height,17051,43.403,MAC Field Scanner Field Plot 103 Season 2,FALSE,Maricopa,6000000406,6000002699
height,17051,55.962,MAC Field Scanner Field Plot 100 Season 2,FALSE,Maricopa,6000000265,6000002696
height,17051,59.267,MAC Field Scanner Field Plot 101 Season 2,FALSE,Maricopa,6000000265,6000002697
height,17051,39.437,MAC Field Scanner Field Plot 61 Season 2,FALSE,Maricopa,6000000274,6000002657
height,17051,57.284,MAC Field Scanner Field Plot 121 Season 2,FALSE,Maricopa,6000000289,6000002717
height,17051,51.996,MAC Field Scanner Field Plot 120 Season 2,FALSE,Maricopa,6000000289,6000002716
height,17051,58.606,MAC Field Scanner Field Plot 164 Season 2,FALSE,Maricopa,6000000302,6000002760
height,17051,48.691,MAC Field Scanner Field Plot 109 Season 2,FALSE,Maricopa,6000000315,6000002705
height,17051,57.945,MAC Field Scanner Field Plot 119 Season 2,FALSE,Maricopa,6000000319,6000002715
height,17051,60.589,MAC Field Scanner Field Plot 118 Season 2,FALSE,Maricopa,6000000319,6000002714
height,17051,53.979,MAC Field Scanner Field Plot 140 Season 2,FALSE,Maricopa,6000000377,6000002736
height,17051,55.962,MAC Field Scanner Field Plot 141 Season 2,FALSE,Maricopa,6000000377,6000002737
height,17051,59.267,MAC Field Scanner Field Plot 123 Season 2,FALSE,Maricopa,6000000389,6000002719
height,17051,53.979,MAC Field Scanner Field Plot 122 Season 2,FALSE,Maricopa,6000000389,6000002718
height,17051,55.301,MAC Field Scanner Field Plot 127 Season 2,FALSE,Maricopa,6000000393,6000002723
height,17051,47.369,MAC Field Scanner Field Plot 126 Season 2,FALSE,Maricopa,6000000393,6000002722
height,17051,53.318,MAC Field Scanner Field Plot 149 Season 2,FALSE,Maricopa,6000000396,6000002745
height,17051,53.318,MAC Field Scanner Field Plot 148 Season 2,FALSE,Maricopa,6000000396,6000002744
height,17051,35.471,MAC Field Scanner Field Plot 162 Season 2,FALSE,Maricopa,6000000402,6000002758
height,17051,43.403,MAC Field Scanner Field Plot 163 Season 2,FALSE,Maricopa,6000000402,6000002759
height,17051,50.013,MAC Field Scanner Field Plot 151 Season 2,FALSE,Maricopa,6000000403,6000002747
height,17051,50.674,MAC Field Scanner Field Plot 150 Season 2,FALSE,Maricopa,6000000403,6000002746
height,17051,43.403,MAC Field Scanner Field Plot 142 Season 2,FALSE,Maricopa,6000000252,6000002738
height,17051,49.352,MAC Field Scanner Field Plot 143 Season 2,FALSE,Maricopa,6000000252,6000002739
height,17051,54.64,MAC Field Scanner Field Plot 132 Season 2,FALSE,Maricopa,6000000261,6000002728
height,17051,55.962,MAC Field Scanner Field Plot 133 Season 2,FALSE,Maricopa,6000000261,6000002729
height,17051,40.759,MAC Field Scanner Field Plot 138 Season 2,FALSE,Maricopa,6000000266,6000002734
height,17051,49.352,MAC Field Scanner Field Plot 139 Season 2,FALSE,Maricopa,6000000266,6000002735
height,17051,32.827,MAC Field Scanner Field Plot 172 Season 2,FALSE,Maricopa,6000000285,6000002768
height,17051,34.149,MAC Field Scanner Field Plot 173 Season 2,FALSE,Maricopa,6000000285,6000002769
height,17051,50.674,MAC Field Scanner Field Plot 166 Season 2,FALSE,Maricopa,6000000286,6000002762
height,17051,50.674,MAC Field Scanner Field Plot 167 Season 2,FALSE,Maricopa,6000000286,6000002763
height,17051,46.708,MAC Field Scanner Field Plot 198 Season 2,FALSE,Maricopa,6000000292,6000002794
height,17051,41.42,MAC Field Scanner Field Plot 199 Season 2,FALSE,Maricopa,6000000292,6000002795
height,17051,55.301,MAC Field Scanner Field Plot 189 Season 2,FALSE,Maricopa,6000000299,6000002785
height,17051,57.284,MAC Field Scanner Field Plot 188 Season 2,FALSE,Maricopa,6000000299,6000002784
height,17051,56.623,MAC Field Scanner Field Plot 165 Season 2,FALSE,Maricopa,6000000302,6000002761
height,17051,45.386,MAC Field Scanner Field Plot 220 Season 2,FALSE,Maricopa,6000000303,6000002816
height,17051,56.623,MAC Field Scanner Field Plot 187 Season 2,FALSE,Maricopa,6000000304,6000002783
height,17051,51.996,MAC Field Scanner Field Plot 186 Season 2,FALSE,Maricopa,6000000304,6000002782
height,17051,59.928,MAC Field Scanner Field Plot 181 Season 2,FALSE,Maricopa,6000000385,6000002777
height,17051,57.945,MAC Field Scanner Field Plot 180 Season 2,FALSE,Maricopa,6000000385,6000002776
height,17051,50.674,MAC Field Scanner Field Plot 217 Season 2,FALSE,Maricopa,6000000386,6000002813
height,17051,51.996,MAC Field Scanner Field Plot 216 Season 2,FALSE,Maricopa,6000000386,6000002812
height,17051,55.962,MAC Field Scanner Field Plot 202 Season 2,FALSE,Maricopa,6000000387,6000002798
height,17051,57.945,MAC Field Scanner Field Plot 203 Season 2,FALSE,Maricopa,6000000387,6000002799
height,17051,55.301,MAC Field Scanner Field Plot 213 Season 2,FALSE,Maricopa,6000000249,6000002809
height,17051,51.335,MAC Field Scanner Field Plot 212 Season 2,FALSE,Maricopa,6000000249,6000002808
height,17051,62.572,MAC Field Scanner Field Plot 215 Season 2,FALSE,Maricopa,6000000257,6000002811
height,17051,54.64,MAC Field Scanner Field Plot 214 Season 2,FALSE,Maricopa,6000000257,6000002810
height,17051,59.267,MAC Field Scanner Field Plot 211 Season 2,FALSE,Maricopa,6000000259,6000002807
height,17051,53.318,MAC Field Scanner Field Plot 210 Season 2,FALSE,Maricopa,6000000259,6000002806
height,17051,55.301,MAC Field Scanner Field Plot 170 Season 2,FALSE,Maricopa,6000000262,6000002766
height,17051,53.318,MAC Field Scanner Field Plot 171 Season 2,FALSE,Maricopa,6000000262,6000002767
height,17051,59.267,MAC Field Scanner Field Plot 185 Season 2,FALSE,Maricopa,6000000263,6000002781
height,17051,53.979,MAC Field Scanner Field Plot 268 Season 2,FALSE,Maricopa,6000000280,6000002864
height,17051,60.589,MAC Field Scanner Field Plot 269 Season 2,FALSE,Maricopa,6000000280,6000002865
height,17051,49.352,MAC Field Scanner Field Plot 232 Season 2,FALSE,Maricopa,6000000281,6000002828
height,17051,53.318,MAC Field Scanner Field Plot 233 Season 2,FALSE,Maricopa,6000000281,6000002829
height,17051,56.623,MAC Field Scanner Field Plot 262 Season 2,FALSE,Maricopa,6000000290,6000002858
height,17051,57.284,MAC Field Scanner Field Plot 263 Season 2,FALSE,Maricopa,6000000290,6000002859
height,17051,60.589,MAC Field Scanner Field Plot 249 Season 2,FALSE,Maricopa,6000000300,6000002845
height,17051,58.606,MAC Field Scanner Field Plot 248 Season 2,FALSE,Maricopa,6000000300,6000002844
height,17051,48.03,MAC Field Scanner Field Plot 221 Season 2,FALSE,Maricopa,6000000303,6000002817
height,17051,48.691,MAC Field Scanner Field Plot 264 Season 2,FALSE,Maricopa,6000000305,6000002860
height,17051,50.674,MAC Field Scanner Field Plot 265 Season 2,FALSE,Maricopa,6000000305,6000002861
height,17051,60.589,MAC Field Scanner Field Plot 266 Season 2,FALSE,Maricopa,6000000307,6000002862
height,17051,62.572,MAC Field Scanner Field Plot 267 Season 2,FALSE,Maricopa,6000000307,6000002863
height,17051,53.318,MAC Field Scanner Field Plot 247 Season 2,FALSE,Maricopa,6000000317,6000002843
height,17051,61.25,MAC Field Scanner Field Plot 246 Season 2,FALSE,Maricopa,6000000317,6000002842
height,17051,55.301,MAC Field Scanner Field Plot 245 Season 2,FALSE,Maricopa,6000000320,6000002841
height,17051,56.623,MAC Field Scanner Field Plot 244 Season 2,FALSE,Maricopa,6000000320,6000002840
height,17051,60.589,MAC Field Scanner Field Plot 276 Season 2,FALSE,Maricopa,6000000321,6000002872
height,17051,55.962,MAC Field Scanner Field Plot 255 Season 2,FALSE,Maricopa,6000000338,6000002851
height,17051,50.674,MAC Field Scanner Field Plot 228 Season 2,FALSE,Maricopa,6000000379,6000002824
height,17051,53.318,MAC Field Scanner Field Plot 229 Season 2,FALSE,Maricopa,6000000379,6000002825
height,17051,55.962,MAC Field Scanner Field Plot 230 Season 2,FALSE,Maricopa,6000000382,6000002826
height,17051,55.301,MAC Field Scanner Field Plot 231 Season 2,FALSE,Maricopa,6000000382,6000002827
height,17051,55.301,MAC Field Scanner Field Plot 260 Season 2,FALSE,Maricopa,6000000248,6000002856
height,17051,55.962,MAC Field Scanner Field Plot 261 Season 2,FALSE,Maricopa,6000000248,6000002857
height,17051,55.301,MAC Field Scanner Field Plot 270 Season 2,FALSE,Maricopa,6000000394,6000002866
height,17051,50.674,MAC Field Scanner Field Plot 271 Season 2,FALSE,Maricopa,6000000394,6000002867
height,17051,59.267,MAC Field Scanner Field Plot 234 Season 2,FALSE,Maricopa,6000000273,6000002830
height,17051,61.25,MAC Field Scanner Field Plot 235 Season 2,FALSE,Maricopa,6000000273,6000002831
height,17051,54.64,MAC Field Scanner Field Plot 314 Season 2,FALSE,Maricopa,6000000279,6000002910
height,17051,52.657,MAC Field Scanner Field Plot 302 Season 2,FALSE,Maricopa,6000000284,6000002898
height,17051,47.369,MAC Field Scanner Field Plot 303 Season 2,FALSE,Maricopa,6000000284,6000002899
height,17051,42.742,MAC Field Scanner Field Plot 326 Season 2,FALSE,Maricopa,6000000301,6000002922
height,17051,46.047,MAC Field Scanner Field Plot 327 Season 2,FALSE,Maricopa,6000000301,6000002923
height,17051,58.606,MAC Field Scanner Field Plot 307 Season 2,FALSE,Maricopa,6000000306,6000002903
height,17051,52.657,MAC Field Scanner Field Plot 306 Season 2,FALSE,Maricopa,6000000306,6000002902
height,17051,44.725,MAC Field Scanner Field Plot 290 Season 2,FALSE,Maricopa,6000000316,6000002886
height,17051,41.42,MAC Field Scanner Field Plot 291 Season 2,FALSE,Maricopa,6000000316,6000002887
height,17051,53.318,MAC Field Scanner Field Plot 281 Season 2,FALSE,Maricopa,6000000380,6000002877
height,17051,53.318,MAC Field Scanner Field Plot 280 Season 2,FALSE,Maricopa,6000000380,6000002876
height,17051,59.267,MAC Field Scanner Field Plot 296 Season 2,FALSE,Maricopa,6000000381,6000002892
height,17051,57.945,MAC Field Scanner Field Plot 297 Season 2,FALSE,Maricopa,6000000381,6000002893
height,17051,60.589,MAC Field Scanner Field Plot 279 Season 2,FALSE,Maricopa,6000000383,6000002875
height,17051,61.25,MAC Field Scanner Field Plot 278 Season 2,FALSE,Maricopa,6000000383,6000002874
height,17051,58.606,MAC Field Scanner Field Plot 309 Season 2,FALSE,Maricopa,6000000390,6000002905
height,17051,57.284,MAC Field Scanner Field Plot 308 Season 2,FALSE,Maricopa,6000000390,6000002904
height,17051,55.301,MAC Field Scanner Field Plot 319 Season 2,FALSE,Maricopa,6000000395,6000002915
height,17051,47.369,MAC Field Scanner Field Plot 318 Season 2,FALSE,Maricopa,6000000395,6000002914
height,17051,55.301,MAC Field Scanner Field Plot 298 Season 2,FALSE,Maricopa,6000000398,6000002894
height,17051,55.301,MAC Field Scanner Field Plot 299 Season 2,FALSE,Maricopa,6000000398,6000002895
height,17051,54.64,MAC Field Scanner Field Plot 324 Season 2,FALSE,Maricopa,6000000399,6000002920
height,17051,53.979,MAC Field Scanner Field Plot 325 Season 2,FALSE,Maricopa,6000000399,6000002921
height,17051,48.03,MAC Field Scanner Field Plot 283 Season 2,FALSE,Maricopa,6000000253,6000002879
height,17051,34.81,MAC Field Scanner Field Plot 282 Season 2,FALSE,Maricopa,6000000253,6000002878
height,17051,55.301,MAC Field Scanner Field Plot 322 Season 2,FALSE,Maricopa,6000000408,6000002918
height,17051,53.318,MAC Field Scanner Field Plot 345 Season 2,FALSE,Maricopa,6000000287,6000002941
height,17051,46.708,MAC Field Scanner Field Plot 344 Season 2,FALSE,Maricopa,6000000287,6000002940
height,17051,34.149,MAC Field Scanner Field Plot 379 Season 2,FALSE,Maricopa,6000000288,6000002975
height,17051,33.488,MAC Field Scanner Field Plot 378 Season 2,FALSE,Maricopa,6000000288,6000002974
height,17051,55.301,MAC Field Scanner Field Plot 358 Season 2,FALSE,Maricopa,6000000297,6000002954
height,17051,53.318,MAC Field Scanner Field Plot 359 Season 2,FALSE,Maricopa,6000000297,6000002955
height,17051,46.047,MAC Field Scanner Field Plot 386 Season 2,FALSE,Maricopa,6000000308,6000002982
height,17051,50.013,MAC Field Scanner Field Plot 351 Season 2,FALSE,Maricopa,6000000309,6000002947
height,17051,51.996,MAC Field Scanner Field Plot 350 Season 2,FALSE,Maricopa,6000000309,6000002946
height,17051,35.471,MAC Field Scanner Field Plot 347 Season 2,FALSE,Maricopa,6000000311,6000002943
height,17051,42.742,MAC Field Scanner Field Plot 346 Season 2,FALSE,Maricopa,6000000311,6000002942
height,17051,49.352,MAC Field Scanner Field Plot 383 Season 2,FALSE,Maricopa,6000000312,6000002979
height,17051,46.708,MAC Field Scanner Field Plot 382 Season 2,FALSE,Maricopa,6000000312,6000002978
height,17051,38.776,MAC Field Scanner Field Plot 371 Season 2,FALSE,Maricopa,6000000412,6000002967
height,17051,44.725,MAC Field Scanner Field Plot 370 Season 2,FALSE,Maricopa,6000000412,6000002966
height,17051,58.606,MAC Field Scanner Field Plot 360 Season 2,FALSE,Maricopa,6000000405,6000002956
height,17051,55.962,MAC Field Scanner Field Plot 361 Season 2,FALSE,Maricopa,6000000405,6000002957
height,17051,58.606,MAC Field Scanner Field Plot 364 Season 2,FALSE,Maricopa,6000000407,6000002960
height,17051,57.284,MAC Field Scanner Field Plot 365 Season 2,FALSE,Maricopa,6000000407,6000002961
height,17051,55.962,MAC Field Scanner Field Plot 343 Season 2,FALSE,Maricopa,6000000409,6000002939
height,17051,57.284,MAC Field Scanner Field Plot 342 Season 2,FALSE,Maricopa,6000000409,6000002938
height,17051,47.369,MAC Field Scanner Field Plot 356 Season 2,FALSE,Maricopa,6000000271,6000002952
height,17051,51.335,MAC Field Scanner Field Plot 357 Season 2,FALSE,Maricopa,6000000271,6000002953
height,17051,32.827,MAC Field Scanner Field Plot 362 Season 2,FALSE,Maricopa,6000000272,6000002958
height,17051,34.149,MAC Field Scanner Field Plot 363 Season 2,FALSE,Maricopa,6000000272,6000002959
height,17051,43.403,MAC Field Scanner Field Plot 409 Season 2,FALSE,Maricopa,6000000283,6000003005
height,17051,50.674,MAC Field Scanner Field Plot 408 Season 2,FALSE,Maricopa,6000000283,6000003004
height,17051,38.115,MAC Field Scanner Field Plot 418 Season 2,FALSE,Maricopa,6000000298,6000003014
height,17051,46.708,MAC Field Scanner Field Plot 419 Season 2,FALSE,Maricopa,6000000298,6000003015
height,17051,55.962,MAC Field Scanner Field Plot 442 Season 2,FALSE,Maricopa,6000000302,6000003038
height,17051,49.352,MAC Field Scanner Field Plot 387 Season 2,FALSE,Maricopa,6000000308,6000002983
height,17051,55.301,MAC Field Scanner Field Plot 437 Season 2,FALSE,Maricopa,6000000309,6000003033
height,17051,55.962,MAC Field Scanner Field Plot 436 Season 2,FALSE,Maricopa,6000000309,6000003032
height,17051,46.047,MAC Field Scanner Field Plot 398 Season 2,FALSE,Maricopa,6000000310,6000002994
height,17051,49.352,MAC Field Scanner Field Plot 399 Season 2,FALSE,Maricopa,6000000310,6000002995
height,17051,61.25,MAC Field Scanner Field Plot 424 Season 2,FALSE,Maricopa,6000000314,6000003020
height,17051,61.911,MAC Field Scanner Field Plot 425 Season 2,FALSE,Maricopa,6000000314,6000003021
height,17051,55.301,MAC Field Scanner Field Plot 390 Season 2,FALSE,Maricopa,6000000318,6000002986
height,17051,46.047,MAC Field Scanner Field Plot 391 Season 2,FALSE,Maricopa,6000000318,6000002987
height,17051,50.013,MAC Field Scanner Field Plot 388 Season 2,FALSE,Maricopa,6000000378,6000002984
height,17051,44.725,MAC Field Scanner Field Plot 389 Season 2,FALSE,Maricopa,6000000378,6000002985
height,17051,50.013,MAC Field Scanner Field Plot 392 Season 2,FALSE,Maricopa,6000000388,6000002988
height,17051,53.318,MAC Field Scanner Field Plot 393 Season 2,FALSE,Maricopa,6000000388,6000002989
height,17051,58.606,MAC Field Scanner Field Plot 430 Season 2,FALSE,Maricopa,6000000391,6000003026
height,17051,55.962,MAC Field Scanner Field Plot 431 Season 2,FALSE,Maricopa,6000000391,6000003027
height,17051,61.25,MAC Field Scanner Field Plot 426 Season 2,FALSE,Maricopa,6000000392,6000003022
height,17051,59.267,MAC Field Scanner Field Plot 427 Season 2,FALSE,Maricopa,6000000392,6000003023
height,17051,55.301,MAC Field Scanner Field Plot 405 Season 2,FALSE,Maricopa,6000000250,6000003001
height,17051,57.945,MAC Field Scanner Field Plot 404 Season 2,FALSE,Maricopa,6000000250,6000003e3
height,17051,55.962,MAC Field Scanner Field Plot 441 Season 2,FALSE,Maricopa,6000000403,6000003037
height,17051,53.979,MAC Field Scanner Field Plot 440 Season 2,FALSE,Maricopa,6000000403,6000003036
height,17051,47.369,MAC Field Scanner Field Plot 415 Season 2,FALSE,Maricopa,6000000251,6000003011
height,17051,60.589,MAC Field Scanner Field Plot 479 Season 2,FALSE,Maricopa,6000000280,6000003075
height,17051,60.589,MAC Field Scanner Field Plot 478 Season 2,FALSE,Maricopa,6000000280,6000003074
height,17051,46.047,MAC Field Scanner Field Plot 454 Season 2,FALSE,Maricopa,6000000288,6000003050
height,17051,34.149,MAC Field Scanner Field Plot 455 Season 2,FALSE,Maricopa,6000000288,6000003051
height,17051,59.928,MAC Field Scanner Field Plot 443 Season 2,FALSE,Maricopa,6000000302,6000003039
height,17051,53.979,MAC Field Scanner Field Plot 467 Season 2,FALSE,Maricopa,6000000304,6000003063
height,17051,58.606,MAC Field Scanner Field Plot 466 Season 2,FALSE,Maricopa,6000000304,6000003062
height,17051,63.233,MAC Field Scanner Field Plot 469 Season 2,FALSE,Maricopa,6000000306,6000003065
height,17051,58.606,MAC Field Scanner Field Plot 468 Season 2,FALSE,Maricopa,6000000306,6000003064
height,17051,65.877,MAC Field Scanner Field Plot 488 Season 2,FALSE,Maricopa,6000000307,6000003084
height,17051,63.894,MAC Field Scanner Field Plot 489 Season 2,FALSE,Maricopa,6000000307,6000003085
height,17051,61.25,MAC Field Scanner Field Plot 458 Season 2,FALSE,Maricopa,6000000389,6000003054
height,17051,63.233,MAC Field Scanner Field Plot 459 Season 2,FALSE,Maricopa,6000000389,6000003055
height,17051,63.894,MAC Field Scanner Field Plot 486 Season 2,FALSE,Maricopa,6000000391,6000003082
height,17051,63.894,MAC Field Scanner Field Plot 487 Season 2,FALSE,Maricopa,6000000391,6000003083
height,17051,58.606,MAC Field Scanner Field Plot 492 Season 2,FALSE,Maricopa,6000000393,6000003088
height,17051,58.606,MAC Field Scanner Field Plot 493 Season 2,FALSE,Maricopa,6000000393,6000003089
height,17051,50.013,MAC Field Scanner Field Plot 494 Season 2,FALSE,Maricopa,6000000412,6000003090
height,17051,55.301,MAC Field Scanner Field Plot 495 Season 2,FALSE,Maricopa,6000000412,6000003091
height,17051,43.403,MAC Field Scanner Field Plot 498 Season 2,FALSE,Maricopa,6000000253,6000003094
height,17051,65.216,MAC Field Scanner Field Plot 482 Season 2,FALSE,Maricopa,6000000407,6000003078
height,17051,64.555,MAC Field Scanner Field Plot 483 Season 2,FALSE,Maricopa,6000000407,6000003079
height,17051,46.708,MAC Field Scanner Field Plot 462 Season 2,FALSE,Maricopa,6000000266,6000003058
height,17051,51.335,MAC Field Scanner Field Plot 463 Season 2,FALSE,Maricopa,6000000266,6000003059
height,17051,36.132,MAC Field Scanner Field Plot 447 Season 2,FALSE,Maricopa,6000000276,6000003043
height,17051,36.793,MAC Field Scanner Field Plot 446 Season 2,FALSE,Maricopa,6000000276,6000003042
height,17051,59.267,MAC Field Scanner Field Plot 518 Season 2,FALSE,Maricopa,6000000279,6000003114
height,17051,59.267,MAC Field Scanner Field Plot 519 Season 2,FALSE,Maricopa,6000000279,6000003115
height,17051,57.945,MAC Field Scanner Field Plot 507 Season 2,FALSE,Maricopa,6000000281,6000003103
height,17051,55.301,MAC Field Scanner Field Plot 506 Season 2,FALSE,Maricopa,6000000281,6000003102
height,17051,52.657,MAC Field Scanner Field Plot 548 Season 2,FALSE,Maricopa,6000000292,6000003144
height,17051,56.623,MAC Field Scanner Field Plot 549 Season 2,FALSE,Maricopa,6000000292,6000003145
height,17051,55.962,MAC Field Scanner Field Plot 505 Season 2,FALSE,Maricopa,6000000297,6000003101
height,17051,58.606,MAC Field Scanner Field Plot 504 Season 2,FALSE,Maricopa,6000000297,6000003100
height,17051,56.623,MAC Field Scanner Field Plot 520 Season 2,FALSE,Maricopa,6000000301,6000003116
height,17051,57.945,MAC Field Scanner Field Plot 521 Season 2,FALSE,Maricopa,6000000301,6000003117
height,17051,48.691,MAC Field Scanner Field Plot 550 Season 2,FALSE,Maricopa,6000000303,6000003146
height,17051,44.064,MAC Field Scanner Field Plot 551 Season 2,FALSE,Maricopa,6000000303,6000003147
height,17051,53.979,MAC Field Scanner Field Plot 516 Season 2,FALSE,Maricopa,6000000315,6000003112
height,17051,57.945,MAC Field Scanner Field Plot 517 Season 2,FALSE,Maricopa,6000000315,6000003113
height,17051,60.589,MAC Field Scanner Field Plot 539 Season 2,FALSE,Maricopa,6000000320,6000003135
height,17051,51.335,MAC Field Scanner Field Plot 503 Season 2,FALSE,Maricopa,6000000386,6000003099
height,17051,51.996,MAC Field Scanner Field Plot 502 Season 2,FALSE,Maricopa,6000000386,6000003098
height,17051,61.25,MAC Field Scanner Field Plot 543 Season 2,FALSE,Maricopa,6000000392,6000003139
height,17051,58.606,MAC Field Scanner Field Plot 542 Season 2,FALSE,Maricopa,6000000392,6000003138
height,17051,53.979,MAC Field Scanner Field Plot 509 Season 2,FALSE,Maricopa,6000000395,6000003105
height,17051,55.962,MAC Field Scanner Field Plot 508 Season 2,FALSE,Maricopa,6000000395,6000003104
height,17051,40.759,MAC Field Scanner Field Plot 499 Season 2,FALSE,Maricopa,6000000253,6000003095
height,17051,57.284,MAC Field Scanner Field Plot 533 Season 2,FALSE,Maricopa,6000000410,6000003129
height,17051,57.945,MAC Field Scanner Field Plot 532 Season 2,FALSE,Maricopa,6000000410,6000003128
height,17051,61.911,MAC Field Scanner Field Plot 514 Season 2,FALSE,Maricopa,6000000267,6000003110
height,17051,59.928,MAC Field Scanner Field Plot 515 Season 2,FALSE,Maricopa,6000000267,6000003111
height,17051,51.335,MAC Field Scanner Field Plot 526 Season 2,FALSE,Maricopa,6000000268,6000003122
height,17051,42.742,MAC Field Scanner Field Plot 527 Season 2,FALSE,Maricopa,6000000268,6000003123
height,17051,59.928,MAC Field Scanner Field Plot 589 Season 2,FALSE,Maricopa,6000000277,6000003185
height,17051,54.64,MAC Field Scanner Field Plot 601 Season 2,FALSE,Maricopa,6000000283,6000003197
height,17051,55.962,MAC Field Scanner Field Plot 600 Season 2,FALSE,Maricopa,6000000283,6000003196
height,17051,55.301,MAC Field Scanner Field Plot 575 Season 2,FALSE,Maricopa,6000000287,6000003171
height,17051,53.318,MAC Field Scanner Field Plot 574 Season 2,FALSE,Maricopa,6000000287,6000003170
height,17051,62.572,MAC Field Scanner Field Plot 571 Season 2,FALSE,Maricopa,6000000241,6000003167
height,17051,59.928,MAC Field Scanner Field Plot 570 Season 2,FALSE,Maricopa,6000000241,6000003166
height,17051,48.691,MAC Field Scanner Field Plot 605 Season 2,FALSE,Maricopa,6000000316,6000003201
height,17051,50.013,MAC Field Scanner Field Plot 604 Season 2,FALSE,Maricopa,6000000316,6000003200
height,17051,59.928,MAC Field Scanner Field Plot 584 Season 2,FALSE,Maricopa,6000000318,6000003180
height,17051,60.589,MAC Field Scanner Field Plot 585 Season 2,FALSE,Maricopa,6000000318,6000003181
height,17051,53.979,MAC Field Scanner Field Plot 553 Season 2,FALSE,Maricopa,6000000322,6000003149
height,17051,59.928,MAC Field Scanner Field Plot 595 Season 2,FALSE,Maricopa,6000000331,6000003191
height,17051,57.945,MAC Field Scanner Field Plot 562 Season 2,FALSE,Maricopa,6000000376,6000003158
height,17051,57.945,MAC Field Scanner Field Plot 607 Season 2,FALSE,Maricopa,6000000377,6000003203
height,17051,56.623,MAC Field Scanner Field Plot 606 Season 2,FALSE,Maricopa,6000000377,6000003202
height,17051,53.318,MAC Field Scanner Field Plot 556 Season 2,FALSE,Maricopa,6000000379,6000003152
height,17051,51.996,MAC Field Scanner Field Plot 557 Season 2,FALSE,Maricopa,6000000379,6000003153
height,17051,55.301,MAC Field Scanner Field Plot 558 Season 2,FALSE,Maricopa,6000000248,6000003154
height,17051,57.284,MAC Field Scanner Field Plot 559 Season 2,FALSE,Maricopa,6000000248,6000003155
height,17051,57.945,MAC Field Scanner Field Plot 597 Season 2,FALSE,Maricopa,6000000396,6000003193
height,17051,55.962,MAC Field Scanner Field Plot 596 Season 2,FALSE,Maricopa,6000000396,6000003192
height,17051,34.149,MAC Field Scanner Field Plot 554 Season 2,FALSE,Maricopa,6000000255,6000003150
height,17051,46.047,MAC Field Scanner Field Plot 555 Season 2,FALSE,Maricopa,6000000255,6000003151
height,17051,55.301,MAC Field Scanner Field Plot 578 Season 2,FALSE,Maricopa,6000000271,6000003174
height,17051,53.979,MAC Field Scanner Field Plot 579 Season 2,FALSE,Maricopa,6000000271,6000003175
height,17051,57.945,MAC Field Scanner Field Plot 565 Season 2,FALSE,Maricopa,6000000275,6000003161
height,17051,57.945,MAC Field Scanner Field Plot 564 Season 2,FALSE,Maricopa,6000000275,6000003160
height,17051,60.589,MAC Field Scanner Field Plot 588 Season 2,FALSE,Maricopa,6000000277,6000003184
height,17051,54.64,MAC Field Scanner Field Plot 654 Season 2,FALSE,Maricopa,6000000282,6000003250
height,17051,53.318,MAC Field Scanner Field Plot 655 Season 2,FALSE,Maricopa,6000000282,6000003251
height,17051,33.488,MAC Field Scanner Field Plot 642 Season 2,FALSE,Maricopa,6000000285,6000003238
height,17051,33.488,MAC Field Scanner Field Plot 643 Season 2,FALSE,Maricopa,6000000285,6000003239
height,17051,57.284,MAC Field Scanner Field Plot 614 Season 2,FALSE,Maricopa,6000000289,6000003210
height,17051,52.657,MAC Field Scanner Field Plot 615 Season 2,FALSE,Maricopa,6000000289,6000003211
height,17051,54.64,MAC Field Scanner Field Plot 637 Season 2,FALSE,Maricopa,6000000291,6000003233
height,17051,53.979,MAC Field Scanner Field Plot 636 Season 2,FALSE,Maricopa,6000000291,6000003232
height,17051,59.267,MAC Field Scanner Field Plot 627 Season 2,FALSE,Maricopa,6000000300,6000003223
height,17051,59.267,MAC Field Scanner Field Plot 626 Season 2,FALSE,Maricopa,6000000300,6000003222
height,17051,59.267,MAC Field Scanner Field Plot 629 Season 2,FALSE,Maricopa,6000000319,6000003225
height,17051,59.267,MAC Field Scanner Field Plot 628 Season 2,FALSE,Maricopa,6000000319,6000003224
height,17051,44.064,MAC Field Scanner Field Plot 664 Season 2,FALSE,Maricopa,6000000378,6000003260
height,17051,60.589,MAC Field Scanner Field Plot 631 Season 2,FALSE,Maricopa,6000000381,6000003227
height,17051,61.911,MAC Field Scanner Field Plot 630 Season 2,FALSE,Maricopa,6000000381,6000003226
height,17051,50.674,MAC Field Scanner Field Plot 633 Season 2,FALSE,Maricopa,6000000388,6000003229
height,17051,52.657,MAC Field Scanner Field Plot 632 Season 2,FALSE,Maricopa,6000000388,6000003228
height,17051,58.606,MAC Field Scanner Field Plot 644 Season 2,FALSE,Maricopa,6000000390,6000003240
height,17051,51.996,MAC Field Scanner Field Plot 645 Season 2,FALSE,Maricopa,6000000390,6000003241
height,17051,57.284,MAC Field Scanner Field Plot 620 Season 2,FALSE,Maricopa,6000000400,6000003216
height,17051,53.979,MAC Field Scanner Field Plot 621 Season 2,FALSE,Maricopa,6000000400,6000003217
height,17051,55.301,MAC Field Scanner Field Plot 659 Season 2,FALSE,Maricopa,6000000250,6000003255
height,17051,56.623,MAC Field Scanner Field Plot 658 Season 2,FALSE,Maricopa,6000000250,6000003254
height,17051,48.03,MAC Field Scanner Field Plot 661 Season 2,FALSE,Maricopa,6000000252,6000003257
height,17051,50.013,MAC Field Scanner Field Plot 660 Season 2,FALSE,Maricopa,6000000252,6000003256
height,17051,51.996,MAC Field Scanner Field Plot 702 Season 2,FALSE,Maricopa,6000000278,6000003298
height,17051,55.962,MAC Field Scanner Field Plot 712 Season 2,FALSE,Maricopa,6000000293,6000003308
height,17051,53.318,MAC Field Scanner Field Plot 713 Season 2,FALSE,Maricopa,6000000293,6000003309
height,17051,44.725,MAC Field Scanner Field Plot 710 Season 2,FALSE,Maricopa,6000000298,6000003306
height,17051,46.047,MAC Field Scanner Field Plot 711 Season 2,FALSE,Maricopa,6000000298,6000003307
height,17051,52.657,MAC Field Scanner Field Plot 678 Season 2,FALSE,Maricopa,6000000305,6000003274
height,17051,46.708,MAC Field Scanner Field Plot 679 Season 2,FALSE,Maricopa,6000000305,6000003275
height,17051,53.979,MAC Field Scanner Field Plot 682 Season 2,FALSE,Maricopa,6000000308,6000003278
height,17051,53.979,MAC Field Scanner Field Plot 683 Season 2,FALSE,Maricopa,6000000308,6000003279
height,17051,44.064,MAC Field Scanner Field Plot 674 Season 2,FALSE,Maricopa,6000000311,6000003270
height,17051,34.149,MAC Field Scanner Field Plot 675 Season 2,FALSE,Maricopa,6000000311,6000003271
height,17051,47.369,MAC Field Scanner Field Plot 718 Season 2,FALSE,Maricopa,6000000312,6000003314
height,17051,63.894,MAC Field Scanner Field Plot 686 Season 2,FALSE,Maricopa,6000000313,6000003282
height,17051,61.911,MAC Field Scanner Field Plot 687 Season 2,FALSE,Maricopa,6000000313,6000003283
height,17051,63.894,MAC Field Scanner Field Plot 695 Season 2,FALSE,Maricopa,6000000314,6000003291
height,17051,61.911,MAC Field Scanner Field Plot 694 Season 2,FALSE,Maricopa,6000000314,6000003290
height,17051,46.708,MAC Field Scanner Field Plot 703 Season 2,FALSE,Maricopa,6000000278,6000003299
height,17051,45.386,MAC Field Scanner Field Plot 665 Season 2,FALSE,Maricopa,6000000378,6000003261
height,17051,52.657,MAC Field Scanner Field Plot 667 Season 2,FALSE,Maricopa,6000000380,6000003263
height,17051,53.979,MAC Field Scanner Field Plot 666 Season 2,FALSE,Maricopa,6000000380,6000003262
height,17051,56.623,MAC Field Scanner Field Plot 693 Season 2,FALSE,Maricopa,6000000382,6000003289
height,17051,58.606,MAC Field Scanner Field Plot 692 Season 2,FALSE,Maricopa,6000000382,6000003288
height,17051,57.284,MAC Field Scanner Field Plot 714 Season 2,FALSE,Maricopa,6000000385,6000003310
height,17051,58.606,MAC Field Scanner Field Plot 715 Season 2,FALSE,Maricopa,6000000385,6000003311
height,17051,55.301,MAC Field Scanner Field Plot 701 Season 2,FALSE,Maricopa,6000000387,6000003297
height,17051,56.623,MAC Field Scanner Field Plot 700 Season 2,FALSE,Maricopa,6000000387,6000003296
height,17051,33.488,MAC Field Scanner Field Plot 708 Season 2,FALSE,Maricopa,6000000256,6000003304
height,17051,33.488,MAC Field Scanner Field Plot 709 Season 2,FALSE,Maricopa,6000000256,6000003305
height,17051,53.979,MAC Field Scanner Field Plot 716 Season 2,FALSE,Maricopa,6000000257,6000003312
height,17051,55.962,MAC Field Scanner Field Plot 717 Season 2,FALSE,Maricopa,6000000257,6000003313
height,17051,58.606,MAC Field Scanner Field Plot 765 Season 2,FALSE,Maricopa,6000000290,6000003361
height,17051,56.623,MAC Field Scanner Field Plot 764 Season 2,FALSE,Maricopa,6000000290,6000003360
height,17051,42.081,MAC Field Scanner Field Plot 742 Season 2,FALSE,Maricopa,6000000295,6000003338
height,17051,46.708,MAC Field Scanner Field Plot 743 Season 2,FALSE,Maricopa,6000000295,6000003339
height,17051,54.64,MAC Field Scanner Field Plot 725 Season 2,FALSE,Maricopa,6000000299,6000003321
height,17051,53.318,MAC Field Scanner Field Plot 724 Season 2,FALSE,Maricopa,6000000299,6000003320
height,17051,34.149,MAC Field Scanner Field Plot 719 Season 2,FALSE,Maricopa,6000000312,6000003315
height,17051,59.928,MAC Field Scanner Field Plot 735 Season 2,FALSE,Maricopa,6000000249,6000003331
height,17051,55.962,MAC Field Scanner Field Plot 734 Season 2,FALSE,Maricopa,6000000249,6000003330
height,17051,61.911,MAC Field Scanner Field Plot 740 Season 2,FALSE,Maricopa,6000000394,6000003336
height,17051,55.301,MAC Field Scanner Field Plot 741 Season 2,FALSE,Maricopa,6000000394,6000003337
height,17051,56.623,MAC Field Scanner Field Plot 759 Season 2,FALSE,Maricopa,6000000398,6000003355
height,17051,55.301,MAC Field Scanner Field Plot 758 Season 2,FALSE,Maricopa,6000000398,6000003354
height,17051,54.64,MAC Field Scanner Field Plot 729 Season 2,FALSE,Maricopa,6000000399,6000003325
height,17051,55.962,MAC Field Scanner Field Plot 728 Season 2,FALSE,Maricopa,6000000399,6000003324
height,17051,49.352,MAC Field Scanner Field Plot 757 Season 2,FALSE,Maricopa,6000000402,6000003353
height,17051,46.708,MAC Field Scanner Field Plot 756 Season 2,FALSE,Maricopa,6000000402,6000003352
height,17051,51.996,MAC Field Scanner Field Plot 727 Season 2,FALSE,Maricopa,6000000251,6000003323
height,17051,51.996,MAC Field Scanner Field Plot 726 Season 2,FALSE,Maricopa,6000000251,6000003322
height,17051,59.928,MAC Field Scanner Field Plot 755 Season 2,FALSE,Maricopa,6000000254,6000003351
height,17051,55.962,MAC Field Scanner Field Plot 754 Season 2,FALSE,Maricopa,6000000254,6000003350
height,17051,59.267,MAC Field Scanner Field Plot 770 Season 2,FALSE,Maricopa,6000000260,6000003366
height,17051,57.284,MAC Field Scanner Field Plot 771 Season 2,FALSE,Maricopa,6000000260,6000003367
height,17051,53.979,MAC Field Scanner Field Plot 827 Season 2,FALSE,Maricopa,6000000284,6000003423
height,17051,46.047,MAC Field Scanner Field Plot 826 Season 2,FALSE,Maricopa,6000000284,6000003422
height,17051,48.691,MAC Field Scanner Field Plot 795 Season 2,FALSE,Maricopa,6000000286,6000003391
height,17051,50.013,MAC Field Scanner Field Plot 794 Season 2,FALSE,Maricopa,6000000286,6000003390
height,17051,52.657,MAC Field Scanner Field Plot 802 Season 2,FALSE,Maricopa,6000000294,6000003398
height,17051,51.335,MAC Field Scanner Field Plot 803 Season 2,FALSE,Maricopa,6000000294,6000003399
height,17051,55.962,MAC Field Scanner Field Plot 812 Season 2,FALSE,Maricopa,6000000296,6000003408
height,17051,46.708,MAC Field Scanner Field Plot 813 Season 2,FALSE,Maricopa,6000000296,6000003409
height,17051,50.674,MAC Field Scanner Field Plot 829 Season 2,FALSE,Maricopa,6000000310,6000003425
height,17051,50.013,MAC Field Scanner Field Plot 828 Season 2,FALSE,Maricopa,6000000310,6000003424
height,17051,51.996,MAC Field Scanner Field Plot 787 Season 2,FALSE,Maricopa,6000000317,6000003383
height,17051,46.047,MAC Field Scanner Field Plot 786 Season 2,FALSE,Maricopa,6000000317,6000003382
height,17051,62.572,MAC Field Scanner Field Plot 791 Season 2,FALSE,Maricopa,6000000383,6000003387
height,17051,59.267,MAC Field Scanner Field Plot 790 Season 2,FALSE,Maricopa,6000000383,6000003386
height,17051,55.301,MAC Field Scanner Field Plot 799 Season 2,FALSE,Maricopa,6000000384,6000003395
height,17051,56.623,MAC Field Scanner Field Plot 798 Season 2,FALSE,Maricopa,6000000384,6000003394
height,17051,55.962,MAC Field Scanner Field Plot 804 Season 2,FALSE,Maricopa,6000000397,6000003400
height,17051,57.945,MAC Field Scanner Field Plot 805 Season 2,FALSE,Maricopa,6000000397,6000003401
height,17051,57.284,MAC Field Scanner Field Plot 797 Season 2,FALSE,Maricopa,6000000401,6000003393
height,17051,54.64,MAC Field Scanner Field Plot 796 Season 2,FALSE,Maricopa,6000000401,6000003392
height,17051,53.979,MAC Field Scanner Field Plot 830 Season 2,FALSE,Maricopa,6000000259,6000003426
height,17051,55.962,MAC Field Scanner Field Plot 806 Season 2,FALSE,Maricopa,6000000405,6000003402
height,17051,58.606,MAC Field Scanner Field Plot 807 Season 2,FALSE,Maricopa,6000000405,6000003403
height,17051,45.386,MAC Field Scanner Field Plot 821 Season 2,FALSE,Maricopa,6000000262,6000003417
height,17051,42.081,MAC Field Scanner Field Plot 820 Season 2,FALSE,Maricopa,6000000262,6000003416
height,17051,55.962,MAC Field Scanner Field Plot 808 Season 2,FALSE,Maricopa,6000000269,6000003404
height,17051,55.301,MAC Field Scanner Field Plot 809 Season 2,FALSE,Maricopa,6000000269,6000003405
height,17051,33.488,MAC Field Scanner Field Plot 819 Season 2,FALSE,Maricopa,6000000274,6000003415
height,17051,34.149,MAC Field Scanner Field Plot 818 Season 2,FALSE,Maricopa,6000000274,6000003414
height,17052,48.03,MAC Field Scanner Field Plot 44 Season 2,FALSE,Maricopa,6000000293,6000002640
height,17052,48.691,MAC Field Scanner Field Plot 45 Season 2,FALSE,Maricopa,6000000293,6000002641
height,17052,46.047,MAC Field Scanner Field Plot 35 Season 2,FALSE,Maricopa,6000000278,6000002631
height,17052,55.301,MAC Field Scanner Field Plot 29 Season 2,FALSE,Maricopa,6000000415,6000002625
height,17052,58.606,MAC Field Scanner Field Plot 28 Season 2,FALSE,Maricopa,6000000415,6000002624
height,17052,53.318,MAC Field Scanner Field Plot 51 Season 2,FALSE,Maricopa,6000000334,6000002647
height,17052,55.301,MAC Field Scanner Field Plot 50 Season 2,FALSE,Maricopa,6000000334,6000002646
height,17052,48.03,MAC Field Scanner Field Plot 40 Season 2,FALSE,Maricopa,6000000356,6000002636
height,17052,47.369,MAC Field Scanner Field Plot 41 Season 2,FALSE,Maricopa,6000000356,6000002637
height,17052,48.691,MAC Field Scanner Field Plot 36 Season 2,FALSE,Maricopa,6000000367,6000002632
height,17052,49.352,MAC Field Scanner Field Plot 37 Season 2,FALSE,Maricopa,6000000367,6000002633
height,17052,47.369,MAC Field Scanner Field Plot 42 Season 2,FALSE,Maricopa,6000000384,6000002638
height,17052,55.301,MAC Field Scanner Field Plot 43 Season 2,FALSE,Maricopa,6000000384,6000002639
height,17052,55.301,MAC Field Scanner Field Plot 53 Season 2,FALSE,Maricopa,6000000401,6000002649
height,17052,55.962,MAC Field Scanner Field Plot 52 Season 2,FALSE,Maricopa,6000000401,6000002648
height,17052,53.318,MAC Field Scanner Field Plot 46 Season 2,FALSE,Maricopa,6000000258,6000002642
height,17052,52.657,MAC Field Scanner Field Plot 47 Season 2,FALSE,Maricopa,6000000258,6000002643
height,17051,51.335,MAC Field Scanner Field Plot 831 Season 2,FALSE,Maricopa,6000000259,6000003427
height,17052,56.623,MAC Field Scanner Field Plot 78 Season 2,FALSE,Maricopa,6000000282,6000002674
height,17052,53.979,MAC Field Scanner Field Plot 79 Season 2,FALSE,Maricopa,6000000282,6000002675
height,17052,44.064,MAC Field Scanner Field Plot 72 Season 2,FALSE,Maricopa,6000000291,6000002668
height,17052,52.657,MAC Field Scanner Field Plot 73 Season 2,FALSE,Maricopa,6000000291,6000002669
height,17052,53.318,MAC Field Scanner Field Plot 55 Season 2,FALSE,Maricopa,6000000294,6000002651
height,17052,55.962,MAC Field Scanner Field Plot 54 Season 2,FALSE,Maricopa,6000000294,6000002650
height,17052,42.742,MAC Field Scanner Field Plot 98 Season 2,FALSE,Maricopa,6000000295,6000002694
height,17052,41.42,MAC Field Scanner Field Plot 99 Season 2,FALSE,Maricopa,6000000295,6000002695
height,17052,61.911,MAC Field Scanner Field Plot 70 Season 2,FALSE,Maricopa,6000000296,6000002666
height,17052,59.928,MAC Field Scanner Field Plot 71 Season 2,FALSE,Maricopa,6000000296,6000002667
height,17052,59.928,MAC Field Scanner Field Plot 63 Season 2,FALSE,Maricopa,6000000241,6000002659
height,17052,55.301,MAC Field Scanner Field Plot 62 Season 2,FALSE,Maricopa,6000000241,6000002658
height,17052,62.572,MAC Field Scanner Field Plot 87 Season 2,FALSE,Maricopa,6000000313,6000002683
height,17052,65.216,MAC Field Scanner Field Plot 86 Season 2,FALSE,Maricopa,6000000313,6000002682
height,17052,56.623,MAC Field Scanner Field Plot 106 Season 2,FALSE,Maricopa,6000000397,6000002702
height,17052,64.555,MAC Field Scanner Field Plot 107 Season 2,FALSE,Maricopa,6000000397,6000002703
height,17052,50.674,MAC Field Scanner Field Plot 83 Season 2,FALSE,Maricopa,6000000400,6000002679
height,17052,50.674,MAC Field Scanner Field Plot 82 Season 2,FALSE,Maricopa,6000000400,6000002678
height,17052,44.064,MAC Field Scanner Field Plot 66 Season 2,FALSE,Maricopa,6000000255,6000002662
height,17052,44.725,MAC Field Scanner Field Plot 67 Season 2,FALSE,Maricopa,6000000255,6000002663
height,17052,38.115,MAC Field Scanner Field Plot 74 Season 2,FALSE,Maricopa,6000000256,6000002670
height,17052,39.437,MAC Field Scanner Field Plot 75 Season 2,FALSE,Maricopa,6000000256,6000002671
height,17052,60.589,MAC Field Scanner Field Plot 76 Season 2,FALSE,Maricopa,6000000260,6000002672
height,17052,59.267,MAC Field Scanner Field Plot 77 Season 2,FALSE,Maricopa,6000000260,6000002673
height,17052,53.979,MAC Field Scanner Field Plot 102 Season 2,FALSE,Maricopa,6000000406,6000002698
height,17052,46.047,MAC Field Scanner Field Plot 103 Season 2,FALSE,Maricopa,6000000406,6000002699
height,17052,57.284,MAC Field Scanner Field Plot 100 Season 2,FALSE,Maricopa,6000000265,6000002696
height,17052,59.928,MAC Field Scanner Field Plot 101 Season 2,FALSE,Maricopa,6000000265,6000002697
height,17052,42.081,MAC Field Scanner Field Plot 61 Season 2,FALSE,Maricopa,6000000274,6000002657
height,17052,59.928,MAC Field Scanner Field Plot 121 Season 2,FALSE,Maricopa,6000000289,6000002717
height,17052,54.64,MAC Field Scanner Field Plot 120 Season 2,FALSE,Maricopa,6000000289,6000002716
height,17052,55.962,MAC Field Scanner Field Plot 108 Season 2,FALSE,Maricopa,6000000315,6000002704
height,17052,50.013,MAC Field Scanner Field Plot 109 Season 2,FALSE,Maricopa,6000000315,6000002705
height,17052,59.267,MAC Field Scanner Field Plot 119 Season 2,FALSE,Maricopa,6000000319,6000002715
height,17052,62.572,MAC Field Scanner Field Plot 118 Season 2,FALSE,Maricopa,6000000319,6000002714
height,17052,55.962,MAC Field Scanner Field Plot 140 Season 2,FALSE,Maricopa,6000000377,6000002736
height,17052,57.945,MAC Field Scanner Field Plot 141 Season 2,FALSE,Maricopa,6000000377,6000002737
height,17052,61.25,MAC Field Scanner Field Plot 123 Season 2,FALSE,Maricopa,6000000389,6000002719
height,17052,55.962,MAC Field Scanner Field Plot 122 Season 2,FALSE,Maricopa,6000000389,6000002718
height,17052,56.623,MAC Field Scanner Field Plot 127 Season 2,FALSE,Maricopa,6000000393,6000002723
height,17052,50.013,MAC Field Scanner Field Plot 126 Season 2,FALSE,Maricopa,6000000393,6000002722
height,17052,55.301,MAC Field Scanner Field Plot 149 Season 2,FALSE,Maricopa,6000000396,6000002745
height,17052,54.64,MAC Field Scanner Field Plot 148 Season 2,FALSE,Maricopa,6000000396,6000002744
height,17052,41.42,MAC Field Scanner Field Plot 162 Season 2,FALSE,Maricopa,6000000402,6000002758
height,17052,46.708,MAC Field Scanner Field Plot 163 Season 2,FALSE,Maricopa,6000000402,6000002759
height,17052,51.996,MAC Field Scanner Field Plot 151 Season 2,FALSE,Maricopa,6000000403,6000002747
height,17052,52.657,MAC Field Scanner Field Plot 150 Season 2,FALSE,Maricopa,6000000403,6000002746
height,17052,44.725,MAC Field Scanner Field Plot 142 Season 2,FALSE,Maricopa,6000000252,6000002738
height,17052,50.674,MAC Field Scanner Field Plot 143 Season 2,FALSE,Maricopa,6000000252,6000002739
height,17052,56.623,MAC Field Scanner Field Plot 132 Season 2,FALSE,Maricopa,6000000261,6000002728
height,17052,57.284,MAC Field Scanner Field Plot 133 Season 2,FALSE,Maricopa,6000000261,6000002729
height,17052,42.742,MAC Field Scanner Field Plot 138 Season 2,FALSE,Maricopa,6000000266,6000002734
height,17052,50.674,MAC Field Scanner Field Plot 139 Season 2,FALSE,Maricopa,6000000266,6000002735
height,17052,32.827,MAC Field Scanner Field Plot 172 Season 2,FALSE,Maricopa,6000000285,6000002768
height,17052,34.149,MAC Field Scanner Field Plot 173 Season 2,FALSE,Maricopa,6000000285,6000002769
height,17052,51.996,MAC Field Scanner Field Plot 166 Season 2,FALSE,Maricopa,6000000286,6000002762
height,17052,51.996,MAC Field Scanner Field Plot 167 Season 2,FALSE,Maricopa,6000000286,6000002763
height,17052,49.352,MAC Field Scanner Field Plot 198 Season 2,FALSE,Maricopa,6000000292,6000002794
height,17052,44.725,MAC Field Scanner Field Plot 199 Season 2,FALSE,Maricopa,6000000292,6000002795
height,17052,57.284,MAC Field Scanner Field Plot 189 Season 2,FALSE,Maricopa,6000000299,6000002785
height,17052,59.267,MAC Field Scanner Field Plot 188 Season 2,FALSE,Maricopa,6000000299,6000002784
height,17052,60.589,MAC Field Scanner Field Plot 164 Season 2,FALSE,Maricopa,6000000302,6000002760
height,17052,58.606,MAC Field Scanner Field Plot 165 Season 2,FALSE,Maricopa,6000000302,6000002761
height,17052,58.606,MAC Field Scanner Field Plot 187 Season 2,FALSE,Maricopa,6000000304,6000002783
height,17052,55.301,MAC Field Scanner Field Plot 186 Season 2,FALSE,Maricopa,6000000304,6000002782
height,17052,61.911,MAC Field Scanner Field Plot 181 Season 2,FALSE,Maricopa,6000000385,6000002777
height,17052,59.928,MAC Field Scanner Field Plot 180 Season 2,FALSE,Maricopa,6000000385,6000002776
height,17052,52.657,MAC Field Scanner Field Plot 217 Season 2,FALSE,Maricopa,6000000386,6000002813
height,17052,53.979,MAC Field Scanner Field Plot 216 Season 2,FALSE,Maricopa,6000000386,6000002812
height,17052,57.945,MAC Field Scanner Field Plot 202 Season 2,FALSE,Maricopa,6000000387,6000002798
height,17052,59.928,MAC Field Scanner Field Plot 203 Season 2,FALSE,Maricopa,6000000387,6000002799
height,17052,57.284,MAC Field Scanner Field Plot 213 Season 2,FALSE,Maricopa,6000000249,6000002809
height,17052,53.318,MAC Field Scanner Field Plot 212 Season 2,FALSE,Maricopa,6000000249,6000002808
height,17052,57.945,MAC Field Scanner Field Plot 215 Season 2,FALSE,Maricopa,6000000257,6000002811
height,17052,57.284,MAC Field Scanner Field Plot 214 Season 2,FALSE,Maricopa,6000000257,6000002810
height,17052,61.25,MAC Field Scanner Field Plot 211 Season 2,FALSE,Maricopa,6000000259,6000002807
height,17052,55.962,MAC Field Scanner Field Plot 210 Season 2,FALSE,Maricopa,6000000259,6000002806
height,17052,57.945,MAC Field Scanner Field Plot 170 Season 2,FALSE,Maricopa,6000000262,6000002766
height,17052,55.962,MAC Field Scanner Field Plot 171 Season 2,FALSE,Maricopa,6000000262,6000002767
height,17052,61.25,MAC Field Scanner Field Plot 185 Season 2,FALSE,Maricopa,6000000263,6000002781
height,17052,56.623,MAC Field Scanner Field Plot 268 Season 2,FALSE,Maricopa,6000000280,6000002864
height,17052,62.572,MAC Field Scanner Field Plot 269 Season 2,FALSE,Maricopa,6000000280,6000002865
height,17052,51.996,MAC Field Scanner Field Plot 232 Season 2,FALSE,Maricopa,6000000281,6000002828
height,17052,55.301,MAC Field Scanner Field Plot 233 Season 2,FALSE,Maricopa,6000000281,6000002829
height,17052,58.606,MAC Field Scanner Field Plot 262 Season 2,FALSE,Maricopa,6000000290,6000002858
height,17052,58.606,MAC Field Scanner Field Plot 263 Season 2,FALSE,Maricopa,6000000290,6000002859
height,17052,61.911,MAC Field Scanner Field Plot 249 Season 2,FALSE,Maricopa,6000000300,6000002845
height,17052,60.589,MAC Field Scanner Field Plot 248 Season 2,FALSE,Maricopa,6000000300,6000002844
height,17052,50.013,MAC Field Scanner Field Plot 221 Season 2,FALSE,Maricopa,6000000303,6000002817
height,17052,48.03,MAC Field Scanner Field Plot 220 Season 2,FALSE,Maricopa,6000000303,6000002816
height,17052,50.674,MAC Field Scanner Field Plot 264 Season 2,FALSE,Maricopa,6000000305,6000002860
height,17052,53.318,MAC Field Scanner Field Plot 265 Season 2,FALSE,Maricopa,6000000305,6000002861
height,17052,61.911,MAC Field Scanner Field Plot 266 Season 2,FALSE,Maricopa,6000000307,6000002862
height,17052,63.233,MAC Field Scanner Field Plot 267 Season 2,FALSE,Maricopa,6000000307,6000002863
height,17052,55.301,MAC Field Scanner Field Plot 247 Season 2,FALSE,Maricopa,6000000317,6000002843
height,17052,57.284,MAC Field Scanner Field Plot 246 Season 2,FALSE,Maricopa,6000000317,6000002842
height,17052,57.945,MAC Field Scanner Field Plot 255 Season 2,FALSE,Maricopa,6000000338,6000002851
height,17052,55.962,MAC Field Scanner Field Plot 254 Season 2,FALSE,Maricopa,6000000338,6000002850
height,17052,53.979,MAC Field Scanner Field Plot 228 Season 2,FALSE,Maricopa,6000000379,6000002824
height,17052,55.962,MAC Field Scanner Field Plot 229 Season 2,FALSE,Maricopa,6000000379,6000002825
height,17052,57.945,MAC Field Scanner Field Plot 230 Season 2,FALSE,Maricopa,6000000382,6000002826
height,17052,55.962,MAC Field Scanner Field Plot 231 Season 2,FALSE,Maricopa,6000000382,6000002827
height,17052,57.284,MAC Field Scanner Field Plot 260 Season 2,FALSE,Maricopa,6000000248,6000002856
height,17052,57.284,MAC Field Scanner Field Plot 261 Season 2,FALSE,Maricopa,6000000248,6000002857
height,17052,57.945,MAC Field Scanner Field Plot 270 Season 2,FALSE,Maricopa,6000000394,6000002866
height,17052,52.657,MAC Field Scanner Field Plot 271 Season 2,FALSE,Maricopa,6000000394,6000002867
height,17052,61.911,MAC Field Scanner Field Plot 234 Season 2,FALSE,Maricopa,6000000273,6000002830
height,17052,63.233,MAC Field Scanner Field Plot 235 Season 2,FALSE,Maricopa,6000000273,6000002831
height,17052,56.623,MAC Field Scanner Field Plot 314 Season 2,FALSE,Maricopa,6000000279,6000002910
height,17052,54.64,MAC Field Scanner Field Plot 302 Season 2,FALSE,Maricopa,6000000284,6000002898
height,17052,50.013,MAC Field Scanner Field Plot 303 Season 2,FALSE,Maricopa,6000000284,6000002899
height,17052,44.725,MAC Field Scanner Field Plot 326 Season 2,FALSE,Maricopa,6000000301,6000002922
height,17052,48.03,MAC Field Scanner Field Plot 327 Season 2,FALSE,Maricopa,6000000301,6000002923
height,17052,61.911,MAC Field Scanner Field Plot 307 Season 2,FALSE,Maricopa,6000000306,6000002903
height,17052,55.962,MAC Field Scanner Field Plot 306 Season 2,FALSE,Maricopa,6000000306,6000002902
height,17052,46.708,MAC Field Scanner Field Plot 290 Season 2,FALSE,Maricopa,6000000316,6000002886
height,17052,43.403,MAC Field Scanner Field Plot 291 Season 2,FALSE,Maricopa,6000000316,6000002887
height,17052,54.64,MAC Field Scanner Field Plot 281 Season 2,FALSE,Maricopa,6000000380,6000002877
height,17052,54.64,MAC Field Scanner Field Plot 280 Season 2,FALSE,Maricopa,6000000380,6000002876
height,17052,62.572,MAC Field Scanner Field Plot 296 Season 2,FALSE,Maricopa,6000000381,6000002892
height,17052,60.589,MAC Field Scanner Field Plot 297 Season 2,FALSE,Maricopa,6000000381,6000002893
height,17052,63.233,MAC Field Scanner Field Plot 279 Season 2,FALSE,Maricopa,6000000383,6000002875
height,17052,63.233,MAC Field Scanner Field Plot 278 Season 2,FALSE,Maricopa,6000000383,6000002874
height,17052,60.589,MAC Field Scanner Field Plot 309 Season 2,FALSE,Maricopa,6000000390,6000002905
height,17052,59.928,MAC Field Scanner Field Plot 308 Season 2,FALSE,Maricopa,6000000390,6000002904
height,17052,57.945,MAC Field Scanner Field Plot 319 Season 2,FALSE,Maricopa,6000000395,6000002915
height,17052,50.013,MAC Field Scanner Field Plot 318 Season 2,FALSE,Maricopa,6000000395,6000002914
height,17052,56.623,MAC Field Scanner Field Plot 298 Season 2,FALSE,Maricopa,6000000398,6000002894
height,17052,56.623,MAC Field Scanner Field Plot 299 Season 2,FALSE,Maricopa,6000000398,6000002895
height,17052,56.623,MAC Field Scanner Field Plot 324 Season 2,FALSE,Maricopa,6000000399,6000002920
height,17052,55.962,MAC Field Scanner Field Plot 325 Season 2,FALSE,Maricopa,6000000399,6000002921
height,17052,50.013,MAC Field Scanner Field Plot 283 Season 2,FALSE,Maricopa,6000000253,6000002879
height,17052,38.776,MAC Field Scanner Field Plot 282 Season 2,FALSE,Maricopa,6000000253,6000002878
height,17052,57.945,MAC Field Scanner Field Plot 322 Season 2,FALSE,Maricopa,6000000408,6000002918
height,17052,55.301,MAC Field Scanner Field Plot 345 Season 2,FALSE,Maricopa,6000000287,6000002941
height,17052,49.352,MAC Field Scanner Field Plot 344 Season 2,FALSE,Maricopa,6000000287,6000002940
height,17052,34.81,MAC Field Scanner Field Plot 379 Season 2,FALSE,Maricopa,6000000288,6000002975
height,17052,34.149,MAC Field Scanner Field Plot 378 Season 2,FALSE,Maricopa,6000000288,6000002974
height,17052,56.623,MAC Field Scanner Field Plot 358 Season 2,FALSE,Maricopa,6000000297,6000002954
height,17052,55.301,MAC Field Scanner Field Plot 359 Season 2,FALSE,Maricopa,6000000297,6000002955
height,17052,52.657,MAC Field Scanner Field Plot 351 Season 2,FALSE,Maricopa,6000000309,6000002947
height,17052,53.318,MAC Field Scanner Field Plot 350 Season 2,FALSE,Maricopa,6000000309,6000002946
height,17052,37.454,MAC Field Scanner Field Plot 347 Season 2,FALSE,Maricopa,6000000311,6000002943
height,17052,46.708,MAC Field Scanner Field Plot 346 Season 2,FALSE,Maricopa,6000000311,6000002942
height,17052,52.657,MAC Field Scanner Field Plot 383 Season 2,FALSE,Maricopa,6000000312,6000002979
height,17052,47.369,MAC Field Scanner Field Plot 382 Season 2,FALSE,Maricopa,6000000312,6000002978
height,17052,41.42,MAC Field Scanner Field Plot 371 Season 2,FALSE,Maricopa,6000000412,6000002967
height,17052,46.047,MAC Field Scanner Field Plot 370 Season 2,FALSE,Maricopa,6000000412,6000002966
height,17052,60.589,MAC Field Scanner Field Plot 360 Season 2,FALSE,Maricopa,6000000405,6000002956
height,17052,57.284,MAC Field Scanner Field Plot 361 Season 2,FALSE,Maricopa,6000000405,6000002957
height,17052,60.589,MAC Field Scanner Field Plot 364 Season 2,FALSE,Maricopa,6000000407,6000002960
height,17052,59.928,MAC Field Scanner Field Plot 365 Season 2,FALSE,Maricopa,6000000407,6000002961
height,17052,57.945,MAC Field Scanner Field Plot 343 Season 2,FALSE,Maricopa,6000000409,6000002939
height,17052,59.928,MAC Field Scanner Field Plot 342 Season 2,FALSE,Maricopa,6000000409,6000002938
height,17052,49.352,MAC Field Scanner Field Plot 356 Season 2,FALSE,Maricopa,6000000271,6000002952
height,17052,53.318,MAC Field Scanner Field Plot 357 Season 2,FALSE,Maricopa,6000000271,6000002953
height,17052,33.488,MAC Field Scanner Field Plot 362 Season 2,FALSE,Maricopa,6000000272,6000002958
height,17052,33.488,MAC Field Scanner Field Plot 363 Season 2,FALSE,Maricopa,6000000272,6000002959
height,17052,45.386,MAC Field Scanner Field Plot 409 Season 2,FALSE,Maricopa,6000000283,6000003005
height,17052,53.318,MAC Field Scanner Field Plot 408 Season 2,FALSE,Maricopa,6000000283,6000003004
height,17052,46.708,MAC Field Scanner Field Plot 418 Season 2,FALSE,Maricopa,6000000298,6000003014
height,17052,49.352,MAC Field Scanner Field Plot 419 Season 2,FALSE,Maricopa,6000000298,6000003015
height,17052,48.03,MAC Field Scanner Field Plot 386 Season 2,FALSE,Maricopa,6000000308,6000002982
height,17052,51.996,MAC Field Scanner Field Plot 387 Season 2,FALSE,Maricopa,6000000308,6000002983
height,17052,47.369,MAC Field Scanner Field Plot 398 Season 2,FALSE,Maricopa,6000000310,6000002994
height,17052,51.335,MAC Field Scanner Field Plot 399 Season 2,FALSE,Maricopa,6000000310,6000002995
height,17052,65.877,MAC Field Scanner Field Plot 424 Season 2,FALSE,Maricopa,6000000314,6000003020
height,17052,64.555,MAC Field Scanner Field Plot 425 Season 2,FALSE,Maricopa,6000000314,6000003021
height,17052,57.284,MAC Field Scanner Field Plot 390 Season 2,FALSE,Maricopa,6000000318,6000002986
height,17052,49.352,MAC Field Scanner Field Plot 391 Season 2,FALSE,Maricopa,6000000318,6000002987
height,17052,60.589,MAC Field Scanner Field Plot 584 Season 2,FALSE,Maricopa,6000000318,6000003180
height,17052,52.657,MAC Field Scanner Field Plot 388 Season 2,FALSE,Maricopa,6000000378,6000002984
height,17052,48.03,MAC Field Scanner Field Plot 389 Season 2,FALSE,Maricopa,6000000378,6000002985
height,17052,52.657,MAC Field Scanner Field Plot 392 Season 2,FALSE,Maricopa,6000000388,6000002988
height,17052,55.962,MAC Field Scanner Field Plot 393 Season 2,FALSE,Maricopa,6000000388,6000002989
height,17052,61.25,MAC Field Scanner Field Plot 430 Season 2,FALSE,Maricopa,6000000391,6000003026
height,17052,59.267,MAC Field Scanner Field Plot 431 Season 2,FALSE,Maricopa,6000000391,6000003027
height,17052,63.894,MAC Field Scanner Field Plot 426 Season 2,FALSE,Maricopa,6000000392,6000003022
height,17052,62.572,MAC Field Scanner Field Plot 427 Season 2,FALSE,Maricopa,6000000392,6000003023
height,17052,57.284,MAC Field Scanner Field Plot 405 Season 2,FALSE,Maricopa,6000000250,6000003001
height,17052,60.589,MAC Field Scanner Field Plot 404 Season 2,FALSE,Maricopa,6000000250,6000003e3
height,17052,50.013,MAC Field Scanner Field Plot 415 Season 2,FALSE,Maricopa,6000000251,6000003011
height,17052,49.352,MAC Field Scanner Field Plot 414 Season 2,FALSE,Maricopa,6000000251,6000003010
height,17052,63.894,MAC Field Scanner Field Plot 411 Season 2,FALSE,Maricopa,6000000254,6000003007
height,17052,59.928,MAC Field Scanner Field Plot 589 Season 2,FALSE,Maricopa,6000000277,6000003185
height,17052,57.284,MAC Field Scanner Field Plot 601 Season 2,FALSE,Maricopa,6000000283,6000003197
height,17052,57.945,MAC Field Scanner Field Plot 600 Season 2,FALSE,Maricopa,6000000283,6000003196
height,17052,59.928,MAC Field Scanner Field Plot 614 Season 2,FALSE,Maricopa,6000000289,6000003210
height,17052,55.301,MAC Field Scanner Field Plot 615 Season 2,FALSE,Maricopa,6000000289,6000003211
height,17052,57.284,MAC Field Scanner Field Plot 637 Season 2,FALSE,Maricopa,6000000291,6000003233
height,17052,55.962,MAC Field Scanner Field Plot 636 Season 2,FALSE,Maricopa,6000000291,6000003232
height,17052,61.25,MAC Field Scanner Field Plot 627 Season 2,FALSE,Maricopa,6000000300,6000003223
height,17052,63.233,MAC Field Scanner Field Plot 626 Season 2,FALSE,Maricopa,6000000300,6000003222
height,17052,51.335,MAC Field Scanner Field Plot 605 Season 2,FALSE,Maricopa,6000000316,6000003201
height,17052,51.335,MAC Field Scanner Field Plot 604 Season 2,FALSE,Maricopa,6000000316,6000003200
height,17052,58.606,MAC Field Scanner Field Plot 585 Season 2,FALSE,Maricopa,6000000318,6000003181
height,17052,61.25,MAC Field Scanner Field Plot 629 Season 2,FALSE,Maricopa,6000000319,6000003225
height,17052,60.589,MAC Field Scanner Field Plot 628 Season 2,FALSE,Maricopa,6000000319,6000003224
height,17052,61.25,MAC Field Scanner Field Plot 595 Season 2,FALSE,Maricopa,6000000331,6000003191
height,17052,61.25,MAC Field Scanner Field Plot 594 Season 2,FALSE,Maricopa,6000000331,6000003190
height,17052,59.267,MAC Field Scanner Field Plot 607 Season 2,FALSE,Maricopa,6000000377,6000003203
height,17052,58.606,MAC Field Scanner Field Plot 606 Season 2,FALSE,Maricopa,6000000377,6000003202
height,17052,63.233,MAC Field Scanner Field Plot 631 Season 2,FALSE,Maricopa,6000000381,6000003227
height,17052,64.555,MAC Field Scanner Field Plot 630 Season 2,FALSE,Maricopa,6000000381,6000003226
height,17052,52.657,MAC Field Scanner Field Plot 633 Season 2,FALSE,Maricopa,6000000388,6000003229
height,17052,54.64,MAC Field Scanner Field Plot 632 Season 2,FALSE,Maricopa,6000000388,6000003228
height,17052,60.589,MAC Field Scanner Field Plot 597 Season 2,FALSE,Maricopa,6000000396,6000003193
height,17052,57.945,MAC Field Scanner Field Plot 596 Season 2,FALSE,Maricopa,6000000396,6000003192
height,17052,59.928,MAC Field Scanner Field Plot 620 Season 2,FALSE,Maricopa,6000000400,6000003216
height,17052,55.301,MAC Field Scanner Field Plot 621 Season 2,FALSE,Maricopa,6000000400,6000003217
height,17052,61.25,MAC Field Scanner Field Plot 635 Season 2,FALSE,Maricopa,6000000258,6000003231
height,17052,57.945,MAC Field Scanner Field Plot 634 Season 2,FALSE,Maricopa,6000000258,6000003230
height,17052,57.945,MAC Field Scanner Field Plot 622 Season 2,FALSE,Maricopa,6000000409,6000003218
height,17052,57.284,MAC Field Scanner Field Plot 623 Season 2,FALSE,Maricopa,6000000409,6000003219
height,17052,63.233,MAC Field Scanner Field Plot 618 Season 2,FALSE,Maricopa,6000000265,6000003214
height,17052,56.623,MAC Field Scanner Field Plot 654 Season 2,FALSE,Maricopa,6000000282,6000003250
height,17052,57.945,MAC Field Scanner Field Plot 655 Season 2,FALSE,Maricopa,6000000282,6000003251
height,17052,33.488,MAC Field Scanner Field Plot 642 Season 2,FALSE,Maricopa,6000000285,6000003238
height,17052,33.488,MAC Field Scanner Field Plot 643 Season 2,FALSE,Maricopa,6000000285,6000003239
height,17052,54.64,MAC Field Scanner Field Plot 678 Season 2,FALSE,Maricopa,6000000305,6000003274
height,17052,50.013,MAC Field Scanner Field Plot 679 Season 2,FALSE,Maricopa,6000000305,6000003275
height,17052,57.284,MAC Field Scanner Field Plot 682 Season 2,FALSE,Maricopa,6000000308,6000003278
height,17052,55.962,MAC Field Scanner Field Plot 683 Season 2,FALSE,Maricopa,6000000308,6000003279
height,17052,46.047,MAC Field Scanner Field Plot 674 Season 2,FALSE,Maricopa,6000000311,6000003270
height,17052,34.81,MAC Field Scanner Field Plot 675 Season 2,FALSE,Maricopa,6000000311,6000003271
height,17052,65.216,MAC Field Scanner Field Plot 686 Season 2,FALSE,Maricopa,6000000313,6000003282
height,17052,66.538,MAC Field Scanner Field Plot 687 Season 2,FALSE,Maricopa,6000000313,6000003283
height,17052,66.538,MAC Field Scanner Field Plot 695 Season 2,FALSE,Maricopa,6000000314,6000003291
height,17052,64.555,MAC Field Scanner Field Plot 694 Season 2,FALSE,Maricopa,6000000314,6000003290
height,17052,47.369,MAC Field Scanner Field Plot 665 Season 2,FALSE,Maricopa,6000000378,6000003261
height,17052,46.047,MAC Field Scanner Field Plot 664 Season 2,FALSE,Maricopa,6000000378,6000003260
height,17052,53.979,MAC Field Scanner Field Plot 667 Season 2,FALSE,Maricopa,6000000380,6000003263
height,17052,55.301,MAC Field Scanner Field Plot 666 Season 2,FALSE,Maricopa,6000000380,6000003262
height,17052,57.945,MAC Field Scanner Field Plot 693 Season 2,FALSE,Maricopa,6000000382,6000003289
height,17052,59.928,MAC Field Scanner Field Plot 692 Season 2,FALSE,Maricopa,6000000382,6000003288
height,17052,61.25,MAC Field Scanner Field Plot 644 Season 2,FALSE,Maricopa,6000000390,6000003240
height,17052,53.979,MAC Field Scanner Field Plot 645 Season 2,FALSE,Maricopa,6000000390,6000003241
height,17052,57.284,MAC Field Scanner Field Plot 659 Season 2,FALSE,Maricopa,6000000250,6000003255
height,17052,61.25,MAC Field Scanner Field Plot 658 Season 2,FALSE,Maricopa,6000000250,6000003254
height,17052,50.674,MAC Field Scanner Field Plot 661 Season 2,FALSE,Maricopa,6000000252,6000003257
height,17052,52.657,MAC Field Scanner Field Plot 660 Season 2,FALSE,Maricopa,6000000252,6000003256
height,17052,59.928,MAC Field Scanner Field Plot 663 Season 2,FALSE,Maricopa,6000000263,6000003259
height,17052,57.945,MAC Field Scanner Field Plot 662 Season 2,FALSE,Maricopa,6000000263,6000003258
height,17052,53.979,MAC Field Scanner Field Plot 652 Season 2,FALSE,Maricopa,6000000264,6000003248
height,17052,56.623,MAC Field Scanner Field Plot 653 Season 2,FALSE,Maricopa,6000000264,6000003249
height,17052,53.979,MAC Field Scanner Field Plot 702 Season 2,FALSE,Maricopa,6000000278,6000003298
height,17052,57.945,MAC Field Scanner Field Plot 712 Season 2,FALSE,Maricopa,6000000293,6000003308
height,17052,55.962,MAC Field Scanner Field Plot 713 Season 2,FALSE,Maricopa,6000000293,6000003309
height,17052,44.064,MAC Field Scanner Field Plot 742 Season 2,FALSE,Maricopa,6000000295,6000003338
height,17052,49.352,MAC Field Scanner Field Plot 743 Season 2,FALSE,Maricopa,6000000295,6000003339
height,17052,46.708,MAC Field Scanner Field Plot 710 Season 2,FALSE,Maricopa,6000000298,6000003306
height,17052,48.03,MAC Field Scanner Field Plot 711 Season 2,FALSE,Maricopa,6000000298,6000003307
height,17052,56.623,MAC Field Scanner Field Plot 725 Season 2,FALSE,Maricopa,6000000299,6000003321
height,17052,55.301,MAC Field Scanner Field Plot 724 Season 2,FALSE,Maricopa,6000000299,6000003320
height,17052,48.03,MAC Field Scanner Field Plot 718 Season 2,FALSE,Maricopa,6000000312,6000003314
height,17052,40.759,MAC Field Scanner Field Plot 719 Season 2,FALSE,Maricopa,6000000312,6000003315
height,17052,50.013,MAC Field Scanner Field Plot 703 Season 2,FALSE,Maricopa,6000000278,6000003299
height,17052,59.267,MAC Field Scanner Field Plot 714 Season 2,FALSE,Maricopa,6000000385,6000003310
height,17052,60.589,MAC Field Scanner Field Plot 715 Season 2,FALSE,Maricopa,6000000385,6000003311
height,17052,56.623,MAC Field Scanner Field Plot 701 Season 2,FALSE,Maricopa,6000000387,6000003297
height,17052,57.945,MAC Field Scanner Field Plot 700 Season 2,FALSE,Maricopa,6000000387,6000003296
height,17052,61.911,MAC Field Scanner Field Plot 735 Season 2,FALSE,Maricopa,6000000249,6000003331
height,17052,57.945,MAC Field Scanner Field Plot 734 Season 2,FALSE,Maricopa,6000000249,6000003330
height,17052,63.894,MAC Field Scanner Field Plot 740 Season 2,FALSE,Maricopa,6000000394,6000003336
height,17052,57.945,MAC Field Scanner Field Plot 741 Season 2,FALSE,Maricopa,6000000394,6000003337
height,17052,55.962,MAC Field Scanner Field Plot 729 Season 2,FALSE,Maricopa,6000000399,6000003325
height,17052,57.945,MAC Field Scanner Field Plot 728 Season 2,FALSE,Maricopa,6000000399,6000003324
height,17052,53.979,MAC Field Scanner Field Plot 727 Season 2,FALSE,Maricopa,6000000251,6000003323
height,17052,53.318,MAC Field Scanner Field Plot 726 Season 2,FALSE,Maricopa,6000000251,6000003322
height,17052,34.81,MAC Field Scanner Field Plot 708 Season 2,FALSE,Maricopa,6000000256,6000003304
height,17052,50.674,MAC Field Scanner Field Plot 795 Season 2,FALSE,Maricopa,6000000286,6000003391
height,17052,51.335,MAC Field Scanner Field Plot 794 Season 2,FALSE,Maricopa,6000000286,6000003390
height,17052,60.589,MAC Field Scanner Field Plot 765 Season 2,FALSE,Maricopa,6000000290,6000003361
height,17052,57.945,MAC Field Scanner Field Plot 764 Season 2,FALSE,Maricopa,6000000290,6000003360
height,17052,54.64,MAC Field Scanner Field Plot 802 Season 2,FALSE,Maricopa,6000000294,6000003398
height,17052,52.657,MAC Field Scanner Field Plot 803 Season 2,FALSE,Maricopa,6000000294,6000003399
height,17052,53.979,MAC Field Scanner Field Plot 787 Season 2,FALSE,Maricopa,6000000317,6000003383
height,17052,50.674,MAC Field Scanner Field Plot 786 Season 2,FALSE,Maricopa,6000000317,6000003382
height,17052,64.555,MAC Field Scanner Field Plot 791 Season 2,FALSE,Maricopa,6000000383,6000003387
height,17052,60.589,MAC Field Scanner Field Plot 790 Season 2,FALSE,Maricopa,6000000383,6000003386
height,17052,57.284,MAC Field Scanner Field Plot 799 Season 2,FALSE,Maricopa,6000000384,6000003395
height,17052,57.945,MAC Field Scanner Field Plot 798 Season 2,FALSE,Maricopa,6000000384,6000003394
height,17052,55.962,MAC Field Scanner Field Plot 804 Season 2,FALSE,Maricopa,6000000397,6000003400
height,17052,59.267,MAC Field Scanner Field Plot 805 Season 2,FALSE,Maricopa,6000000397,6000003401
height,17052,57.945,MAC Field Scanner Field Plot 759 Season 2,FALSE,Maricopa,6000000398,6000003355
height,17052,57.284,MAC Field Scanner Field Plot 758 Season 2,FALSE,Maricopa,6000000398,6000003354
height,17052,59.267,MAC Field Scanner Field Plot 797 Season 2,FALSE,Maricopa,6000000401,6000003393
height,17052,56.623,MAC Field Scanner Field Plot 796 Season 2,FALSE,Maricopa,6000000401,6000003392
height,17052,50.674,MAC Field Scanner Field Plot 757 Season 2,FALSE,Maricopa,6000000402,6000003353
height,17052,49.352,MAC Field Scanner Field Plot 756 Season 2,FALSE,Maricopa,6000000402,6000003352
height,17052,61.25,MAC Field Scanner Field Plot 755 Season 2,FALSE,Maricopa,6000000254,6000003351
height,17052,60.589,MAC Field Scanner Field Plot 754 Season 2,FALSE,Maricopa,6000000254,6000003350
height,17052,57.284,MAC Field Scanner Field Plot 806 Season 2,FALSE,Maricopa,6000000405,6000003402
height,17052,60.589,MAC Field Scanner Field Plot 770 Season 2,FALSE,Maricopa,6000000260,6000003366
height,17052,58.606,MAC Field Scanner Field Plot 771 Season 2,FALSE,Maricopa,6000000260,6000003367
height,17052,54.64,MAC Field Scanner Field Plot 827 Season 2,FALSE,Maricopa,6000000284,6000003423
height,17052,47.369,MAC Field Scanner Field Plot 826 Season 2,FALSE,Maricopa,6000000284,6000003422
height,17052,58.606,MAC Field Scanner Field Plot 812 Season 2,FALSE,Maricopa,6000000296,6000003408
height,17052,49.352,MAC Field Scanner Field Plot 813 Season 2,FALSE,Maricopa,6000000296,6000003409
height,17052,51.996,MAC Field Scanner Field Plot 829 Season 2,FALSE,Maricopa,6000000310,6000003425
height,17052,51.335,MAC Field Scanner Field Plot 828 Season 2,FALSE,Maricopa,6000000310,6000003424
height,17053,60.589,MAC Field Scanner Field Plot 28 Season 2,FALSE,Maricopa,6000000415,6000002624
height,17052,44.064,MAC Field Scanner Field Plot 810 Season 2,FALSE,Maricopa,6000000325,6000003406
height,17052,34.149,MAC Field Scanner Field Plot 811 Season 2,FALSE,Maricopa,6000000325,6000003407
height,17052,34.149,MAC Field Scanner Field Plot 814 Season 2,FALSE,Maricopa,6000000330,6000003410
height,17052,52.657,MAC Field Scanner Field Plot 815 Season 2,FALSE,Maricopa,6000000330,6000003411
height,17052,55.301,MAC Field Scanner Field Plot 825 Season 2,FALSE,Maricopa,6000000354,6000003421
height,17052,58.606,MAC Field Scanner Field Plot 824 Season 2,FALSE,Maricopa,6000000354,6000003420
height,17052,61.25,MAC Field Scanner Field Plot 823 Season 2,FALSE,Maricopa,6000000365,6000003419
height,17052,59.928,MAC Field Scanner Field Plot 822 Season 2,FALSE,Maricopa,6000000365,6000003418
height,17052,53.318,MAC Field Scanner Field Plot 831 Season 2,FALSE,Maricopa,6000000259,6000003427
height,17052,55.962,MAC Field Scanner Field Plot 830 Season 2,FALSE,Maricopa,6000000259,6000003426
height,17052,59.928,MAC Field Scanner Field Plot 807 Season 2,FALSE,Maricopa,6000000405,6000003403
height,17052,49.352,MAC Field Scanner Field Plot 821 Season 2,FALSE,Maricopa,6000000262,6000003417
height,17052,80.419,MAC Field Scanner Field Plot 820 Season 2,FALSE,Maricopa,6000000262,6000003416
height,17052,57.284,MAC Field Scanner Field Plot 808 Season 2,FALSE,Maricopa,6000000269,6000003404
height,17052,57.284,MAC Field Scanner Field Plot 809 Season 2,FALSE,Maricopa,6000000269,6000003405
height,17052,36.132,MAC Field Scanner Field Plot 819 Season 2,FALSE,Maricopa,6000000274,6000003415
height,17052,48.691,MAC Field Scanner Field Plot 818 Season 2,FALSE,Maricopa,6000000274,6000003414
height,17053,59.267,MAC Field Scanner Field Plot 78 Season 2,FALSE,Maricopa,6000000282,6000002674
height,17053,57.945,MAC Field Scanner Field Plot 79 Season 2,FALSE,Maricopa,6000000282,6000002675
height,17053,47.369,MAC Field Scanner Field Plot 72 Season 2,FALSE,Maricopa,6000000291,6000002668
height,17053,54.64,MAC Field Scanner Field Plot 73 Season 2,FALSE,Maricopa,6000000291,6000002669
height,17053,57.284,MAC Field Scanner Field Plot 44 Season 2,FALSE,Maricopa,6000000293,6000002640
height,17053,51.996,MAC Field Scanner Field Plot 45 Season 2,FALSE,Maricopa,6000000293,6000002641
height,17053,55.301,MAC Field Scanner Field Plot 55 Season 2,FALSE,Maricopa,6000000294,6000002651
height,17053,57.945,MAC Field Scanner Field Plot 54 Season 2,FALSE,Maricopa,6000000294,6000002650
height,17053,64.555,MAC Field Scanner Field Plot 70 Season 2,FALSE,Maricopa,6000000296,6000002666
height,17053,61.911,MAC Field Scanner Field Plot 71 Season 2,FALSE,Maricopa,6000000296,6000002667
height,17053,62.572,MAC Field Scanner Field Plot 63 Season 2,FALSE,Maricopa,6000000241,6000002659
height,17053,57.945,MAC Field Scanner Field Plot 62 Season 2,FALSE,Maricopa,6000000241,6000002658
height,17053,48.691,MAC Field Scanner Field Plot 35 Season 2,FALSE,Maricopa,6000000278,6000002631
height,17053,50.674,MAC Field Scanner Field Plot 57 Season 2,FALSE,Maricopa,6000000333,6000002653
height,17053,49.352,MAC Field Scanner Field Plot 42 Season 2,FALSE,Maricopa,6000000384,6000002638
height,17053,57.284,MAC Field Scanner Field Plot 43 Season 2,FALSE,Maricopa,6000000384,6000002639
height,17053,53.318,MAC Field Scanner Field Plot 83 Season 2,FALSE,Maricopa,6000000400,6000002679
height,17053,55.962,MAC Field Scanner Field Plot 82 Season 2,FALSE,Maricopa,6000000400,6000002678
height,17053,57.945,MAC Field Scanner Field Plot 53 Season 2,FALSE,Maricopa,6000000401,6000002649
height,17053,58.606,MAC Field Scanner Field Plot 52 Season 2,FALSE,Maricopa,6000000401,6000002648
height,17053,47.369,MAC Field Scanner Field Plot 66 Season 2,FALSE,Maricopa,6000000255,6000002662
height,17053,48.03,MAC Field Scanner Field Plot 67 Season 2,FALSE,Maricopa,6000000255,6000002663
height,17053,41.42,MAC Field Scanner Field Plot 74 Season 2,FALSE,Maricopa,6000000256,6000002670
height,17053,42.742,MAC Field Scanner Field Plot 75 Season 2,FALSE,Maricopa,6000000256,6000002671
height,17053,55.962,MAC Field Scanner Field Plot 46 Season 2,FALSE,Maricopa,6000000258,6000002642
height,17053,59.267,MAC Field Scanner Field Plot 47 Season 2,FALSE,Maricopa,6000000258,6000002643
height,17053,62.572,MAC Field Scanner Field Plot 76 Season 2,FALSE,Maricopa,6000000260,6000002672
height,17053,61.911,MAC Field Scanner Field Plot 121 Season 2,FALSE,Maricopa,6000000289,6000002717
height,17053,56.623,MAC Field Scanner Field Plot 120 Season 2,FALSE,Maricopa,6000000289,6000002716
height,17053,45.386,MAC Field Scanner Field Plot 98 Season 2,FALSE,Maricopa,6000000295,6000002694
height,17053,43.403,MAC Field Scanner Field Plot 99 Season 2,FALSE,Maricopa,6000000295,6000002695
height,17053,66.538,MAC Field Scanner Field Plot 87 Season 2,FALSE,Maricopa,6000000313,6000002683
height,17053,68.521,MAC Field Scanner Field Plot 86 Season 2,FALSE,Maricopa,6000000313,6000002682
height,17053,57.284,MAC Field Scanner Field Plot 108 Season 2,FALSE,Maricopa,6000000315,6000002704
height,17053,51.335,MAC Field Scanner Field Plot 109 Season 2,FALSE,Maricopa,6000000315,6000002705
height,17053,62.572,MAC Field Scanner Field Plot 119 Season 2,FALSE,Maricopa,6000000319,6000002715
height,17053,65.216,MAC Field Scanner Field Plot 118 Season 2,FALSE,Maricopa,6000000319,6000002714
height,17053,64.555,MAC Field Scanner Field Plot 123 Season 2,FALSE,Maricopa,6000000389,6000002719
height,17053,59.267,MAC Field Scanner Field Plot 122 Season 2,FALSE,Maricopa,6000000389,6000002718
height,17053,59.267,MAC Field Scanner Field Plot 127 Season 2,FALSE,Maricopa,6000000393,6000002723
height,17053,52.657,MAC Field Scanner Field Plot 126 Season 2,FALSE,Maricopa,6000000393,6000002722
height,17053,59.267,MAC Field Scanner Field Plot 106 Season 2,FALSE,Maricopa,6000000397,6000002702
height,17053,67.199,MAC Field Scanner Field Plot 107 Season 2,FALSE,Maricopa,6000000397,6000002703
height,17053,58.606,MAC Field Scanner Field Plot 132 Season 2,FALSE,Maricopa,6000000261,6000002728
height,17053,59.267,MAC Field Scanner Field Plot 133 Season 2,FALSE,Maricopa,6000000261,6000002729
height,17053,55.962,MAC Field Scanner Field Plot 102 Season 2,FALSE,Maricopa,6000000406,6000002698
height,17053,50.013,MAC Field Scanner Field Plot 103 Season 2,FALSE,Maricopa,6000000406,6000002699
height,17053,59.267,MAC Field Scanner Field Plot 100 Season 2,FALSE,Maricopa,6000000265,6000002696
height,17053,61.911,MAC Field Scanner Field Plot 101 Season 2,FALSE,Maricopa,6000000265,6000002697
height,17053,46.047,MAC Field Scanner Field Plot 138 Season 2,FALSE,Maricopa,6000000266,6000002734
height,17053,53.318,MAC Field Scanner Field Plot 139 Season 2,FALSE,Maricopa,6000000266,6000002735
height,17053,34.149,MAC Field Scanner Field Plot 110 Season 2,FALSE,Maricopa,6000000276,6000002706
height,17053,42.742,MAC Field Scanner Field Plot 111 Season 2,FALSE,Maricopa,6000000276,6000002707
height,17053,59.267,MAC Field Scanner Field Plot 91 Season 2,FALSE,Maricopa,6000000277,6000002687
height,17053,62.572,MAC Field Scanner Field Plot 90 Season 2,FALSE,Maricopa,6000000277,6000002686
height,17053,33.488,MAC Field Scanner Field Plot 172 Season 2,FALSE,Maricopa,6000000285,6000002768
height,17053,34.81,MAC Field Scanner Field Plot 173 Season 2,FALSE,Maricopa,6000000285,6000002769
height,17053,53.979,MAC Field Scanner Field Plot 166 Season 2,FALSE,Maricopa,6000000286,6000002762
height,17053,53.979,MAC Field Scanner Field Plot 167 Season 2,FALSE,Maricopa,6000000286,6000002763
height,17053,59.267,MAC Field Scanner Field Plot 189 Season 2,FALSE,Maricopa,6000000299,6000002785
height,17053,61.911,MAC Field Scanner Field Plot 188 Season 2,FALSE,Maricopa,6000000299,6000002784
height,17053,63.233,MAC Field Scanner Field Plot 164 Season 2,FALSE,Maricopa,6000000302,6000002760
height,17053,61.25,MAC Field Scanner Field Plot 165 Season 2,FALSE,Maricopa,6000000302,6000002761
height,17053,61.25,MAC Field Scanner Field Plot 187 Season 2,FALSE,Maricopa,6000000304,6000002783
height,17053,57.945,MAC Field Scanner Field Plot 186 Season 2,FALSE,Maricopa,6000000304,6000002782
height,17053,58.606,MAC Field Scanner Field Plot 140 Season 2,FALSE,Maricopa,6000000377,6000002736
height,17053,59.928,MAC Field Scanner Field Plot 141 Season 2,FALSE,Maricopa,6000000377,6000002737
height,17053,65.216,MAC Field Scanner Field Plot 181 Season 2,FALSE,Maricopa,6000000385,6000002777
height,17053,63.233,MAC Field Scanner Field Plot 180 Season 2,FALSE,Maricopa,6000000385,6000002776
height,17053,56.623,MAC Field Scanner Field Plot 149 Season 2,FALSE,Maricopa,6000000396,6000002745
height,17053,55.962,MAC Field Scanner Field Plot 148 Season 2,FALSE,Maricopa,6000000396,6000002744
height,17053,44.725,MAC Field Scanner Field Plot 162 Season 2,FALSE,Maricopa,6000000402,6000002758
height,17053,49.352,MAC Field Scanner Field Plot 163 Season 2,FALSE,Maricopa,6000000402,6000002759
height,17053,54.64,MAC Field Scanner Field Plot 151 Season 2,FALSE,Maricopa,6000000403,6000002747
height,17053,55.301,MAC Field Scanner Field Plot 150 Season 2,FALSE,Maricopa,6000000403,6000002746
height,17053,48.03,MAC Field Scanner Field Plot 142 Season 2,FALSE,Maricopa,6000000252,6000002738
height,17053,57.945,MAC Field Scanner Field Plot 143 Season 2,FALSE,Maricopa,6000000252,6000002739
height,17053,61.25,MAC Field Scanner Field Plot 170 Season 2,FALSE,Maricopa,6000000262,6000002766
height,17053,54.64,MAC Field Scanner Field Plot 232 Season 2,FALSE,Maricopa,6000000281,6000002828
height,17053,57.945,MAC Field Scanner Field Plot 233 Season 2,FALSE,Maricopa,6000000281,6000002829
height,17053,51.335,MAC Field Scanner Field Plot 198 Season 2,FALSE,Maricopa,6000000292,6000002794
height,17053,46.047,MAC Field Scanner Field Plot 199 Season 2,FALSE,Maricopa,6000000292,6000002795
height,17053,63.233,MAC Field Scanner Field Plot 249 Season 2,FALSE,Maricopa,6000000300,6000002845
height,17053,61.25,MAC Field Scanner Field Plot 248 Season 2,FALSE,Maricopa,6000000300,6000002844
height,17053,51.335,MAC Field Scanner Field Plot 221 Season 2,FALSE,Maricopa,6000000303,6000002817
height,17053,50.013,MAC Field Scanner Field Plot 220 Season 2,FALSE,Maricopa,6000000303,6000002816
height,17053,57.284,MAC Field Scanner Field Plot 247 Season 2,FALSE,Maricopa,6000000317,6000002843
height,17053,58.606,MAC Field Scanner Field Plot 246 Season 2,FALSE,Maricopa,6000000317,6000002842
height,17053,57.945,MAC Field Scanner Field Plot 245 Season 2,FALSE,Maricopa,6000000320,6000002841
height,17053,59.928,MAC Field Scanner Field Plot 244 Season 2,FALSE,Maricopa,6000000320,6000002840
height,17053,56.623,MAC Field Scanner Field Plot 196 Season 2,FALSE,Maricopa,6000000244,6000002792
height,17053,55.301,MAC Field Scanner Field Plot 197 Season 2,FALSE,Maricopa,6000000244,6000002793
height,17053,56.623,MAC Field Scanner Field Plot 228 Season 2,FALSE,Maricopa,6000000379,6000002824
height,17053,58.606,MAC Field Scanner Field Plot 229 Season 2,FALSE,Maricopa,6000000379,6000002825
height,17053,59.928,MAC Field Scanner Field Plot 230 Season 2,FALSE,Maricopa,6000000382,6000002826
height,17053,58.606,MAC Field Scanner Field Plot 231 Season 2,FALSE,Maricopa,6000000382,6000002827
height,17053,53.979,MAC Field Scanner Field Plot 217 Season 2,FALSE,Maricopa,6000000386,6000002813
height,17053,55.301,MAC Field Scanner Field Plot 216 Season 2,FALSE,Maricopa,6000000386,6000002812
height,17053,59.928,MAC Field Scanner Field Plot 202 Season 2,FALSE,Maricopa,6000000387,6000002798
height,17053,61.25,MAC Field Scanner Field Plot 203 Season 2,FALSE,Maricopa,6000000387,6000002799
height,17053,61.25,MAC Field Scanner Field Plot 213 Season 2,FALSE,Maricopa,6000000249,6000002809
height,17053,55.301,MAC Field Scanner Field Plot 212 Season 2,FALSE,Maricopa,6000000249,6000002808
height,17053,61.25,MAC Field Scanner Field Plot 215 Season 2,FALSE,Maricopa,6000000257,6000002811
height,17053,59.267,MAC Field Scanner Field Plot 214 Season 2,FALSE,Maricopa,6000000257,6000002810
height,17053,64.555,MAC Field Scanner Field Plot 211 Season 2,FALSE,Maricopa,6000000259,6000002807
height,17053,61.25,MAC Field Scanner Field Plot 210 Season 2,FALSE,Maricopa,6000000259,6000002806
height,17053,63.894,MAC Field Scanner Field Plot 234 Season 2,FALSE,Maricopa,6000000273,6000002830
height,17053,65.216,MAC Field Scanner Field Plot 235 Season 2,FALSE,Maricopa,6000000273,6000002831
height,17053,58.606,MAC Field Scanner Field Plot 268 Season 2,FALSE,Maricopa,6000000280,6000002864
height,17053,64.555,MAC Field Scanner Field Plot 269 Season 2,FALSE,Maricopa,6000000280,6000002865
height,17053,56.623,MAC Field Scanner Field Plot 302 Season 2,FALSE,Maricopa,6000000284,6000002898
height,17053,56.623,MAC Field Scanner Field Plot 303 Season 2,FALSE,Maricopa,6000000284,6000002899
height,17053,60.589,MAC Field Scanner Field Plot 262 Season 2,FALSE,Maricopa,6000000290,6000002858
height,17053,59.928,MAC Field Scanner Field Plot 263 Season 2,FALSE,Maricopa,6000000290,6000002859
height,17053,52.657,MAC Field Scanner Field Plot 264 Season 2,FALSE,Maricopa,6000000305,6000002860
height,17053,55.301,MAC Field Scanner Field Plot 265 Season 2,FALSE,Maricopa,6000000305,6000002861
height,17053,63.894,MAC Field Scanner Field Plot 307 Season 2,FALSE,Maricopa,6000000306,6000002903
height,17053,60.589,MAC Field Scanner Field Plot 306 Season 2,FALSE,Maricopa,6000000306,6000002902
height,17053,64.555,MAC Field Scanner Field Plot 266 Season 2,FALSE,Maricopa,6000000307,6000002862
height,17053,67.199,MAC Field Scanner Field Plot 267 Season 2,FALSE,Maricopa,6000000307,6000002863
height,17053,50.013,MAC Field Scanner Field Plot 290 Season 2,FALSE,Maricopa,6000000316,6000002886
height,17053,46.047,MAC Field Scanner Field Plot 291 Season 2,FALSE,Maricopa,6000000316,6000002887
height,17053,56.623,MAC Field Scanner Field Plot 281 Season 2,FALSE,Maricopa,6000000380,6000002877
height,17053,56.623,MAC Field Scanner Field Plot 280 Season 2,FALSE,Maricopa,6000000380,6000002876
height,17053,65.216,MAC Field Scanner Field Plot 296 Season 2,FALSE,Maricopa,6000000381,6000002892
height,17053,62.572,MAC Field Scanner Field Plot 297 Season 2,FALSE,Maricopa,6000000381,6000002893
height,17053,65.216,MAC Field Scanner Field Plot 279 Season 2,FALSE,Maricopa,6000000383,6000002875
height,17053,64.555,MAC Field Scanner Field Plot 278 Season 2,FALSE,Maricopa,6000000383,6000002874
height,17053,61.25,MAC Field Scanner Field Plot 260 Season 2,FALSE,Maricopa,6000000248,6000002856
height,17053,60.589,MAC Field Scanner Field Plot 261 Season 2,FALSE,Maricopa,6000000248,6000002857
height,17053,59.928,MAC Field Scanner Field Plot 270 Season 2,FALSE,Maricopa,6000000394,6000002866
height,17053,59.267,MAC Field Scanner Field Plot 271 Season 2,FALSE,Maricopa,6000000394,6000002867
height,17053,58.606,MAC Field Scanner Field Plot 298 Season 2,FALSE,Maricopa,6000000398,6000002894
height,17053,57.945,MAC Field Scanner Field Plot 299 Season 2,FALSE,Maricopa,6000000398,6000002895
height,17053,52.657,MAC Field Scanner Field Plot 283 Season 2,FALSE,Maricopa,6000000253,6000002879
height,17053,42.081,MAC Field Scanner Field Plot 282 Season 2,FALSE,Maricopa,6000000253,6000002878
height,17053,59.267,MAC Field Scanner Field Plot 314 Season 2,FALSE,Maricopa,6000000279,6000002910
height,17053,57.284,MAC Field Scanner Field Plot 345 Season 2,FALSE,Maricopa,6000000287,6000002941
height,17053,51.335,MAC Field Scanner Field Plot 344 Season 2,FALSE,Maricopa,6000000287,6000002940
height,17053,59.267,MAC Field Scanner Field Plot 358 Season 2,FALSE,Maricopa,6000000297,6000002954
height,17053,57.945,MAC Field Scanner Field Plot 359 Season 2,FALSE,Maricopa,6000000297,6000002955
height,17053,47.369,MAC Field Scanner Field Plot 326 Season 2,FALSE,Maricopa,6000000301,6000002922
height,17053,50.013,MAC Field Scanner Field Plot 327 Season 2,FALSE,Maricopa,6000000301,6000002923
height,17053,54.64,MAC Field Scanner Field Plot 351 Season 2,FALSE,Maricopa,6000000309,6000002947
height,17053,55.301,MAC Field Scanner Field Plot 350 Season 2,FALSE,Maricopa,6000000309,6000002946
height,17053,42.742,MAC Field Scanner Field Plot 347 Season 2,FALSE,Maricopa,6000000311,6000002943
height,17053,49.352,MAC Field Scanner Field Plot 346 Season 2,FALSE,Maricopa,6000000311,6000002942
height,17053,61.911,MAC Field Scanner Field Plot 309 Season 2,FALSE,Maricopa,6000000390,6000002905
height,17053,62.572,MAC Field Scanner Field Plot 308 Season 2,FALSE,Maricopa,6000000390,6000002904
height,17053,59.928,MAC Field Scanner Field Plot 319 Season 2,FALSE,Maricopa,6000000395,6000002915
height,17053,51.996,MAC Field Scanner Field Plot 318 Season 2,FALSE,Maricopa,6000000395,6000002914
height,17053,57.945,MAC Field Scanner Field Plot 324 Season 2,FALSE,Maricopa,6000000399,6000002920
height,17053,57.945,MAC Field Scanner Field Plot 325 Season 2,FALSE,Maricopa,6000000399,6000002921
height,17053,62.572,MAC Field Scanner Field Plot 360 Season 2,FALSE,Maricopa,6000000405,6000002956
height,17053,59.267,MAC Field Scanner Field Plot 361 Season 2,FALSE,Maricopa,6000000405,6000002957
height,17053,60.589,MAC Field Scanner Field Plot 322 Season 2,FALSE,Maricopa,6000000408,6000002918
height,17053,57.945,MAC Field Scanner Field Plot 323 Season 2,FALSE,Maricopa,6000000408,6000002919
height,17053,60.589,MAC Field Scanner Field Plot 343 Season 2,FALSE,Maricopa,6000000409,6000002939
height,17053,61.911,MAC Field Scanner Field Plot 342 Season 2,FALSE,Maricopa,6000000409,6000002938
height,17053,59.928,MAC Field Scanner Field Plot 328 Season 2,FALSE,Maricopa,6000000269,6000002924
height,17053,59.267,MAC Field Scanner Field Plot 329 Season 2,FALSE,Maricopa,6000000269,6000002925
height,17053,51.335,MAC Field Scanner Field Plot 356 Season 2,FALSE,Maricopa,6000000271,6000002952
height,17053,54.64,MAC Field Scanner Field Plot 357 Season 2,FALSE,Maricopa,6000000271,6000002953
height,17053,48.03,MAC Field Scanner Field Plot 409 Season 2,FALSE,Maricopa,6000000283,6000003005
height,17053,54.64,MAC Field Scanner Field Plot 408 Season 2,FALSE,Maricopa,6000000283,6000003004
height,17053,38.115,MAC Field Scanner Field Plot 379 Season 2,FALSE,Maricopa,6000000288,6000002975
height,17053,34.149,MAC Field Scanner Field Plot 378 Season 2,FALSE,Maricopa,6000000288,6000002974
height,17053,50.013,MAC Field Scanner Field Plot 386 Season 2,FALSE,Maricopa,6000000308,6000002982
height,17053,53.979,MAC Field Scanner Field Plot 387 Season 2,FALSE,Maricopa,6000000308,6000002983
height,17053,49.352,MAC Field Scanner Field Plot 398 Season 2,FALSE,Maricopa,6000000310,6000002994
height,17053,54.64,MAC Field Scanner Field Plot 399 Season 2,FALSE,Maricopa,6000000310,6000002995
height,17053,53.979,MAC Field Scanner Field Plot 383 Season 2,FALSE,Maricopa,6000000312,6000002979
height,17053,50.013,MAC Field Scanner Field Plot 382 Season 2,FALSE,Maricopa,6000000312,6000002978
height,17053,59.928,MAC Field Scanner Field Plot 390 Season 2,FALSE,Maricopa,6000000318,6000002986
height,17053,51.996,MAC Field Scanner Field Plot 391 Season 2,FALSE,Maricopa,6000000318,6000002987
height,17053,54.64,MAC Field Scanner Field Plot 388 Season 2,FALSE,Maricopa,6000000378,6000002984
height,17053,50.013,MAC Field Scanner Field Plot 389 Season 2,FALSE,Maricopa,6000000378,6000002985
height,17053,54.64,MAC Field Scanner Field Plot 392 Season 2,FALSE,Maricopa,6000000388,6000002988
height,17053,57.945,MAC Field Scanner Field Plot 393 Season 2,FALSE,Maricopa,6000000388,6000002989
height,17053,59.928,MAC Field Scanner Field Plot 405 Season 2,FALSE,Maricopa,6000000250,6000003001
height,17053,61.911,MAC Field Scanner Field Plot 404 Season 2,FALSE,Maricopa,6000000250,6000003e3
height,17053,43.403,MAC Field Scanner Field Plot 371 Season 2,FALSE,Maricopa,6000000412,6000002967
height,17053,54.64,MAC Field Scanner Field Plot 370 Season 2,FALSE,Maricopa,6000000412,6000002966
height,17053,52.657,MAC Field Scanner Field Plot 415 Season 2,FALSE,Maricopa,6000000251,6000003011
height,17053,50.674,MAC Field Scanner Field Plot 414 Season 2,FALSE,Maricopa,6000000251,6000003010
height,17053,65.877,MAC Field Scanner Field Plot 411 Season 2,FALSE,Maricopa,6000000254,6000003007
height,17053,64.555,MAC Field Scanner Field Plot 410 Season 2,FALSE,Maricopa,6000000254,6000003006
height,17053,62.572,MAC Field Scanner Field Plot 364 Season 2,FALSE,Maricopa,6000000407,6000002960
height,17053,61.911,MAC Field Scanner Field Plot 365 Season 2,FALSE,Maricopa,6000000407,6000002961
height,17053,34.149,MAC Field Scanner Field Plot 362 Season 2,FALSE,Maricopa,6000000272,6000002958
height,17053,34.149,MAC Field Scanner Field Plot 363 Season 2,FALSE,Maricopa,6000000272,6000002959
height,17053,61.911,MAC Field Scanner Field Plot 413 Season 2,FALSE,Maricopa,6000000275,6000003009
height,17053,49.352,MAC Field Scanner Field Plot 454 Season 2,FALSE,Maricopa,6000000288,6000003050
height,17053,37.454,MAC Field Scanner Field Plot 455 Season 2,FALSE,Maricopa,6000000288,6000003051
height,17053,47.369,MAC Field Scanner Field Plot 418 Season 2,FALSE,Maricopa,6000000298,6000003014
height,17053,51.996,MAC Field Scanner Field Plot 419 Season 2,FALSE,Maricopa,6000000298,6000003015
height,17053,63.233,MAC Field Scanner Field Plot 443 Season 2,FALSE,Maricopa,6000000302,6000003039
height,17053,58.606,MAC Field Scanner Field Plot 442 Season 2,FALSE,Maricopa,6000000302,6000003038
height,17053,55.962,MAC Field Scanner Field Plot 467 Season 2,FALSE,Maricopa,6000000304,6000003063
height,17053,61.911,MAC Field Scanner Field Plot 466 Season 2,FALSE,Maricopa,6000000304,6000003062
height,17053,66.538,MAC Field Scanner Field Plot 469 Season 2,FALSE,Maricopa,6000000306,6000003065
height,17053,61.911,MAC Field Scanner Field Plot 468 Season 2,FALSE,Maricopa,6000000306,6000003064
height,17053,58.606,MAC Field Scanner Field Plot 437 Season 2,FALSE,Maricopa,6000000309,6000003033
height,17053,58.606,MAC Field Scanner Field Plot 436 Season 2,FALSE,Maricopa,6000000309,6000003032
height,17053,66.538,MAC Field Scanner Field Plot 424 Season 2,FALSE,Maricopa,6000000314,6000003020
height,17053,65.216,MAC Field Scanner Field Plot 425 Season 2,FALSE,Maricopa,6000000314,6000003021
height,17053,65.877,MAC Field Scanner Field Plot 458 Season 2,FALSE,Maricopa,6000000389,6000003054
height,17053,67.199,MAC Field Scanner Field Plot 459 Season 2,FALSE,Maricopa,6000000389,6000003055
height,17053,61.911,MAC Field Scanner Field Plot 430 Season 2,FALSE,Maricopa,6000000391,6000003026
height,17053,63.894,MAC Field Scanner Field Plot 431 Season 2,FALSE,Maricopa,6000000391,6000003027
height,17053,64.555,MAC Field Scanner Field Plot 426 Season 2,FALSE,Maricopa,6000000392,6000003022
height,17053,61.911,MAC Field Scanner Field Plot 427 Season 2,FALSE,Maricopa,6000000392,6000003023
height,17053,59.267,MAC Field Scanner Field Plot 441 Season 2,FALSE,Maricopa,6000000403,6000003037
height,17053,57.284,MAC Field Scanner Field Plot 440 Season 2,FALSE,Maricopa,6000000403,6000003036
height,17053,59.267,MAC Field Scanner Field Plot 428 Season 2,FALSE,Maricopa,6000000264,6000003024
height,17053,61.911,MAC Field Scanner Field Plot 429 Season 2,FALSE,Maricopa,6000000264,6000003025
height,17053,48.691,MAC Field Scanner Field Plot 462 Season 2,FALSE,Maricopa,6000000266,6000003058
height,17053,57.945,MAC Field Scanner Field Plot 463 Season 2,FALSE,Maricopa,6000000266,6000003059
height,17053,65.216,MAC Field Scanner Field Plot 420 Season 2,FALSE,Maricopa,6000000267,6000003016
height,17053,63.894,MAC Field Scanner Field Plot 421 Season 2,FALSE,Maricopa,6000000267,6000003017
height,17053,42.742,MAC Field Scanner Field Plot 447 Season 2,FALSE,Maricopa,6000000276,6000003043
height,17053,42.742,MAC Field Scanner Field Plot 446 Season 2,FALSE,Maricopa,6000000276,6000003042
height,17053,61.911,MAC Field Scanner Field Plot 518 Season 2,FALSE,Maricopa,6000000279,6000003114
height,17053,62.572,MAC Field Scanner Field Plot 519 Season 2,FALSE,Maricopa,6000000279,6000003115
height,17053,64.555,MAC Field Scanner Field Plot 479 Season 2,FALSE,Maricopa,6000000280,6000003075
height,17053,63.233,MAC Field Scanner Field Plot 478 Season 2,FALSE,Maricopa,6000000280,6000003074
height,17053,60.589,MAC Field Scanner Field Plot 507 Season 2,FALSE,Maricopa,6000000281,6000003103
height,17053,57.945,MAC Field Scanner Field Plot 506 Season 2,FALSE,Maricopa,6000000281,6000003102
height,17053,59.928,MAC Field Scanner Field Plot 505 Season 2,FALSE,Maricopa,6000000297,6000003101
height,17053,61.25,MAC Field Scanner Field Plot 504 Season 2,FALSE,Maricopa,6000000297,6000003100
height,17053,59.267,MAC Field Scanner Field Plot 520 Season 2,FALSE,Maricopa,6000000301,6000003116
height,17053,60.589,MAC Field Scanner Field Plot 521 Season 2,FALSE,Maricopa,6000000301,6000003117
height,17053,69.182,MAC Field Scanner Field Plot 488 Season 2,FALSE,Maricopa,6000000307,6000003084
height,17053,66.538,MAC Field Scanner Field Plot 489 Season 2,FALSE,Maricopa,6000000307,6000003085
height,17053,56.623,MAC Field Scanner Field Plot 516 Season 2,FALSE,Maricopa,6000000315,6000003112
height,17053,59.928,MAC Field Scanner Field Plot 517 Season 2,FALSE,Maricopa,6000000315,6000003113
height,17053,53.979,MAC Field Scanner Field Plot 503 Season 2,FALSE,Maricopa,6000000386,6000003099
height,17053,54.64,MAC Field Scanner Field Plot 502 Season 2,FALSE,Maricopa,6000000386,6000003098
height,17053,67.86,MAC Field Scanner Field Plot 486 Season 2,FALSE,Maricopa,6000000391,6000003082
height,17053,67.199,MAC Field Scanner Field Plot 487 Season 2,FALSE,Maricopa,6000000391,6000003083
height,17053,61.25,MAC Field Scanner Field Plot 492 Season 2,FALSE,Maricopa,6000000393,6000003088
height,17053,60.589,MAC Field Scanner Field Plot 493 Season 2,FALSE,Maricopa,6000000393,6000003089
height,17053,57.945,MAC Field Scanner Field Plot 509 Season 2,FALSE,Maricopa,6000000395,6000003105
height,17053,57.945,MAC Field Scanner Field Plot 508 Season 2,FALSE,Maricopa,6000000395,6000003104
height,17053,51.996,MAC Field Scanner Field Plot 494 Season 2,FALSE,Maricopa,6000000412,6000003090
height,17053,63.233,MAC Field Scanner Field Plot 495 Season 2,FALSE,Maricopa,6000000412,6000003091
height,17053,45.386,MAC Field Scanner Field Plot 499 Season 2,FALSE,Maricopa,6000000253,6000003095
height,17053,53.979,MAC Field Scanner Field Plot 498 Season 2,FALSE,Maricopa,6000000253,6000003094
height,17053,67.86,MAC Field Scanner Field Plot 482 Season 2,FALSE,Maricopa,6000000407,6000003078
height,17053,59.267,MAC Field Scanner Field Plot 575 Season 2,FALSE,Maricopa,6000000287,6000003171
height,17053,55.962,MAC Field Scanner Field Plot 574 Season 2,FALSE,Maricopa,6000000287,6000003170
height,17053,55.962,MAC Field Scanner Field Plot 548 Season 2,FALSE,Maricopa,6000000292,6000003144
height,17053,59.267,MAC Field Scanner Field Plot 549 Season 2,FALSE,Maricopa,6000000292,6000003145
height,17053,51.335,MAC Field Scanner Field Plot 550 Season 2,FALSE,Maricopa,6000000303,6000003146
height,17053,47.369,MAC Field Scanner Field Plot 551 Season 2,FALSE,Maricopa,6000000303,6000003147
height,17053,66.538,MAC Field Scanner Field Plot 571 Season 2,FALSE,Maricopa,6000000241,6000003167
height,17053,64.555,MAC Field Scanner Field Plot 570 Season 2,FALSE,Maricopa,6000000241,6000003166
height,17053,62.572,MAC Field Scanner Field Plot 539 Season 2,FALSE,Maricopa,6000000320,6000003135
height,17053,60.589,MAC Field Scanner Field Plot 538 Season 2,FALSE,Maricopa,6000000320,6000003134
height,17053,63.233,MAC Field Scanner Field Plot 562 Season 2,FALSE,Maricopa,6000000376,6000003158
height,17053,56.623,MAC Field Scanner Field Plot 556 Season 2,FALSE,Maricopa,6000000379,6000003152
height,17053,55.301,MAC Field Scanner Field Plot 557 Season 2,FALSE,Maricopa,6000000379,6000003153
height,17053,58.606,MAC Field Scanner Field Plot 558 Season 2,FALSE,Maricopa,6000000248,6000003154
height,17053,66.538,MAC Field Scanner Field Plot 559 Season 2,FALSE,Maricopa,6000000248,6000003155
height,17053,63.233,MAC Field Scanner Field Plot 543 Season 2,FALSE,Maricopa,6000000392,6000003139
height,17053,60.589,MAC Field Scanner Field Plot 542 Season 2,FALSE,Maricopa,6000000392,6000003138
height,17053,36.132,MAC Field Scanner Field Plot 554 Season 2,FALSE,Maricopa,6000000255,6000003150
height,17053,48.691,MAC Field Scanner Field Plot 555 Season 2,FALSE,Maricopa,6000000255,6000003151
height,17053,60.589,MAC Field Scanner Field Plot 533 Season 2,FALSE,Maricopa,6000000410,6000003129
height,17053,63.233,MAC Field Scanner Field Plot 532 Season 2,FALSE,Maricopa,6000000410,6000003128
height,17053,57.284,MAC Field Scanner Field Plot 578 Season 2,FALSE,Maricopa,6000000271,6000003174
height,17053,55.301,MAC Field Scanner Field Plot 579 Season 2,FALSE,Maricopa,6000000271,6000003175
height,17053,59.928,MAC Field Scanner Field Plot 565 Season 2,FALSE,Maricopa,6000000275,6000003161
height,17053,61.25,MAC Field Scanner Field Plot 564 Season 2,FALSE,Maricopa,6000000275,6000003160
height,17053,62.572,MAC Field Scanner Field Plot 589 Season 2,FALSE,Maricopa,6000000277,6000003185
height,17054,53.318,MAC Field Scanner Field Plot 44 Season 2,FALSE,Maricopa,6000000293,6000002640
height,17054,54.64,MAC Field Scanner Field Plot 45 Season 2,FALSE,Maricopa,6000000293,6000002641
height,17054,57.945,MAC Field Scanner Field Plot 55 Season 2,FALSE,Maricopa,6000000294,6000002651
height,17054,59.928,MAC Field Scanner Field Plot 54 Season 2,FALSE,Maricopa,6000000294,6000002650
height,17053,63.233,MAC Field Scanner Field Plot 584 Season 2,FALSE,Maricopa,6000000318,6000003180
height,17053,63.233,MAC Field Scanner Field Plot 585 Season 2,FALSE,Maricopa,6000000318,6000003181
height,17054,50.674,MAC Field Scanner Field Plot 35 Season 2,FALSE,Maricopa,6000000278,6000002631
height,17054,61.25,MAC Field Scanner Field Plot 29 Season 2,FALSE,Maricopa,6000000415,6000002625
height,17054,63.233,MAC Field Scanner Field Plot 28 Season 2,FALSE,Maricopa,6000000415,6000002624
height,17054,53.318,MAC Field Scanner Field Plot 57 Season 2,FALSE,Maricopa,6000000333,6000002653
height,17054,59.267,MAC Field Scanner Field Plot 56 Season 2,FALSE,Maricopa,6000000333,6000002652
height,17054,57.945,MAC Field Scanner Field Plot 51 Season 2,FALSE,Maricopa,6000000334,6000002647
height,17054,63.894,MAC Field Scanner Field Plot 50 Season 2,FALSE,Maricopa,6000000334,6000002646
height,17053,61.911,MAC Field Scanner Field Plot 590 Season 2,FALSE,Maricopa,6000000343,6000003186
height,17053,62.572,MAC Field Scanner Field Plot 591 Season 2,FALSE,Maricopa,6000000343,6000003187
height,17054,59.928,MAC Field Scanner Field Plot 58 Season 2,FALSE,Maricopa,6000000349,6000002654
height,17053,60.589,MAC Field Scanner Field Plot 586 Season 2,FALSE,Maricopa,6000000355,6000003182
height,17054,51.996,MAC Field Scanner Field Plot 42 Season 2,FALSE,Maricopa,6000000384,6000002638
height,17054,59.928,MAC Field Scanner Field Plot 43 Season 2,FALSE,Maricopa,6000000384,6000002639
height,17054,60.589,MAC Field Scanner Field Plot 53 Season 2,FALSE,Maricopa,6000000401,6000002649
height,17054,60.589,MAC Field Scanner Field Plot 52 Season 2,FALSE,Maricopa,6000000401,6000002648
height,17054,58.606,MAC Field Scanner Field Plot 46 Season 2,FALSE,Maricopa,6000000258,6000002642
height,17054,61.25,MAC Field Scanner Field Plot 47 Season 2,FALSE,Maricopa,6000000258,6000002643
height,17053,59.267,MAC Field Scanner Field Plot 821 Season 2,FALSE,Maricopa,6000000262,6000003417
height,17053,63.894,MAC Field Scanner Field Plot 820 Season 2,FALSE,Maricopa,6000000262,6000003416
height,17053,61.911,MAC Field Scanner Field Plot 819 Season 2,FALSE,Maricopa,6000000274,6000003415
height,17053,35.471,MAC Field Scanner Field Plot 818 Season 2,FALSE,Maricopa,6000000274,6000003414
height,17053,63.233,MAC Field Scanner Field Plot 588 Season 2,FALSE,Maricopa,6000000277,6000003184
height,17054,62.572,MAC Field Scanner Field Plot 78 Season 2,FALSE,Maricopa,6000000282,6000002674
height,17054,61.25,MAC Field Scanner Field Plot 79 Season 2,FALSE,Maricopa,6000000282,6000002675
height,17054,51.335,MAC Field Scanner Field Plot 72 Season 2,FALSE,Maricopa,6000000291,6000002668
height,17054,57.284,MAC Field Scanner Field Plot 73 Season 2,FALSE,Maricopa,6000000291,6000002669
height,17054,48.691,MAC Field Scanner Field Plot 98 Season 2,FALSE,Maricopa,6000000295,6000002694
height,17054,46.047,MAC Field Scanner Field Plot 99 Season 2,FALSE,Maricopa,6000000295,6000002695
height,17054,66.538,MAC Field Scanner Field Plot 70 Season 2,FALSE,Maricopa,6000000296,6000002666
height,17054,64.555,MAC Field Scanner Field Plot 71 Season 2,FALSE,Maricopa,6000000296,6000002667
height,17054,66.538,MAC Field Scanner Field Plot 63 Season 2,FALSE,Maricopa,6000000241,6000002659
height,17054,61.25,MAC Field Scanner Field Plot 62 Season 2,FALSE,Maricopa,6000000241,6000002658
height,17054,69.843,MAC Field Scanner Field Plot 87 Season 2,FALSE,Maricopa,6000000313,6000002683
height,17054,72.487,MAC Field Scanner Field Plot 86 Season 2,FALSE,Maricopa,6000000313,6000002682
height,17054,59.267,MAC Field Scanner Field Plot 108 Season 2,FALSE,Maricopa,6000000315,6000002704
height,17054,53.318,MAC Field Scanner Field Plot 109 Season 2,FALSE,Maricopa,6000000315,6000002705
height,17054,61.911,MAC Field Scanner Field Plot 106 Season 2,FALSE,Maricopa,6000000397,6000002702
height,17054,69.182,MAC Field Scanner Field Plot 107 Season 2,FALSE,Maricopa,6000000397,6000002703
height,17054,55.962,MAC Field Scanner Field Plot 83 Season 2,FALSE,Maricopa,6000000400,6000002679
height,17054,57.284,MAC Field Scanner Field Plot 82 Season 2,FALSE,Maricopa,6000000400,6000002678
height,17054,50.674,MAC Field Scanner Field Plot 66 Season 2,FALSE,Maricopa,6000000255,6000002662
height,17054,50.013,MAC Field Scanner Field Plot 67 Season 2,FALSE,Maricopa,6000000255,6000002663
height,17054,43.403,MAC Field Scanner Field Plot 74 Season 2,FALSE,Maricopa,6000000256,6000002670
height,17054,46.708,MAC Field Scanner Field Plot 75 Season 2,FALSE,Maricopa,6000000256,6000002671
height,17054,65.216,MAC Field Scanner Field Plot 76 Season 2,FALSE,Maricopa,6000000260,6000002672
height,17054,63.894,MAC Field Scanner Field Plot 77 Season 2,FALSE,Maricopa,6000000260,6000002673
height,17054,59.267,MAC Field Scanner Field Plot 102 Season 2,FALSE,Maricopa,6000000406,6000002698
height,17054,53.979,MAC Field Scanner Field Plot 103 Season 2,FALSE,Maricopa,6000000406,6000002699
height,17054,61.911,MAC Field Scanner Field Plot 100 Season 2,FALSE,Maricopa,6000000265,6000002696
height,17054,56.623,MAC Field Scanner Field Plot 166 Season 2,FALSE,Maricopa,6000000286,6000002762
height,17054,67.86,MAC Field Scanner Field Plot 167 Season 2,FALSE,Maricopa,6000000286,6000002763
height,17054,65.216,MAC Field Scanner Field Plot 121 Season 2,FALSE,Maricopa,6000000289,6000002717
height,17054,59.928,MAC Field Scanner Field Plot 120 Season 2,FALSE,Maricopa,6000000289,6000002716
height,17054,65.877,MAC Field Scanner Field Plot 164 Season 2,FALSE,Maricopa,6000000302,6000002760
height,17054,93.639,MAC Field Scanner Field Plot 165 Season 2,FALSE,Maricopa,6000000302,6000002761
height,17054,65.877,MAC Field Scanner Field Plot 119 Season 2,FALSE,Maricopa,6000000319,6000002715
height,17054,69.182,MAC Field Scanner Field Plot 118 Season 2,FALSE,Maricopa,6000000319,6000002714
height,17054,61.25,MAC Field Scanner Field Plot 140 Season 2,FALSE,Maricopa,6000000377,6000002736
height,17054,63.233,MAC Field Scanner Field Plot 141 Season 2,FALSE,Maricopa,6000000377,6000002737
height,17054,68.521,MAC Field Scanner Field Plot 123 Season 2,FALSE,Maricopa,6000000389,6000002719
height,17054,63.233,MAC Field Scanner Field Plot 122 Season 2,FALSE,Maricopa,6000000389,6000002718
height,17054,61.911,MAC Field Scanner Field Plot 127 Season 2,FALSE,Maricopa,6000000393,6000002723
height,17054,55.301,MAC Field Scanner Field Plot 126 Season 2,FALSE,Maricopa,6000000393,6000002722
height,17054,58.606,MAC Field Scanner Field Plot 149 Season 2,FALSE,Maricopa,6000000396,6000002745
height,17054,58.606,MAC Field Scanner Field Plot 148 Season 2,FALSE,Maricopa,6000000396,6000002744
height,17054,50.013,MAC Field Scanner Field Plot 162 Season 2,FALSE,Maricopa,6000000402,6000002758
height,17054,52.657,MAC Field Scanner Field Plot 163 Season 2,FALSE,Maricopa,6000000402,6000002759
height,17054,57.945,MAC Field Scanner Field Plot 151 Season 2,FALSE,Maricopa,6000000403,6000002747
height,17054,58.606,MAC Field Scanner Field Plot 150 Season 2,FALSE,Maricopa,6000000403,6000002746
height,17054,50.013,MAC Field Scanner Field Plot 142 Season 2,FALSE,Maricopa,6000000252,6000002738
height,17054,61.25,MAC Field Scanner Field Plot 143 Season 2,FALSE,Maricopa,6000000252,6000002739
height,17054,61.25,MAC Field Scanner Field Plot 132 Season 2,FALSE,Maricopa,6000000261,6000002728
height,17054,61.911,MAC Field Scanner Field Plot 133 Season 2,FALSE,Maricopa,6000000261,6000002729
height,17054,48.691,MAC Field Scanner Field Plot 138 Season 2,FALSE,Maricopa,6000000266,6000002734
height,17054,55.962,MAC Field Scanner Field Plot 139 Season 2,FALSE,Maricopa,6000000266,6000002735
height,17054,36.132,MAC Field Scanner Field Plot 172 Season 2,FALSE,Maricopa,6000000285,6000002768
height,17054,34.81,MAC Field Scanner Field Plot 173 Season 2,FALSE,Maricopa,6000000285,6000002769
height,17054,72.487,MAC Field Scanner Field Plot 198 Season 2,FALSE,Maricopa,6000000292,6000002794
height,17054,50.013,MAC Field Scanner Field Plot 199 Season 2,FALSE,Maricopa,6000000292,6000002795
height,17054,63.233,MAC Field Scanner Field Plot 189 Season 2,FALSE,Maricopa,6000000299,6000002785
height,17054,64.555,MAC Field Scanner Field Plot 188 Season 2,FALSE,Maricopa,6000000299,6000002784
height,17054,53.318,MAC Field Scanner Field Plot 221 Season 2,FALSE,Maricopa,6000000303,6000002817
height,17054,53.318,MAC Field Scanner Field Plot 220 Season 2,FALSE,Maricopa,6000000303,6000002816
height,17054,63.894,MAC Field Scanner Field Plot 187 Season 2,FALSE,Maricopa,6000000304,6000002783
height,17054,61.25,MAC Field Scanner Field Plot 186 Season 2,FALSE,Maricopa,6000000304,6000002782
height,17054,77.775,MAC Field Scanner Field Plot 183 Season 2,FALSE,Maricopa,6000000327,6000002779
height,17054,64.555,MAC Field Scanner Field Plot 182 Season 2,FALSE,Maricopa,6000000327,6000002778
height,17054,68.521,MAC Field Scanner Field Plot 181 Season 2,FALSE,Maricopa,6000000385,6000002777
height,17054,66.538,MAC Field Scanner Field Plot 180 Season 2,FALSE,Maricopa,6000000385,6000002776
height,17054,57.284,MAC Field Scanner Field Plot 217 Season 2,FALSE,Maricopa,6000000386,6000002813
height,17054,59.267,MAC Field Scanner Field Plot 216 Season 2,FALSE,Maricopa,6000000386,6000002812
height,17054,62.572,MAC Field Scanner Field Plot 202 Season 2,FALSE,Maricopa,6000000387,6000002798
height,17054,64.555,MAC Field Scanner Field Plot 203 Season 2,FALSE,Maricopa,6000000387,6000002799
height,17054,63.233,MAC Field Scanner Field Plot 213 Season 2,FALSE,Maricopa,6000000249,6000002809
height,17054,57.945,MAC Field Scanner Field Plot 212 Season 2,FALSE,Maricopa,6000000249,6000002808
height,17054,63.894,MAC Field Scanner Field Plot 215 Season 2,FALSE,Maricopa,6000000257,6000002811
height,17054,62.572,MAC Field Scanner Field Plot 214 Season 2,FALSE,Maricopa,6000000257,6000002810
height,17054,67.199,MAC Field Scanner Field Plot 211 Season 2,FALSE,Maricopa,6000000259,6000002807
height,17054,63.233,MAC Field Scanner Field Plot 210 Season 2,FALSE,Maricopa,6000000259,6000002806
height,17054,64.555,MAC Field Scanner Field Plot 170 Season 2,FALSE,Maricopa,6000000262,6000002766
height,17054,61.911,MAC Field Scanner Field Plot 268 Season 2,FALSE,Maricopa,6000000280,6000002864
height,17054,66.538,MAC Field Scanner Field Plot 269 Season 2,FALSE,Maricopa,6000000280,6000002865
height,17054,56.623,MAC Field Scanner Field Plot 232 Season 2,FALSE,Maricopa,6000000281,6000002828
height,17054,80.419,MAC Field Scanner Field Plot 233 Season 2,FALSE,Maricopa,6000000281,6000002829
height,17054,62.572,MAC Field Scanner Field Plot 262 Season 2,FALSE,Maricopa,6000000290,6000002858
height,17054,62.572,MAC Field Scanner Field Plot 263 Season 2,FALSE,Maricopa,6000000290,6000002859
height,17054,65.877,MAC Field Scanner Field Plot 249 Season 2,FALSE,Maricopa,6000000300,6000002845
height,17054,65.216,MAC Field Scanner Field Plot 248 Season 2,FALSE,Maricopa,6000000300,6000002844
height,17054,56.623,MAC Field Scanner Field Plot 264 Season 2,FALSE,Maricopa,6000000305,6000002860
height,17054,59.267,MAC Field Scanner Field Plot 265 Season 2,FALSE,Maricopa,6000000305,6000002861
height,17054,67.86,MAC Field Scanner Field Plot 266 Season 2,FALSE,Maricopa,6000000307,6000002862
height,17054,71.165,MAC Field Scanner Field Plot 267 Season 2,FALSE,Maricopa,6000000307,6000002863
height,17054,61.25,MAC Field Scanner Field Plot 247 Season 2,FALSE,Maricopa,6000000317,6000002843
height,17054,61.911,MAC Field Scanner Field Plot 246 Season 2,FALSE,Maricopa,6000000317,6000002842
height,17054,61.25,MAC Field Scanner Field Plot 245 Season 2,FALSE,Maricopa,6000000320,6000002841
height,17054,61.25,MAC Field Scanner Field Plot 244 Season 2,FALSE,Maricopa,6000000320,6000002840
height,17054,59.267,MAC Field Scanner Field Plot 228 Season 2,FALSE,Maricopa,6000000379,6000002824
height,17054,61.911,MAC Field Scanner Field Plot 229 Season 2,FALSE,Maricopa,6000000379,6000002825
height,17054,59.267,MAC Field Scanner Field Plot 281 Season 2,FALSE,Maricopa,6000000380,6000002877
height,17054,58.606,MAC Field Scanner Field Plot 280 Season 2,FALSE,Maricopa,6000000380,6000002876
height,17054,63.233,MAC Field Scanner Field Plot 230 Season 2,FALSE,Maricopa,6000000382,6000002826
height,17054,61.911,MAC Field Scanner Field Plot 231 Season 2,FALSE,Maricopa,6000000382,6000002827
height,17054,67.86,MAC Field Scanner Field Plot 279 Season 2,FALSE,Maricopa,6000000383,6000002875
height,17054,66.538,MAC Field Scanner Field Plot 278 Season 2,FALSE,Maricopa,6000000383,6000002874
height,17054,64.555,MAC Field Scanner Field Plot 260 Season 2,FALSE,Maricopa,6000000248,6000002856
height,17054,63.233,MAC Field Scanner Field Plot 261 Season 2,FALSE,Maricopa,6000000248,6000002857
height,17054,63.233,MAC Field Scanner Field Plot 270 Season 2,FALSE,Maricopa,6000000394,6000002866
height,17054,61.25,MAC Field Scanner Field Plot 271 Season 2,FALSE,Maricopa,6000000394,6000002867
height,17054,67.86,MAC Field Scanner Field Plot 234 Season 2,FALSE,Maricopa,6000000273,6000002830
height,17054,67.86,MAC Field Scanner Field Plot 235 Season 2,FALSE,Maricopa,6000000273,6000002831
height,17054,61.911,MAC Field Scanner Field Plot 314 Season 2,FALSE,Maricopa,6000000279,6000002910
height,17054,59.928,MAC Field Scanner Field Plot 302 Season 2,FALSE,Maricopa,6000000284,6000002898
height,17054,57.945,MAC Field Scanner Field Plot 303 Season 2,FALSE,Maricopa,6000000284,6000002899
height,17054,50.013,MAC Field Scanner Field Plot 326 Season 2,FALSE,Maricopa,6000000301,6000002922
height,17054,53.318,MAC Field Scanner Field Plot 327 Season 2,FALSE,Maricopa,6000000301,6000002923
height,17054,66.538,MAC Field Scanner Field Plot 307 Season 2,FALSE,Maricopa,6000000306,6000002903
height,17054,61.911,MAC Field Scanner Field Plot 306 Season 2,FALSE,Maricopa,6000000306,6000002902
height,17054,51.996,MAC Field Scanner Field Plot 290 Season 2,FALSE,Maricopa,6000000316,6000002886
height,17054,49.352,MAC Field Scanner Field Plot 291 Season 2,FALSE,Maricopa,6000000316,6000002887
height,17054,68.521,MAC Field Scanner Field Plot 296 Season 2,FALSE,Maricopa,6000000381,6000002892
height,17054,65.877,MAC Field Scanner Field Plot 297 Season 2,FALSE,Maricopa,6000000381,6000002893
height,17054,65.877,MAC Field Scanner Field Plot 309 Season 2,FALSE,Maricopa,6000000390,6000002905
height,17054,65.216,MAC Field Scanner Field Plot 308 Season 2,FALSE,Maricopa,6000000390,6000002904
height,17054,65.216,MAC Field Scanner Field Plot 319 Season 2,FALSE,Maricopa,6000000395,6000002915
height,17054,55.301,MAC Field Scanner Field Plot 318 Season 2,FALSE,Maricopa,6000000395,6000002914
height,17054,61.911,MAC Field Scanner Field Plot 298 Season 2,FALSE,Maricopa,6000000398,6000002894
height,17054,61.25,MAC Field Scanner Field Plot 299 Season 2,FALSE,Maricopa,6000000398,6000002895
height,17054,61.25,MAC Field Scanner Field Plot 324 Season 2,FALSE,Maricopa,6000000399,6000002920
height,17054,59.928,MAC Field Scanner Field Plot 325 Season 2,FALSE,Maricopa,6000000399,6000002921
height,17054,55.962,MAC Field Scanner Field Plot 283 Season 2,FALSE,Maricopa,6000000253,6000002879
height,17054,48.691,MAC Field Scanner Field Plot 282 Season 2,FALSE,Maricopa,6000000253,6000002878
height,17054,63.894,MAC Field Scanner Field Plot 322 Season 2,FALSE,Maricopa,6000000408,6000002918
height,17054,60.589,MAC Field Scanner Field Plot 323 Season 2,FALSE,Maricopa,6000000408,6000002919
height,17054,62.572,MAC Field Scanner Field Plot 328 Season 2,FALSE,Maricopa,6000000269,6000002924
height,17054,61.911,MAC Field Scanner Field Plot 329 Season 2,FALSE,Maricopa,6000000269,6000002925
height,17054,59.267,MAC Field Scanner Field Plot 345 Season 2,FALSE,Maricopa,6000000287,6000002941
height,17054,54.64,MAC Field Scanner Field Plot 344 Season 2,FALSE,Maricopa,6000000287,6000002940
height,17054,44.064,MAC Field Scanner Field Plot 379 Season 2,FALSE,Maricopa,6000000288,6000002975
height,17054,35.471,MAC Field Scanner Field Plot 378 Season 2,FALSE,Maricopa,6000000288,6000002974
height,17054,61.911,MAC Field Scanner Field Plot 358 Season 2,FALSE,Maricopa,6000000297,6000002954
height,17054,60.589,MAC Field Scanner Field Plot 359 Season 2,FALSE,Maricopa,6000000297,6000002955
height,17054,53.318,MAC Field Scanner Field Plot 386 Season 2,FALSE,Maricopa,6000000308,6000002982
height,17054,56.623,MAC Field Scanner Field Plot 387 Season 2,FALSE,Maricopa,6000000308,6000002983
height,17054,57.945,MAC Field Scanner Field Plot 351 Season 2,FALSE,Maricopa,6000000309,6000002947
height,17054,57.284,MAC Field Scanner Field Plot 350 Season 2,FALSE,Maricopa,6000000309,6000002946
height,17054,46.708,MAC Field Scanner Field Plot 347 Season 2,FALSE,Maricopa,6000000311,6000002943
height,17054,52.657,MAC Field Scanner Field Plot 346 Season 2,FALSE,Maricopa,6000000311,6000002942
height,17054,57.284,MAC Field Scanner Field Plot 383 Season 2,FALSE,Maricopa,6000000312,6000002979
height,17054,53.318,MAC Field Scanner Field Plot 382 Season 2,FALSE,Maricopa,6000000312,6000002978
height,17054,62.572,MAC Field Scanner Field Plot 390 Season 2,FALSE,Maricopa,6000000318,6000002986
height,17054,56.623,MAC Field Scanner Field Plot 388 Season 2,FALSE,Maricopa,6000000378,6000002984
height,17054,52.657,MAC Field Scanner Field Plot 389 Season 2,FALSE,Maricopa,6000000378,6000002985
height,17054,46.708,MAC Field Scanner Field Plot 371 Season 2,FALSE,Maricopa,6000000412,6000002967
height,17054,55.962,MAC Field Scanner Field Plot 370 Season 2,FALSE,Maricopa,6000000412,6000002966
height,17054,66.538,MAC Field Scanner Field Plot 360 Season 2,FALSE,Maricopa,6000000405,6000002956
height,17054,61.25,MAC Field Scanner Field Plot 361 Season 2,FALSE,Maricopa,6000000405,6000002957
height,17054,66.538,MAC Field Scanner Field Plot 364 Season 2,FALSE,Maricopa,6000000407,6000002960
height,17054,65.216,MAC Field Scanner Field Plot 365 Season 2,FALSE,Maricopa,6000000407,6000002961
height,17054,63.894,MAC Field Scanner Field Plot 343 Season 2,FALSE,Maricopa,6000000409,6000002939
height,17054,65.216,MAC Field Scanner Field Plot 342 Season 2,FALSE,Maricopa,6000000409,6000002938
height,17054,53.979,MAC Field Scanner Field Plot 356 Season 2,FALSE,Maricopa,6000000271,6000002952
height,17054,57.284,MAC Field Scanner Field Plot 357 Season 2,FALSE,Maricopa,6000000271,6000002953
height,17054,36.793,MAC Field Scanner Field Plot 362 Season 2,FALSE,Maricopa,6000000272,6000002958
height,17054,34.81,MAC Field Scanner Field Plot 363 Season 2,FALSE,Maricopa,6000000272,6000002959
height,17054,51.996,MAC Field Scanner Field Plot 409 Season 2,FALSE,Maricopa,6000000283,6000003005
height,17054,57.284,MAC Field Scanner Field Plot 408 Season 2,FALSE,Maricopa,6000000283,6000003004
height,17054,51.335,MAC Field Scanner Field Plot 418 Season 2,FALSE,Maricopa,6000000298,6000003014
height,17054,55.962,MAC Field Scanner Field Plot 419 Season 2,FALSE,Maricopa,6000000298,6000003015
height,17054,65.877,MAC Field Scanner Field Plot 443 Season 2,FALSE,Maricopa,6000000302,6000003039
height,17054,61.911,MAC Field Scanner Field Plot 442 Season 2,FALSE,Maricopa,6000000302,6000003038
height,17054,61.25,MAC Field Scanner Field Plot 437 Season 2,FALSE,Maricopa,6000000309,6000003033
height,17054,61.25,MAC Field Scanner Field Plot 436 Season 2,FALSE,Maricopa,6000000309,6000003032
height,17054,51.996,MAC Field Scanner Field Plot 398 Season 2,FALSE,Maricopa,6000000310,6000002994
height,17054,55.962,MAC Field Scanner Field Plot 399 Season 2,FALSE,Maricopa,6000000310,6000002995
height,17054,69.843,MAC Field Scanner Field Plot 424 Season 2,FALSE,Maricopa,6000000314,6000003020
height,17054,68.521,MAC Field Scanner Field Plot 425 Season 2,FALSE,Maricopa,6000000314,6000003021
height,17054,57.945,MAC Field Scanner Field Plot 392 Season 2,FALSE,Maricopa,6000000388,6000002988
height,17054,61.911,MAC Field Scanner Field Plot 393 Season 2,FALSE,Maricopa,6000000388,6000002989
height,17054,64.555,MAC Field Scanner Field Plot 430 Season 2,FALSE,Maricopa,6000000391,6000003026
height,17054,65.216,MAC Field Scanner Field Plot 431 Season 2,FALSE,Maricopa,6000000391,6000003027
height,17054,67.199,MAC Field Scanner Field Plot 426 Season 2,FALSE,Maricopa,6000000392,6000003022
height,17054,64.555,MAC Field Scanner Field Plot 427 Season 2,FALSE,Maricopa,6000000392,6000003023
height,17054,62.572,MAC Field Scanner Field Plot 405 Season 2,FALSE,Maricopa,6000000250,6000003001
height,17054,64.555,MAC Field Scanner Field Plot 404 Season 2,FALSE,Maricopa,6000000250,6000003e3
height,17054,61.25,MAC Field Scanner Field Plot 441 Season 2,FALSE,Maricopa,6000000403,6000003037
height,17054,59.928,MAC Field Scanner Field Plot 440 Season 2,FALSE,Maricopa,6000000403,6000003036
height,17054,55.301,MAC Field Scanner Field Plot 415 Season 2,FALSE,Maricopa,6000000251,6000003011
height,17054,53.318,MAC Field Scanner Field Plot 414 Season 2,FALSE,Maricopa,6000000251,6000003010
height,17054,69.182,MAC Field Scanner Field Plot 411 Season 2,FALSE,Maricopa,6000000254,6000003007
height,17054,66.538,MAC Field Scanner Field Plot 479 Season 2,FALSE,Maricopa,6000000280,6000003075
height,17054,65.877,MAC Field Scanner Field Plot 478 Season 2,FALSE,Maricopa,6000000280,6000003074
height,17054,53.318,MAC Field Scanner Field Plot 454 Season 2,FALSE,Maricopa,6000000288,6000003050
height,17054,44.725,MAC Field Scanner Field Plot 455 Season 2,FALSE,Maricopa,6000000288,6000003051
height,17054,59.267,MAC Field Scanner Field Plot 467 Season 2,FALSE,Maricopa,6000000304,6000003063
height,17054,65.216,MAC Field Scanner Field Plot 466 Season 2,FALSE,Maricopa,6000000304,6000003062
height,17054,70.504,MAC Field Scanner Field Plot 469 Season 2,FALSE,Maricopa,6000000306,6000003065
height,17054,65.216,MAC Field Scanner Field Plot 468 Season 2,FALSE,Maricopa,6000000306,6000003064
height,17054,72.487,MAC Field Scanner Field Plot 488 Season 2,FALSE,Maricopa,6000000307,6000003084
height,17054,71.165,MAC Field Scanner Field Plot 489 Season 2,FALSE,Maricopa,6000000307,6000003085
height,17054,56.623,MAC Field Scanner Field Plot 503 Season 2,FALSE,Maricopa,6000000386,6000003099
height,17054,57.284,MAC Field Scanner Field Plot 502 Season 2,FALSE,Maricopa,6000000386,6000003098
height,17054,71.165,MAC Field Scanner Field Plot 458 Season 2,FALSE,Maricopa,6000000389,6000003054
height,17054,71.165,MAC Field Scanner Field Plot 459 Season 2,FALSE,Maricopa,6000000389,6000003055
height,17054,70.504,MAC Field Scanner Field Plot 486 Season 2,FALSE,Maricopa,6000000391,6000003082
height,17054,69.843,MAC Field Scanner Field Plot 487 Season 2,FALSE,Maricopa,6000000391,6000003083
height,17054,62.572,MAC Field Scanner Field Plot 492 Season 2,FALSE,Maricopa,6000000393,6000003088
height,17054,61.911,MAC Field Scanner Field Plot 493 Season 2,FALSE,Maricopa,6000000393,6000003089
height,17054,55.962,MAC Field Scanner Field Plot 494 Season 2,FALSE,Maricopa,6000000412,6000003090
height,17054,65.877,MAC Field Scanner Field Plot 495 Season 2,FALSE,Maricopa,6000000412,6000003091
height,17054,50.013,MAC Field Scanner Field Plot 499 Season 2,FALSE,Maricopa,6000000253,6000003095
height,17054,57.945,MAC Field Scanner Field Plot 498 Season 2,FALSE,Maricopa,6000000253,6000003094
height,17054,71.826,MAC Field Scanner Field Plot 482 Season 2,FALSE,Maricopa,6000000407,6000003078
height,17054,70.504,MAC Field Scanner Field Plot 483 Season 2,FALSE,Maricopa,6000000407,6000003079
height,17054,51.996,MAC Field Scanner Field Plot 462 Season 2,FALSE,Maricopa,6000000266,6000003058
height,17054,61.911,MAC Field Scanner Field Plot 463 Season 2,FALSE,Maricopa,6000000266,6000003059
height,17054,64.555,MAC Field Scanner Field Plot 518 Season 2,FALSE,Maricopa,6000000279,6000003114
height,17054,64.555,MAC Field Scanner Field Plot 519 Season 2,FALSE,Maricopa,6000000279,6000003115
height,17054,63.233,MAC Field Scanner Field Plot 507 Season 2,FALSE,Maricopa,6000000281,6000003103
height,17054,61.25,MAC Field Scanner Field Plot 506 Season 2,FALSE,Maricopa,6000000281,6000003102
height,17054,59.267,MAC Field Scanner Field Plot 548 Season 2,FALSE,Maricopa,6000000292,6000003144
height,17054,62.572,MAC Field Scanner Field Plot 549 Season 2,FALSE,Maricopa,6000000292,6000003145
height,17054,62.572,MAC Field Scanner Field Plot 505 Season 2,FALSE,Maricopa,6000000297,6000003101
height,17054,64.555,MAC Field Scanner Field Plot 504 Season 2,FALSE,Maricopa,6000000297,6000003100
height,17054,62.572,MAC Field Scanner Field Plot 520 Season 2,FALSE,Maricopa,6000000301,6000003116
height,17054,63.894,MAC Field Scanner Field Plot 521 Season 2,FALSE,Maricopa,6000000301,6000003117
height,17054,53.979,MAC Field Scanner Field Plot 550 Season 2,FALSE,Maricopa,6000000303,6000003146
height,17054,50.674,MAC Field Scanner Field Plot 551 Season 2,FALSE,Maricopa,6000000303,6000003147
height,17054,59.267,MAC Field Scanner Field Plot 516 Season 2,FALSE,Maricopa,6000000315,6000003112
height,17054,62.572,MAC Field Scanner Field Plot 517 Season 2,FALSE,Maricopa,6000000315,6000003113
height,17054,64.555,MAC Field Scanner Field Plot 539 Season 2,FALSE,Maricopa,6000000320,6000003135
height,17054,59.928,MAC Field Scanner Field Plot 556 Season 2,FALSE,Maricopa,6000000379,6000003152
height,17054,57.945,MAC Field Scanner Field Plot 557 Season 2,FALSE,Maricopa,6000000379,6000003153
height,17054,65.877,MAC Field Scanner Field Plot 543 Season 2,FALSE,Maricopa,6000000392,6000003139
height,17054,62.572,MAC Field Scanner Field Plot 542 Season 2,FALSE,Maricopa,6000000392,6000003138
height,17054,60.589,MAC Field Scanner Field Plot 509 Season 2,FALSE,Maricopa,6000000395,6000003105
height,17054,60.589,MAC Field Scanner Field Plot 508 Season 2,FALSE,Maricopa,6000000395,6000003104
height,17054,42.081,MAC Field Scanner Field Plot 554 Season 2,FALSE,Maricopa,6000000255,6000003150
height,17054,53.318,MAC Field Scanner Field Plot 555 Season 2,FALSE,Maricopa,6000000255,6000003151
height,17054,63.894,MAC Field Scanner Field Plot 533 Season 2,FALSE,Maricopa,6000000410,6000003129
height,17054,66.538,MAC Field Scanner Field Plot 532 Season 2,FALSE,Maricopa,6000000410,6000003128
height,17054,66.538,MAC Field Scanner Field Plot 514 Season 2,FALSE,Maricopa,6000000267,6000003110
height,17054,63.894,MAC Field Scanner Field Plot 515 Season 2,FALSE,Maricopa,6000000267,6000003111
height,17054,57.284,MAC Field Scanner Field Plot 526 Season 2,FALSE,Maricopa,6000000268,6000003122
height,17054,53.979,MAC Field Scanner Field Plot 527 Season 2,FALSE,Maricopa,6000000268,6000003123
height,17054,65.216,MAC Field Scanner Field Plot 589 Season 2,FALSE,Maricopa,6000000277,6000003185
height,17054,58.606,MAC Field Scanner Field Plot 601 Season 2,FALSE,Maricopa,6000000283,6000003197
height,17054,59.928,MAC Field Scanner Field Plot 600 Season 2,FALSE,Maricopa,6000000283,6000003196
height,17054,61.911,MAC Field Scanner Field Plot 575 Season 2,FALSE,Maricopa,6000000287,6000003171
height,17054,57.945,MAC Field Scanner Field Plot 574 Season 2,FALSE,Maricopa,6000000287,6000003170
height,17054,69.843,MAC Field Scanner Field Plot 571 Season 2,FALSE,Maricopa,6000000241,6000003167
height,17054,67.86,MAC Field Scanner Field Plot 570 Season 2,FALSE,Maricopa,6000000241,6000003166
height,17054,53.979,MAC Field Scanner Field Plot 605 Season 2,FALSE,Maricopa,6000000316,6000003201
height,17054,54.64,MAC Field Scanner Field Plot 604 Season 2,FALSE,Maricopa,6000000316,6000003200
height,17054,65.216,MAC Field Scanner Field Plot 584 Season 2,FALSE,Maricopa,6000000318,6000003180
height,17054,65.216,MAC Field Scanner Field Plot 585 Season 2,FALSE,Maricopa,6000000318,6000003181
height,17054,63.894,MAC Field Scanner Field Plot 595 Season 2,FALSE,Maricopa,6000000331,6000003191
height,17054,61.911,MAC Field Scanner Field Plot 594 Season 2,FALSE,Maricopa,6000000331,6000003190
height,17054,65.216,MAC Field Scanner Field Plot 562 Season 2,FALSE,Maricopa,6000000376,6000003158
height,17054,62.572,MAC Field Scanner Field Plot 607 Season 2,FALSE,Maricopa,6000000377,6000003203
height,17054,61.911,MAC Field Scanner Field Plot 606 Season 2,FALSE,Maricopa,6000000377,6000003202
height,17054,61.25,MAC Field Scanner Field Plot 558 Season 2,FALSE,Maricopa,6000000248,6000003154
height,17054,69.843,MAC Field Scanner Field Plot 559 Season 2,FALSE,Maricopa,6000000248,6000003155
height,17054,62.572,MAC Field Scanner Field Plot 597 Season 2,FALSE,Maricopa,6000000396,6000003193
height,17054,60.589,MAC Field Scanner Field Plot 596 Season 2,FALSE,Maricopa,6000000396,6000003192
height,17054,58.606,MAC Field Scanner Field Plot 578 Season 2,FALSE,Maricopa,6000000271,6000003174
height,17054,57.284,MAC Field Scanner Field Plot 579 Season 2,FALSE,Maricopa,6000000271,6000003175
height,17054,62.572,MAC Field Scanner Field Plot 565 Season 2,FALSE,Maricopa,6000000275,6000003161
height,17054,63.894,MAC Field Scanner Field Plot 564 Season 2,FALSE,Maricopa,6000000275,6000003160
height,17054,64.555,MAC Field Scanner Field Plot 588 Season 2,FALSE,Maricopa,6000000277,6000003184
height,17054,59.928,MAC Field Scanner Field Plot 654 Season 2,FALSE,Maricopa,6000000282,6000003250
height,17054,59.928,MAC Field Scanner Field Plot 655 Season 2,FALSE,Maricopa,6000000282,6000003251
height,17054,34.149,MAC Field Scanner Field Plot 642 Season 2,FALSE,Maricopa,6000000285,6000003238
height,17054,34.149,MAC Field Scanner Field Plot 643 Season 2,FALSE,Maricopa,6000000285,6000003239
height,17054,62.572,MAC Field Scanner Field Plot 614 Season 2,FALSE,Maricopa,6000000289,6000003210
height,17054,57.945,MAC Field Scanner Field Plot 615 Season 2,FALSE,Maricopa,6000000289,6000003211
height,17054,59.928,MAC Field Scanner Field Plot 637 Season 2,FALSE,Maricopa,6000000291,6000003233
height,17054,58.606,MAC Field Scanner Field Plot 636 Season 2,FALSE,Maricopa,6000000291,6000003232
height,17054,63.233,MAC Field Scanner Field Plot 627 Season 2,FALSE,Maricopa,6000000300,6000003223
height,17054,65.216,MAC Field Scanner Field Plot 626 Season 2,FALSE,Maricopa,6000000300,6000003222
height,17054,64.555,MAC Field Scanner Field Plot 629 Season 2,FALSE,Maricopa,6000000319,6000003225
height,17054,63.894,MAC Field Scanner Field Plot 628 Season 2,FALSE,Maricopa,6000000319,6000003224
height,17054,50.674,MAC Field Scanner Field Plot 665 Season 2,FALSE,Maricopa,6000000378,6000003261
height,17054,50.013,MAC Field Scanner Field Plot 664 Season 2,FALSE,Maricopa,6000000378,6000003260
height,17054,56.623,MAC Field Scanner Field Plot 667 Season 2,FALSE,Maricopa,6000000380,6000003263
height,17054,57.284,MAC Field Scanner Field Plot 666 Season 2,FALSE,Maricopa,6000000380,6000003262
height,17054,66.538,MAC Field Scanner Field Plot 631 Season 2,FALSE,Maricopa,6000000381,6000003227
height,17054,67.199,MAC Field Scanner Field Plot 630 Season 2,FALSE,Maricopa,6000000381,6000003226
height,17054,56.623,MAC Field Scanner Field Plot 633 Season 2,FALSE,Maricopa,6000000388,6000003229
height,17054,57.945,MAC Field Scanner Field Plot 632 Season 2,FALSE,Maricopa,6000000388,6000003228
height,17054,64.555,MAC Field Scanner Field Plot 644 Season 2,FALSE,Maricopa,6000000390,6000003240
height,17054,57.284,MAC Field Scanner Field Plot 645 Season 2,FALSE,Maricopa,6000000390,6000003241
height,17054,61.911,MAC Field Scanner Field Plot 620 Season 2,FALSE,Maricopa,6000000400,6000003216
height,17054,56.623,MAC Field Scanner Field Plot 702 Season 2,FALSE,Maricopa,6000000278,6000003298
height,17054,59.928,MAC Field Scanner Field Plot 712 Season 2,FALSE,Maricopa,6000000293,6000003308
height,17054,59.267,MAC Field Scanner Field Plot 713 Season 2,FALSE,Maricopa,6000000293,6000003309
height,17054,50.674,MAC Field Scanner Field Plot 710 Season 2,FALSE,Maricopa,6000000298,6000003306
height,17054,51.335,MAC Field Scanner Field Plot 711 Season 2,FALSE,Maricopa,6000000298,6000003307
height,17054,60.589,MAC Field Scanner Field Plot 725 Season 2,FALSE,Maricopa,6000000299,6000003321
height,17054,57.945,MAC Field Scanner Field Plot 724 Season 2,FALSE,Maricopa,6000000299,6000003320
height,17054,57.945,MAC Field Scanner Field Plot 678 Season 2,FALSE,Maricopa,6000000305,6000003274
height,17054,53.318,MAC Field Scanner Field Plot 679 Season 2,FALSE,Maricopa,6000000305,6000003275
height,17054,60.589,MAC Field Scanner Field Plot 682 Season 2,FALSE,Maricopa,6000000308,6000003278
height,17054,59.267,MAC Field Scanner Field Plot 683 Season 2,FALSE,Maricopa,6000000308,6000003279
height,17054,51.335,MAC Field Scanner Field Plot 674 Season 2,FALSE,Maricopa,6000000311,6000003270
height,17054,36.132,MAC Field Scanner Field Plot 675 Season 2,FALSE,Maricopa,6000000311,6000003271
height,17054,52.657,MAC Field Scanner Field Plot 703 Season 2,FALSE,Maricopa,6000000278,6000003299
height,17054,59.928,MAC Field Scanner Field Plot 693 Season 2,FALSE,Maricopa,6000000382,6000003289
height,17054,62.572,MAC Field Scanner Field Plot 692 Season 2,FALSE,Maricopa,6000000382,6000003288
height,17054,63.233,MAC Field Scanner Field Plot 714 Season 2,FALSE,Maricopa,6000000385,6000003310
height,17054,63.233,MAC Field Scanner Field Plot 715 Season 2,FALSE,Maricopa,6000000385,6000003311
height,17054,59.267,MAC Field Scanner Field Plot 701 Season 2,FALSE,Maricopa,6000000387,6000003297
height,17054,60.589,MAC Field Scanner Field Plot 700 Season 2,FALSE,Maricopa,6000000387,6000003296
height,17054,38.115,MAC Field Scanner Field Plot 708 Season 2,FALSE,Maricopa,6000000256,6000003304
height,17054,33.488,MAC Field Scanner Field Plot 709 Season 2,FALSE,Maricopa,6000000256,6000003305
height,17054,59.267,MAC Field Scanner Field Plot 716 Season 2,FALSE,Maricopa,6000000257,6000003312
height,17054,60.589,MAC Field Scanner Field Plot 717 Season 2,FALSE,Maricopa,6000000257,6000003313
height,17054,62.572,MAC Field Scanner Field Plot 699 Season 2,FALSE,Maricopa,6000000408,6000003295
height,17054,60.589,MAC Field Scanner Field Plot 698 Season 2,FALSE,Maricopa,6000000408,6000003294
height,17054,54.64,MAC Field Scanner Field Plot 684 Season 2,FALSE,Maricopa,6000000270,6000003280
height,17054,61.911,MAC Field Scanner Field Plot 765 Season 2,FALSE,Maricopa,6000000290,6000003361
height,17054,60.589,MAC Field Scanner Field Plot 764 Season 2,FALSE,Maricopa,6000000290,6000003360
height,17054,46.708,MAC Field Scanner Field Plot 742 Season 2,FALSE,Maricopa,6000000295,6000003338
height,17054,50.674,MAC Field Scanner Field Plot 743 Season 2,FALSE,Maricopa,6000000295,6000003339
height,17054,64.555,MAC Field Scanner Field Plot 735 Season 2,FALSE,Maricopa,6000000249,6000003331
height,17054,61.25,MAC Field Scanner Field Plot 734 Season 2,FALSE,Maricopa,6000000249,6000003330
height,17054,66.538,MAC Field Scanner Field Plot 740 Season 2,FALSE,Maricopa,6000000394,6000003336
height,17054,60.589,MAC Field Scanner Field Plot 741 Season 2,FALSE,Maricopa,6000000394,6000003337
height,17054,61.25,MAC Field Scanner Field Plot 759 Season 2,FALSE,Maricopa,6000000398,6000003355
height,17054,59.928,MAC Field Scanner Field Plot 758 Season 2,FALSE,Maricopa,6000000398,6000003354
height,17054,59.267,MAC Field Scanner Field Plot 729 Season 2,FALSE,Maricopa,6000000399,6000003325
height,17054,61.25,MAC Field Scanner Field Plot 728 Season 2,FALSE,Maricopa,6000000399,6000003324
height,17054,53.979,MAC Field Scanner Field Plot 757 Season 2,FALSE,Maricopa,6000000402,6000003353
height,17054,53.979,MAC Field Scanner Field Plot 756 Season 2,FALSE,Maricopa,6000000402,6000003352
height,17054,57.284,MAC Field Scanner Field Plot 727 Season 2,FALSE,Maricopa,6000000251,6000003323
height,17054,55.962,MAC Field Scanner Field Plot 726 Season 2,FALSE,Maricopa,6000000251,6000003322
height,17054,64.555,MAC Field Scanner Field Plot 755 Season 2,FALSE,Maricopa,6000000254,6000003351
height,17054,63.233,MAC Field Scanner Field Plot 754 Season 2,FALSE,Maricopa,6000000254,6000003350
height,17054,61.911,MAC Field Scanner Field Plot 770 Season 2,FALSE,Maricopa,6000000260,6000003366
height,17054,60.589,MAC Field Scanner Field Plot 771 Season 2,FALSE,Maricopa,6000000260,6000003367
height,17054,57.945,MAC Field Scanner Field Plot 748 Season 2,FALSE,Maricopa,6000000261,6000003344
height,17054,60.589,MAC Field Scanner Field Plot 749 Season 2,FALSE,Maricopa,6000000261,6000003345
height,17054,58.606,MAC Field Scanner Field Plot 827 Season 2,FALSE,Maricopa,6000000284,6000003423
height,17054,50.674,MAC Field Scanner Field Plot 826 Season 2,FALSE,Maricopa,6000000284,6000003422
height,17054,52.657,MAC Field Scanner Field Plot 795 Season 2,FALSE,Maricopa,6000000286,6000003391
height,17054,54.64,MAC Field Scanner Field Plot 794 Season 2,FALSE,Maricopa,6000000286,6000003390
height,17054,57.945,MAC Field Scanner Field Plot 802 Season 2,FALSE,Maricopa,6000000294,6000003398
height,17054,55.301,MAC Field Scanner Field Plot 803 Season 2,FALSE,Maricopa,6000000294,6000003399
height,17054,60.589,MAC Field Scanner Field Plot 812 Season 2,FALSE,Maricopa,6000000296,6000003408
height,17054,53.318,MAC Field Scanner Field Plot 813 Season 2,FALSE,Maricopa,6000000296,6000003409
height,17054,53.979,MAC Field Scanner Field Plot 829 Season 2,FALSE,Maricopa,6000000310,6000003425
height,17054,54.64,MAC Field Scanner Field Plot 828 Season 2,FALSE,Maricopa,6000000310,6000003424
height,17054,56.623,MAC Field Scanner Field Plot 787 Season 2,FALSE,Maricopa,6000000317,6000003383
height,17054,53.318,MAC Field Scanner Field Plot 786 Season 2,FALSE,Maricopa,6000000317,6000003382
height,17054,67.199,MAC Field Scanner Field Plot 791 Season 2,FALSE,Maricopa,6000000383,6000003387
height,17054,63.233,MAC Field Scanner Field Plot 790 Season 2,FALSE,Maricopa,6000000383,6000003386
height,17054,60.589,MAC Field Scanner Field Plot 799 Season 2,FALSE,Maricopa,6000000384,6000003395
height,17054,61.911,MAC Field Scanner Field Plot 798 Season 2,FALSE,Maricopa,6000000384,6000003394
height,17054,59.928,MAC Field Scanner Field Plot 804 Season 2,FALSE,Maricopa,6000000397,6000003400
height,17054,63.233,MAC Field Scanner Field Plot 805 Season 2,FALSE,Maricopa,6000000397,6000003401
height,17054,62.572,MAC Field Scanner Field Plot 797 Season 2,FALSE,Maricopa,6000000401,6000003393
height,17054,59.928,MAC Field Scanner Field Plot 796 Season 2,FALSE,Maricopa,6000000401,6000003392
height,17054,57.284,MAC Field Scanner Field Plot 831 Season 2,FALSE,Maricopa,6000000259,6000003427
height,17054,58.606,MAC Field Scanner Field Plot 830 Season 2,FALSE,Maricopa,6000000259,6000003426
height,17054,60.589,MAC Field Scanner Field Plot 806 Season 2,FALSE,Maricopa,6000000405,6000003402
height,17054,63.233,MAC Field Scanner Field Plot 807 Season 2,FALSE,Maricopa,6000000405,6000003403
height,17054,51.335,MAC Field Scanner Field Plot 821 Season 2,FALSE,Maricopa,6000000262,6000003417
height,17054,48.691,MAC Field Scanner Field Plot 820 Season 2,FALSE,Maricopa,6000000262,6000003416
height,17054,59.267,MAC Field Scanner Field Plot 808 Season 2,FALSE,Maricopa,6000000269,6000003404
height,17055,48.691,MAC Field Scanner Field Plot 314 Season 2,FALSE,Maricopa,6000000279,6000002910
height,17055,63.233,MAC Field Scanner Field Plot 345 Season 2,FALSE,Maricopa,6000000287,6000002941
height,17055,57.945,MAC Field Scanner Field Plot 344 Season 2,FALSE,Maricopa,6000000287,6000002940
height,17055,53.979,MAC Field Scanner Field Plot 326 Season 2,FALSE,Maricopa,6000000301,6000002922
height,17055,56.623,MAC Field Scanner Field Plot 327 Season 2,FALSE,Maricopa,6000000301,6000002923
height,17055,60.589,MAC Field Scanner Field Plot 307 Season 2,FALSE,Maricopa,6000000306,6000002903
height,17055,57.945,MAC Field Scanner Field Plot 306 Season 2,FALSE,Maricopa,6000000306,6000002902
height,17055,56.623,MAC Field Scanner Field Plot 346 Season 2,FALSE,Maricopa,6000000311,6000002942
height,17055,70.504,MAC Field Scanner Field Plot 332 Season 2,FALSE,Maricopa,6000000242,6000002928
height,17055,70.504,MAC Field Scanner Field Plot 333 Season 2,FALSE,Maricopa,6000000242,6000002929
height,17055,60.589,MAC Field Scanner Field Plot 311 Season 2,FALSE,Maricopa,6000000339,6000002907
height,17055,52.657,MAC Field Scanner Field Plot 310 Season 2,FALSE,Maricopa,6000000339,6000002906
height,17055,56.623,MAC Field Scanner Field Plot 339 Season 2,FALSE,Maricopa,6000000341,6000002935
height,17055,59.928,MAC Field Scanner Field Plot 338 Season 2,FALSE,Maricopa,6000000341,6000002934
height,17055,66.538,MAC Field Scanner Field Plot 334 Season 2,FALSE,Maricopa,6000000348,6000002930
height,17055,64.555,MAC Field Scanner Field Plot 335 Season 2,FALSE,Maricopa,6000000348,6000002931
height,17055,65.877,MAC Field Scanner Field Plot 341 Season 2,FALSE,Maricopa,6000000353,6000002937
height,17055,57.945,MAC Field Scanner Field Plot 309 Season 2,FALSE,Maricopa,6000000390,6000002905
height,17055,65.216,MAC Field Scanner Field Plot 308 Season 2,FALSE,Maricopa,6000000390,6000002904
height,17055,59.267,MAC Field Scanner Field Plot 319 Season 2,FALSE,Maricopa,6000000395,6000002915
height,17055,34.149,MAC Field Scanner Field Plot 318 Season 2,FALSE,Maricopa,6000000395,6000002914
height,17055,64.555,MAC Field Scanner Field Plot 324 Season 2,FALSE,Maricopa,6000000399,6000002920
height,17055,63.233,MAC Field Scanner Field Plot 325 Season 2,FALSE,Maricopa,6000000399,6000002921
height,17055,67.199,MAC Field Scanner Field Plot 322 Season 2,FALSE,Maricopa,6000000408,6000002918
height,17055,63.894,MAC Field Scanner Field Plot 323 Season 2,FALSE,Maricopa,6000000408,6000002919
height,17055,67.86,MAC Field Scanner Field Plot 343 Season 2,FALSE,Maricopa,6000000409,6000002939
height,17055,68.521,MAC Field Scanner Field Plot 342 Season 2,FALSE,Maricopa,6000000409,6000002938
height,17055,66.538,MAC Field Scanner Field Plot 328 Season 2,FALSE,Maricopa,6000000269,6000002924
height,17055,64.555,MAC Field Scanner Field Plot 329 Season 2,FALSE,Maricopa,6000000269,6000002925
height,17055,48.691,MAC Field Scanner Field Plot 379 Season 2,FALSE,Maricopa,6000000288,6000002975
height,17055,38.115,MAC Field Scanner Field Plot 378 Season 2,FALSE,Maricopa,6000000288,6000002974
height,17055,65.216,MAC Field Scanner Field Plot 358 Season 2,FALSE,Maricopa,6000000297,6000002954
height,17055,63.894,MAC Field Scanner Field Plot 359 Season 2,FALSE,Maricopa,6000000297,6000002955
height,17055,56.623,MAC Field Scanner Field Plot 386 Season 2,FALSE,Maricopa,6000000308,6000002982
height,17055,60.589,MAC Field Scanner Field Plot 387 Season 2,FALSE,Maricopa,6000000308,6000002983
height,17055,60.589,MAC Field Scanner Field Plot 351 Season 2,FALSE,Maricopa,6000000309,6000002947
height,17055,59.928,MAC Field Scanner Field Plot 350 Season 2,FALSE,Maricopa,6000000309,6000002946
height,17055,55.301,MAC Field Scanner Field Plot 398 Season 2,FALSE,Maricopa,6000000310,6000002994
height,17055,58.606,MAC Field Scanner Field Plot 399 Season 2,FALSE,Maricopa,6000000310,6000002995
height,17055,51.335,MAC Field Scanner Field Plot 347 Season 2,FALSE,Maricopa,6000000311,6000002943
height,17055,60.589,MAC Field Scanner Field Plot 383 Season 2,FALSE,Maricopa,6000000312,6000002979
height,17055,57.284,MAC Field Scanner Field Plot 382 Season 2,FALSE,Maricopa,6000000312,6000002978
height,17055,65.877,MAC Field Scanner Field Plot 390 Season 2,FALSE,Maricopa,6000000318,6000002986
height,17055,59.928,MAC Field Scanner Field Plot 391 Season 2,FALSE,Maricopa,6000000318,6000002987
height,17055,58.606,MAC Field Scanner Field Plot 388 Season 2,FALSE,Maricopa,6000000378,6000002984
height,17055,55.962,MAC Field Scanner Field Plot 389 Season 2,FALSE,Maricopa,6000000378,6000002985
height,17055,62.572,MAC Field Scanner Field Plot 392 Season 2,FALSE,Maricopa,6000000388,6000002988
height,17055,66.538,MAC Field Scanner Field Plot 393 Season 2,FALSE,Maricopa,6000000388,6000002989
height,17055,51.335,MAC Field Scanner Field Plot 371 Season 2,FALSE,Maricopa,6000000412,6000002967
height,17055,58.606,MAC Field Scanner Field Plot 370 Season 2,FALSE,Maricopa,6000000412,6000002966
height,17055,68.521,MAC Field Scanner Field Plot 360 Season 2,FALSE,Maricopa,6000000405,6000002956
height,17055,64.555,MAC Field Scanner Field Plot 361 Season 2,FALSE,Maricopa,6000000405,6000002957
height,17055,69.843,MAC Field Scanner Field Plot 364 Season 2,FALSE,Maricopa,6000000407,6000002960
height,17055,68.521,MAC Field Scanner Field Plot 365 Season 2,FALSE,Maricopa,6000000407,6000002961
height,17055,57.284,MAC Field Scanner Field Plot 356 Season 2,FALSE,Maricopa,6000000271,6000002952
height,17055,60.589,MAC Field Scanner Field Plot 357 Season 2,FALSE,Maricopa,6000000271,6000002953
height,17055,43.403,MAC Field Scanner Field Plot 362 Season 2,FALSE,Maricopa,6000000272,6000002958
height,17055,40.759,MAC Field Scanner Field Plot 363 Season 2,FALSE,Maricopa,6000000272,6000002959
height,17055,55.962,MAC Field Scanner Field Plot 409 Season 2,FALSE,Maricopa,6000000283,6000003005
height,17055,61.25,MAC Field Scanner Field Plot 408 Season 2,FALSE,Maricopa,6000000283,6000003004
height,17055,57.284,MAC Field Scanner Field Plot 454 Season 2,FALSE,Maricopa,6000000288,6000003050
height,17055,51.335,MAC Field Scanner Field Plot 455 Season 2,FALSE,Maricopa,6000000288,6000003051
height,17055,55.301,MAC Field Scanner Field Plot 418 Season 2,FALSE,Maricopa,6000000298,6000003014
height,17055,59.928,MAC Field Scanner Field Plot 419 Season 2,FALSE,Maricopa,6000000298,6000003015
height,17055,68.521,MAC Field Scanner Field Plot 443 Season 2,FALSE,Maricopa,6000000302,6000003039
height,17055,65.216,MAC Field Scanner Field Plot 442 Season 2,FALSE,Maricopa,6000000302,6000003038
height,17055,64.555,MAC Field Scanner Field Plot 437 Season 2,FALSE,Maricopa,6000000309,6000003033
height,17055,63.894,MAC Field Scanner Field Plot 436 Season 2,FALSE,Maricopa,6000000309,6000003032
height,17055,73.148,MAC Field Scanner Field Plot 424 Season 2,FALSE,Maricopa,6000000314,6000003020
height,17055,72.487,MAC Field Scanner Field Plot 425 Season 2,FALSE,Maricopa,6000000314,6000003021
height,17055,67.86,MAC Field Scanner Field Plot 430 Season 2,FALSE,Maricopa,6000000391,6000003026
height,17055,68.521,MAC Field Scanner Field Plot 431 Season 2,FALSE,Maricopa,6000000391,6000003027
height,17055,69.843,MAC Field Scanner Field Plot 426 Season 2,FALSE,Maricopa,6000000392,6000003022
height,17055,67.86,MAC Field Scanner Field Plot 427 Season 2,FALSE,Maricopa,6000000392,6000003023
height,17055,64.555,MAC Field Scanner Field Plot 405 Season 2,FALSE,Maricopa,6000000250,6000003001
height,17055,66.538,MAC Field Scanner Field Plot 404 Season 2,FALSE,Maricopa,6000000250,6000003e3
height,17055,65.216,MAC Field Scanner Field Plot 441 Season 2,FALSE,Maricopa,6000000403,6000003037
height,17055,62.572,MAC Field Scanner Field Plot 440 Season 2,FALSE,Maricopa,6000000403,6000003036
height,17055,58.606,MAC Field Scanner Field Plot 415 Season 2,FALSE,Maricopa,6000000251,6000003011
height,17055,57.284,MAC Field Scanner Field Plot 414 Season 2,FALSE,Maricopa,6000000251,6000003010
height,17055,72.487,MAC Field Scanner Field Plot 411 Season 2,FALSE,Maricopa,6000000254,6000003007
height,17055,69.843,MAC Field Scanner Field Plot 410 Season 2,FALSE,Maricopa,6000000254,6000003006
height,17055,64.555,MAC Field Scanner Field Plot 428 Season 2,FALSE,Maricopa,6000000264,6000003024
height,17055,69.182,MAC Field Scanner Field Plot 479 Season 2,FALSE,Maricopa,6000000280,6000003075
height,17055,68.521,MAC Field Scanner Field Plot 478 Season 2,FALSE,Maricopa,6000000280,6000003074
height,17055,67.199,MAC Field Scanner Field Plot 507 Season 2,FALSE,Maricopa,6000000281,6000003103
height,17055,65.216,MAC Field Scanner Field Plot 506 Season 2,FALSE,Maricopa,6000000281,6000003102
height,17055,65.877,MAC Field Scanner Field Plot 505 Season 2,FALSE,Maricopa,6000000297,6000003101
height,17055,66.538,MAC Field Scanner Field Plot 504 Season 2,FALSE,Maricopa,6000000297,6000003100
height,17055,63.233,MAC Field Scanner Field Plot 467 Season 2,FALSE,Maricopa,6000000304,6000003063
height,17055,67.86,MAC Field Scanner Field Plot 466 Season 2,FALSE,Maricopa,6000000304,6000003062
height,17055,72.487,MAC Field Scanner Field Plot 469 Season 2,FALSE,Maricopa,6000000306,6000003065
height,17055,68.521,MAC Field Scanner Field Plot 468 Season 2,FALSE,Maricopa,6000000306,6000003064
height,17055,76.453,MAC Field Scanner Field Plot 488 Season 2,FALSE,Maricopa,6000000307,6000003084
height,17055,74.47,MAC Field Scanner Field Plot 489 Season 2,FALSE,Maricopa,6000000307,6000003085
height,17055,60.589,MAC Field Scanner Field Plot 503 Season 2,FALSE,Maricopa,6000000386,6000003099
height,17055,60.589,MAC Field Scanner Field Plot 502 Season 2,FALSE,Maricopa,6000000386,6000003098
height,17055,76.453,MAC Field Scanner Field Plot 458 Season 2,FALSE,Maricopa,6000000389,6000003054
height,17055,76.453,MAC Field Scanner Field Plot 459 Season 2,FALSE,Maricopa,6000000389,6000003055
height,17055,72.487,MAC Field Scanner Field Plot 486 Season 2,FALSE,Maricopa,6000000391,6000003082
height,17055,72.487,MAC Field Scanner Field Plot 487 Season 2,FALSE,Maricopa,6000000391,6000003083
height,17055,64.555,MAC Field Scanner Field Plot 492 Season 2,FALSE,Maricopa,6000000393,6000003088
height,17055,63.894,MAC Field Scanner Field Plot 493 Season 2,FALSE,Maricopa,6000000393,6000003089
height,17055,63.894,MAC Field Scanner Field Plot 509 Season 2,FALSE,Maricopa,6000000395,6000003105
height,17055,64.555,MAC Field Scanner Field Plot 508 Season 2,FALSE,Maricopa,6000000395,6000003104
height,17055,59.267,MAC Field Scanner Field Plot 494 Season 2,FALSE,Maricopa,6000000412,6000003090
height,17055,66.538,MAC Field Scanner Field Plot 495 Season 2,FALSE,Maricopa,6000000412,6000003091
height,17055,54.64,MAC Field Scanner Field Plot 499 Season 2,FALSE,Maricopa,6000000253,6000003095
height,17055,59.928,MAC Field Scanner Field Plot 498 Season 2,FALSE,Maricopa,6000000253,6000003094
height,17055,75.792,MAC Field Scanner Field Plot 482 Season 2,FALSE,Maricopa,6000000407,6000003078
height,17055,74.47,MAC Field Scanner Field Plot 483 Season 2,FALSE,Maricopa,6000000407,6000003079
height,17055,66.538,MAC Field Scanner Field Plot 518 Season 2,FALSE,Maricopa,6000000279,6000003114
height,17055,67.199,MAC Field Scanner Field Plot 519 Season 2,FALSE,Maricopa,6000000279,6000003115
height,17055,62.572,MAC Field Scanner Field Plot 548 Season 2,FALSE,Maricopa,6000000292,6000003144
height,17055,66.538,MAC Field Scanner Field Plot 549 Season 2,FALSE,Maricopa,6000000292,6000003145
height,17055,66.538,MAC Field Scanner Field Plot 520 Season 2,FALSE,Maricopa,6000000301,6000003116
height,17055,66.538,MAC Field Scanner Field Plot 521 Season 2,FALSE,Maricopa,6000000301,6000003117
height,17055,57.945,MAC Field Scanner Field Plot 550 Season 2,FALSE,Maricopa,6000000303,6000003146
height,17055,55.301,MAC Field Scanner Field Plot 551 Season 2,FALSE,Maricopa,6000000303,6000003147
height,17055,63.233,MAC Field Scanner Field Plot 516 Season 2,FALSE,Maricopa,6000000315,6000003112
height,17055,65.877,MAC Field Scanner Field Plot 517 Season 2,FALSE,Maricopa,6000000315,6000003113
height,17055,68.521,MAC Field Scanner Field Plot 539 Season 2,FALSE,Maricopa,6000000320,6000003135
height,17055,66.538,MAC Field Scanner Field Plot 538 Season 2,FALSE,Maricopa,6000000320,6000003134
height,17055,69.182,MAC Field Scanner Field Plot 562 Season 2,FALSE,Maricopa,6000000376,6000003158
height,17055,63.233,MAC Field Scanner Field Plot 556 Season 2,FALSE,Maricopa,6000000379,6000003152
height,17055,63.233,MAC Field Scanner Field Plot 557 Season 2,FALSE,Maricopa,6000000379,6000003153
height,17055,65.216,MAC Field Scanner Field Plot 558 Season 2,FALSE,Maricopa,6000000248,6000003154
height,17055,75.792,MAC Field Scanner Field Plot 559 Season 2,FALSE,Maricopa,6000000248,6000003155
height,17055,68.521,MAC Field Scanner Field Plot 543 Season 2,FALSE,Maricopa,6000000392,6000003139
height,17055,66.538,MAC Field Scanner Field Plot 542 Season 2,FALSE,Maricopa,6000000392,6000003138
height,17055,47.369,MAC Field Scanner Field Plot 554 Season 2,FALSE,Maricopa,6000000255,6000003150
height,17055,57.284,MAC Field Scanner Field Plot 555 Season 2,FALSE,Maricopa,6000000255,6000003151
height,17055,67.86,MAC Field Scanner Field Plot 533 Season 2,FALSE,Maricopa,6000000410,6000003129
height,17055,69.843,MAC Field Scanner Field Plot 532 Season 2,FALSE,Maricopa,6000000410,6000003128
height,17055,68.521,MAC Field Scanner Field Plot 514 Season 2,FALSE,Maricopa,6000000267,6000003110
height,17055,67.199,MAC Field Scanner Field Plot 515 Season 2,FALSE,Maricopa,6000000267,6000003111
height,17055,60.589,MAC Field Scanner Field Plot 526 Season 2,FALSE,Maricopa,6000000268,6000003122
height,17055,58.606,MAC Field Scanner Field Plot 527 Season 2,FALSE,Maricopa,6000000268,6000003123
height,17055,65.877,MAC Field Scanner Field Plot 565 Season 2,FALSE,Maricopa,6000000275,6000003161
height,17055,67.199,MAC Field Scanner Field Plot 564 Season 2,FALSE,Maricopa,6000000275,6000003160
height,17055,67.199,MAC Field Scanner Field Plot 589 Season 2,FALSE,Maricopa,6000000277,6000003185
height,17055,62.572,MAC Field Scanner Field Plot 601 Season 2,FALSE,Maricopa,6000000283,6000003197
height,17055,63.233,MAC Field Scanner Field Plot 600 Season 2,FALSE,Maricopa,6000000283,6000003196
height,17055,65.877,MAC Field Scanner Field Plot 575 Season 2,FALSE,Maricopa,6000000287,6000003171
height,17055,63.233,MAC Field Scanner Field Plot 574 Season 2,FALSE,Maricopa,6000000287,6000003170
height,17055,66.538,MAC Field Scanner Field Plot 614 Season 2,FALSE,Maricopa,6000000289,6000003210
height,17055,62.572,MAC Field Scanner Field Plot 615 Season 2,FALSE,Maricopa,6000000289,6000003211
height,17055,74.47,MAC Field Scanner Field Plot 571 Season 2,FALSE,Maricopa,6000000241,6000003167
height,17055,71.826,MAC Field Scanner Field Plot 570 Season 2,FALSE,Maricopa,6000000241,6000003166
height,17055,58.606,MAC Field Scanner Field Plot 605 Season 2,FALSE,Maricopa,6000000316,6000003201
height,17055,59.267,MAC Field Scanner Field Plot 604 Season 2,FALSE,Maricopa,6000000316,6000003200
height,17055,69.182,MAC Field Scanner Field Plot 584 Season 2,FALSE,Maricopa,6000000318,6000003180
height,17055,68.521,MAC Field Scanner Field Plot 585 Season 2,FALSE,Maricopa,6000000318,6000003181
height,17055,66.538,MAC Field Scanner Field Plot 595 Season 2,FALSE,Maricopa,6000000331,6000003191
height,17055,63.894,MAC Field Scanner Field Plot 594 Season 2,FALSE,Maricopa,6000000331,6000003190
height,17055,65.877,MAC Field Scanner Field Plot 607 Season 2,FALSE,Maricopa,6000000377,6000003203
height,17055,65.216,MAC Field Scanner Field Plot 606 Season 2,FALSE,Maricopa,6000000377,6000003202
height,17055,66.538,MAC Field Scanner Field Plot 597 Season 2,FALSE,Maricopa,6000000396,6000003193
height,17055,65.216,MAC Field Scanner Field Plot 596 Season 2,FALSE,Maricopa,6000000396,6000003192
height,17055,64.555,MAC Field Scanner Field Plot 620 Season 2,FALSE,Maricopa,6000000400,6000003216
height,17055,62.572,MAC Field Scanner Field Plot 621 Season 2,FALSE,Maricopa,6000000400,6000003217
height,17055,64.555,MAC Field Scanner Field Plot 622 Season 2,FALSE,Maricopa,6000000409,6000003218
height,17055,67.199,MAC Field Scanner Field Plot 618 Season 2,FALSE,Maricopa,6000000265,6000003214
height,17055,65.877,MAC Field Scanner Field Plot 619 Season 2,FALSE,Maricopa,6000000265,6000003215
height,17055,62.572,MAC Field Scanner Field Plot 578 Season 2,FALSE,Maricopa,6000000271,6000003174
height,17055,59.928,MAC Field Scanner Field Plot 579 Season 2,FALSE,Maricopa,6000000271,6000003175
height,17055,67.199,MAC Field Scanner Field Plot 588 Season 2,FALSE,Maricopa,6000000277,6000003184
height,17055,63.894,MAC Field Scanner Field Plot 654 Season 2,FALSE,Maricopa,6000000282,6000003250
height,17055,62.572,MAC Field Scanner Field Plot 655 Season 2,FALSE,Maricopa,6000000282,6000003251
height,17055,34.81,MAC Field Scanner Field Plot 642 Season 2,FALSE,Maricopa,6000000285,6000003238
height,17055,36.793,MAC Field Scanner Field Plot 643 Season 2,FALSE,Maricopa,6000000285,6000003239
height,17055,63.233,MAC Field Scanner Field Plot 637 Season 2,FALSE,Maricopa,6000000291,6000003233
height,17055,61.911,MAC Field Scanner Field Plot 636 Season 2,FALSE,Maricopa,6000000291,6000003232
height,17055,65.877,MAC Field Scanner Field Plot 627 Season 2,FALSE,Maricopa,6000000300,6000003223
height,17055,67.199,MAC Field Scanner Field Plot 626 Season 2,FALSE,Maricopa,6000000300,6000003222
height,17055,61.911,MAC Field Scanner Field Plot 678 Season 2,FALSE,Maricopa,6000000305,6000003274
height,17055,54.64,MAC Field Scanner Field Plot 674 Season 2,FALSE,Maricopa,6000000311,6000003270
height,17055,42.742,MAC Field Scanner Field Plot 675 Season 2,FALSE,Maricopa,6000000311,6000003271
height,17055,67.199,MAC Field Scanner Field Plot 629 Season 2,FALSE,Maricopa,6000000319,6000003225
height,17055,66.538,MAC Field Scanner Field Plot 628 Season 2,FALSE,Maricopa,6000000319,6000003224
height,17055,53.979,MAC Field Scanner Field Plot 665 Season 2,FALSE,Maricopa,6000000378,6000003261
height,17055,53.979,MAC Field Scanner Field Plot 664 Season 2,FALSE,Maricopa,6000000378,6000003260
height,17055,60.589,MAC Field Scanner Field Plot 667 Season 2,FALSE,Maricopa,6000000380,6000003263
height,17055,60.589,MAC Field Scanner Field Plot 666 Season 2,FALSE,Maricopa,6000000380,6000003262
height,17055,70.504,MAC Field Scanner Field Plot 631 Season 2,FALSE,Maricopa,6000000381,6000003227
height,17055,71.165,MAC Field Scanner Field Plot 630 Season 2,FALSE,Maricopa,6000000381,6000003226
height,17055,59.928,MAC Field Scanner Field Plot 633 Season 2,FALSE,Maricopa,6000000388,6000003229
height,17055,61.911,MAC Field Scanner Field Plot 632 Season 2,FALSE,Maricopa,6000000388,6000003228
height,17055,67.86,MAC Field Scanner Field Plot 644 Season 2,FALSE,Maricopa,6000000390,6000003240
height,17055,61.25,MAC Field Scanner Field Plot 645 Season 2,FALSE,Maricopa,6000000390,6000003241
height,17055,64.555,MAC Field Scanner Field Plot 659 Season 2,FALSE,Maricopa,6000000250,6000003255
height,17055,65.877,MAC Field Scanner Field Plot 658 Season 2,FALSE,Maricopa,6000000250,6000003254
height,17055,55.962,MAC Field Scanner Field Plot 661 Season 2,FALSE,Maricopa,6000000252,6000003257
height,17055,60.589,MAC Field Scanner Field Plot 702 Season 2,FALSE,Maricopa,6000000278,6000003298
height,17055,63.894,MAC Field Scanner Field Plot 712 Season 2,FALSE,Maricopa,6000000293,6000003308
height,17055,62.572,MAC Field Scanner Field Plot 713 Season 2,FALSE,Maricopa,6000000293,6000003309
height,17055,54.64,MAC Field Scanner Field Plot 710 Season 2,FALSE,Maricopa,6000000298,6000003306
height,17055,54.64,MAC Field Scanner Field Plot 711 Season 2,FALSE,Maricopa,6000000298,6000003307
height,17055,61.911,MAC Field Scanner Field Plot 725 Season 2,FALSE,Maricopa,6000000299,6000003321
height,17055,60.589,MAC Field Scanner Field Plot 724 Season 2,FALSE,Maricopa,6000000299,6000003320
height,17055,56.623,MAC Field Scanner Field Plot 679 Season 2,FALSE,Maricopa,6000000305,6000003275
height,17055,63.894,MAC Field Scanner Field Plot 682 Season 2,FALSE,Maricopa,6000000308,6000003278
height,17055,61.25,MAC Field Scanner Field Plot 683 Season 2,FALSE,Maricopa,6000000308,6000003279
height,17055,53.318,MAC Field Scanner Field Plot 718 Season 2,FALSE,Maricopa,6000000312,6000003314
height,17055,47.369,MAC Field Scanner Field Plot 719 Season 2,FALSE,Maricopa,6000000312,6000003315
height,17055,72.487,MAC Field Scanner Field Plot 686 Season 2,FALSE,Maricopa,6000000313,6000003282
height,17055,70.504,MAC Field Scanner Field Plot 687 Season 2,FALSE,Maricopa,6000000313,6000003283
height,17055,72.487,MAC Field Scanner Field Plot 695 Season 2,FALSE,Maricopa,6000000314,6000003291
height,17055,71.826,MAC Field Scanner Field Plot 694 Season 2,FALSE,Maricopa,6000000314,6000003290
height,17055,56.623,MAC Field Scanner Field Plot 703 Season 2,FALSE,Maricopa,6000000278,6000003299
height,17055,63.233,MAC Field Scanner Field Plot 693 Season 2,FALSE,Maricopa,6000000382,6000003289
height,17055,65.877,MAC Field Scanner Field Plot 692 Season 2,FALSE,Maricopa,6000000382,6000003288
height,17055,67.199,MAC Field Scanner Field Plot 714 Season 2,FALSE,Maricopa,6000000385,6000003310
height,17055,67.86,MAC Field Scanner Field Plot 715 Season 2,FALSE,Maricopa,6000000385,6000003311
height,17055,62.572,MAC Field Scanner Field Plot 701 Season 2,FALSE,Maricopa,6000000387,6000003297
height,17055,64.555,MAC Field Scanner Field Plot 700 Season 2,FALSE,Maricopa,6000000387,6000003296
height,17055,64.555,MAC Field Scanner Field Plot 734 Season 2,FALSE,Maricopa,6000000249,6000003330
height,17055,61.911,MAC Field Scanner Field Plot 729 Season 2,FALSE,Maricopa,6000000399,6000003325
height,17055,63.233,MAC Field Scanner Field Plot 728 Season 2,FALSE,Maricopa,6000000399,6000003324
height,17055,59.928,MAC Field Scanner Field Plot 727 Season 2,FALSE,Maricopa,6000000251,6000003323
height,17055,59.267,MAC Field Scanner Field Plot 726 Season 2,FALSE,Maricopa,6000000251,6000003322
height,17055,65.877,MAC Field Scanner Field Plot 765 Season 2,FALSE,Maricopa,6000000290,6000003361
height,17055,64.555,MAC Field Scanner Field Plot 764 Season 2,FALSE,Maricopa,6000000290,6000003360
height,17055,52.657,MAC Field Scanner Field Plot 742 Season 2,FALSE,Maricopa,6000000295,6000003338
height,17055,54.64,MAC Field Scanner Field Plot 743 Season 2,FALSE,Maricopa,6000000295,6000003339
height,17055,61.25,MAC Field Scanner Field Plot 787 Season 2,FALSE,Maricopa,6000000317,6000003383
height,17055,56.623,MAC Field Scanner Field Plot 786 Season 2,FALSE,Maricopa,6000000317,6000003382
height,17055,65.877,MAC Field Scanner Field Plot 790 Season 2,FALSE,Maricopa,6000000383,6000003386
height,17055,67.199,MAC Field Scanner Field Plot 735 Season 2,FALSE,Maricopa,6000000249,6000003331
height,17055,69.182,MAC Field Scanner Field Plot 740 Season 2,FALSE,Maricopa,6000000394,6000003336
height,17055,63.233,MAC Field Scanner Field Plot 741 Season 2,FALSE,Maricopa,6000000394,6000003337
height,17055,63.894,MAC Field Scanner Field Plot 759 Season 2,FALSE,Maricopa,6000000398,6000003355
height,17055,63.233,MAC Field Scanner Field Plot 758 Season 2,FALSE,Maricopa,6000000398,6000003354
height,17055,57.945,MAC Field Scanner Field Plot 757 Season 2,FALSE,Maricopa,6000000402,6000003353
height,17055,57.945,MAC Field Scanner Field Plot 756 Season 2,FALSE,Maricopa,6000000402,6000003352
height,17055,67.86,MAC Field Scanner Field Plot 755 Season 2,FALSE,Maricopa,6000000254,6000003351
height,17055,65.877,MAC Field Scanner Field Plot 754 Season 2,FALSE,Maricopa,6000000254,6000003350
height,17055,63.894,MAC Field Scanner Field Plot 770 Season 2,FALSE,Maricopa,6000000260,6000003366
height,17055,63.233,MAC Field Scanner Field Plot 771 Season 2,FALSE,Maricopa,6000000260,6000003367
height,17055,61.25,MAC Field Scanner Field Plot 748 Season 2,FALSE,Maricopa,6000000261,6000003344
height,17055,64.555,MAC Field Scanner Field Plot 749 Season 2,FALSE,Maricopa,6000000261,6000003345
height,17055,57.284,MAC Field Scanner Field Plot 761 Season 2,FALSE,Maricopa,6000000406,6000003357
height,17055,60.589,MAC Field Scanner Field Plot 760 Season 2,FALSE,Maricopa,6000000406,6000003356
height,17055,69.182,MAC Field Scanner Field Plot 767 Season 2,FALSE,Maricopa,6000000273,6000003363
height,17055,67.86,MAC Field Scanner Field Plot 766 Season 2,FALSE,Maricopa,6000000273,6000003362
height,17055,74.47,MAC Field Scanner Field Plot 827 Season 2,FALSE,Maricopa,6000000284,6000003423
height,17055,55.301,MAC Field Scanner Field Plot 826 Season 2,FALSE,Maricopa,6000000284,6000003422
height,17055,57.945,MAC Field Scanner Field Plot 795 Season 2,FALSE,Maricopa,6000000286,6000003391
height,17055,59.267,MAC Field Scanner Field Plot 794 Season 2,FALSE,Maricopa,6000000286,6000003390
height,17055,61.25,MAC Field Scanner Field Plot 802 Season 2,FALSE,Maricopa,6000000294,6000003398
height,17055,58.606,MAC Field Scanner Field Plot 803 Season 2,FALSE,Maricopa,6000000294,6000003399
height,17055,62.572,MAC Field Scanner Field Plot 812 Season 2,FALSE,Maricopa,6000000296,6000003408
height,17055,56.623,MAC Field Scanner Field Plot 813 Season 2,FALSE,Maricopa,6000000296,6000003409
height,17055,57.284,MAC Field Scanner Field Plot 829 Season 2,FALSE,Maricopa,6000000310,6000003425
height,17055,78.436,MAC Field Scanner Field Plot 828 Season 2,FALSE,Maricopa,6000000310,6000003424
height,17055,61.911,MAC Field Scanner Field Plot 793 Season 2,FALSE,Maricopa,6000000323,6000003389
height,17055,60.589,MAC Field Scanner Field Plot 792 Season 2,FALSE,Maricopa,6000000323,6000003388
height,17055,50.674,MAC Field Scanner Field Plot 810 Season 2,FALSE,Maricopa,6000000325,6000003406
height,17055,38.776,MAC Field Scanner Field Plot 811 Season 2,FALSE,Maricopa,6000000325,6000003407
height,17055,42.081,MAC Field Scanner Field Plot 814 Season 2,FALSE,Maricopa,6000000330,6000003410
height,17055,55.962,MAC Field Scanner Field Plot 815 Season 2,FALSE,Maricopa,6000000330,6000003411
height,17055,67.86,MAC Field Scanner Field Plot 825 Season 2,FALSE,Maricopa,6000000354,6000003421
height,17055,67.86,MAC Field Scanner Field Plot 824 Season 2,FALSE,Maricopa,6000000354,6000003420
height,17055,67.199,MAC Field Scanner Field Plot 823 Season 2,FALSE,Maricopa,6000000365,6000003419
height,17055,69.182,MAC Field Scanner Field Plot 791 Season 2,FALSE,Maricopa,6000000383,6000003387
height,17055,63.894,MAC Field Scanner Field Plot 799 Season 2,FALSE,Maricopa,6000000384,6000003395
height,17055,64.555,MAC Field Scanner Field Plot 798 Season 2,FALSE,Maricopa,6000000384,6000003394
height,17055,63.233,MAC Field Scanner Field Plot 804 Season 2,FALSE,Maricopa,6000000397,6000003400
height,17055,65.877,MAC Field Scanner Field Plot 805 Season 2,FALSE,Maricopa,6000000397,6000003401
height,17055,64.555,MAC Field Scanner Field Plot 797 Season 2,FALSE,Maricopa,6000000401,6000003393
height,17055,63.894,MAC Field Scanner Field Plot 796 Season 2,FALSE,Maricopa,6000000401,6000003392
height,17055,61.25,MAC Field Scanner Field Plot 831 Season 2,FALSE,Maricopa,6000000259,6000003427
height,17055,63.233,MAC Field Scanner Field Plot 830 Season 2,FALSE,Maricopa,6000000259,6000003426
height,17056,57.284,MAC Field Scanner Field Plot 44 Season 2,FALSE,Maricopa,6000000293,6000002640
height,17056,58.606,MAC Field Scanner Field Plot 45 Season 2,FALSE,Maricopa,6000000293,6000002641
height,17056,61.911,MAC Field Scanner Field Plot 55 Season 2,FALSE,Maricopa,6000000294,6000002651
height,17056,64.555,MAC Field Scanner Field Plot 54 Season 2,FALSE,Maricopa,6000000294,6000002650
height,17056,70.504,MAC Field Scanner Field Plot 63 Season 2,FALSE,Maricopa,6000000241,6000002659
height,17056,65.877,MAC Field Scanner Field Plot 62 Season 2,FALSE,Maricopa,6000000241,6000002658
height,17056,53.979,MAC Field Scanner Field Plot 35 Season 2,FALSE,Maricopa,6000000278,6000002631
height,17056,64.555,MAC Field Scanner Field Plot 29 Season 2,FALSE,Maricopa,6000000415,6000002625
height,17056,66.538,MAC Field Scanner Field Plot 28 Season 2,FALSE,Maricopa,6000000415,6000002624
height,17056,57.945,MAC Field Scanner Field Plot 57 Season 2,FALSE,Maricopa,6000000333,6000002653
height,17056,63.894,MAC Field Scanner Field Plot 56 Season 2,FALSE,Maricopa,6000000333,6000002652
height,17056,61.25,MAC Field Scanner Field Plot 51 Season 2,FALSE,Maricopa,6000000334,6000002647
height,17056,65.877,MAC Field Scanner Field Plot 50 Season 2,FALSE,Maricopa,6000000334,6000002646
height,17056,66.538,MAC Field Scanner Field Plot 59 Season 2,FALSE,Maricopa,6000000349,6000002655
height,17056,63.233,MAC Field Scanner Field Plot 58 Season 2,FALSE,Maricopa,6000000349,6000002654
height,17056,57.945,MAC Field Scanner Field Plot 40 Season 2,FALSE,Maricopa,6000000356,6000002636
height,17056,58.606,MAC Field Scanner Field Plot 41 Season 2,FALSE,Maricopa,6000000356,6000002637
height,17056,57.945,MAC Field Scanner Field Plot 42 Season 2,FALSE,Maricopa,6000000384,6000002638
height,17056,63.233,MAC Field Scanner Field Plot 43 Season 2,FALSE,Maricopa,6000000384,6000002639
height,17056,64.555,MAC Field Scanner Field Plot 53 Season 2,FALSE,Maricopa,6000000401,6000002649
height,17056,63.894,MAC Field Scanner Field Plot 52 Season 2,FALSE,Maricopa,6000000401,6000002648
height,17056,55.962,MAC Field Scanner Field Plot 66 Season 2,FALSE,Maricopa,6000000255,6000002662
height,17056,54.64,MAC Field Scanner Field Plot 67 Season 2,FALSE,Maricopa,6000000255,6000002663
height,17056,63.233,MAC Field Scanner Field Plot 46 Season 2,FALSE,Maricopa,6000000258,6000002642
height,17056,63.894,MAC Field Scanner Field Plot 47 Season 2,FALSE,Maricopa,6000000258,6000002643
height,17056,54.64,MAC Field Scanner Field Plot 61 Season 2,FALSE,Maricopa,6000000274,6000002657
height,17056,63.233,MAC Field Scanner Field Plot 60 Season 2,FALSE,Maricopa,6000000274,6000002656
height,17056,65.877,MAC Field Scanner Field Plot 78 Season 2,FALSE,Maricopa,6000000282,6000002674
height,17056,63.894,MAC Field Scanner Field Plot 79 Season 2,FALSE,Maricopa,6000000282,6000002675
height,17056,69.182,MAC Field Scanner Field Plot 121 Season 2,FALSE,Maricopa,6000000289,6000002717
height,17056,63.233,MAC Field Scanner Field Plot 120 Season 2,FALSE,Maricopa,6000000289,6000002716
height,17056,55.962,MAC Field Scanner Field Plot 72 Season 2,FALSE,Maricopa,6000000291,6000002668
height,17056,60.589,MAC Field Scanner Field Plot 73 Season 2,FALSE,Maricopa,6000000291,6000002669
height,17056,52.657,MAC Field Scanner Field Plot 98 Season 2,FALSE,Maricopa,6000000295,6000002694
height,17056,50.013,MAC Field Scanner Field Plot 99 Season 2,FALSE,Maricopa,6000000295,6000002695
height,17056,69.182,MAC Field Scanner Field Plot 70 Season 2,FALSE,Maricopa,6000000296,6000002666
height,17056,68.521,MAC Field Scanner Field Plot 71 Season 2,FALSE,Maricopa,6000000296,6000002667
height,17056,73.809,MAC Field Scanner Field Plot 87 Season 2,FALSE,Maricopa,6000000313,6000002683
height,17056,77.114,MAC Field Scanner Field Plot 86 Season 2,FALSE,Maricopa,6000000313,6000002682
height,17056,63.233,MAC Field Scanner Field Plot 108 Season 2,FALSE,Maricopa,6000000315,6000002704
height,17056,57.284,MAC Field Scanner Field Plot 109 Season 2,FALSE,Maricopa,6000000315,6000002705
height,17056,69.843,MAC Field Scanner Field Plot 119 Season 2,FALSE,Maricopa,6000000319,6000002715
height,17056,72.487,MAC Field Scanner Field Plot 118 Season 2,FALSE,Maricopa,6000000319,6000002714
height,17056,75.131,MAC Field Scanner Field Plot 123 Season 2,FALSE,Maricopa,6000000389,6000002719
height,17056,67.86,MAC Field Scanner Field Plot 122 Season 2,FALSE,Maricopa,6000000389,6000002718
height,17056,66.538,MAC Field Scanner Field Plot 106 Season 2,FALSE,Maricopa,6000000397,6000002702
height,17056,75.131,MAC Field Scanner Field Plot 107 Season 2,FALSE,Maricopa,6000000397,6000002703
height,17056,59.928,MAC Field Scanner Field Plot 83 Season 2,FALSE,Maricopa,6000000400,6000002679
height,17056,61.911,MAC Field Scanner Field Plot 82 Season 2,FALSE,Maricopa,6000000400,6000002678
height,17056,49.352,MAC Field Scanner Field Plot 74 Season 2,FALSE,Maricopa,6000000256,6000002670
height,17056,51.996,MAC Field Scanner Field Plot 75 Season 2,FALSE,Maricopa,6000000256,6000002671
height,17056,65.877,MAC Field Scanner Field Plot 76 Season 2,FALSE,Maricopa,6000000260,6000002672
height,17056,66.538,MAC Field Scanner Field Plot 77 Season 2,FALSE,Maricopa,6000000260,6000002673
height,17056,62.572,MAC Field Scanner Field Plot 102 Season 2,FALSE,Maricopa,6000000406,6000002698
height,17056,59.267,MAC Field Scanner Field Plot 103 Season 2,FALSE,Maricopa,6000000406,6000002699
height,17056,64.555,MAC Field Scanner Field Plot 100 Season 2,FALSE,Maricopa,6000000265,6000002696
height,17056,65.216,MAC Field Scanner Field Plot 101 Season 2,FALSE,Maricopa,6000000265,6000002697
height,17056,34.81,MAC Field Scanner Field Plot 110 Season 2,FALSE,Maricopa,6000000276,6000002706
height,17056,42.081,MAC Field Scanner Field Plot 172 Season 2,FALSE,Maricopa,6000000285,6000002768
height,17056,35.471,MAC Field Scanner Field Plot 173 Season 2,FALSE,Maricopa,6000000285,6000002769
height,17056,61.911,MAC Field Scanner Field Plot 166 Season 2,FALSE,Maricopa,6000000286,6000002762
height,17056,61.911,MAC Field Scanner Field Plot 167 Season 2,FALSE,Maricopa,6000000286,6000002763
height,17056,69.182,MAC Field Scanner Field Plot 164 Season 2,FALSE,Maricopa,6000000302,6000002760
height,17056,66.538,MAC Field Scanner Field Plot 165 Season 2,FALSE,Maricopa,6000000302,6000002761
height,17056,66.538,MAC Field Scanner Field Plot 140 Season 2,FALSE,Maricopa,6000000377,6000002736
height,17056,67.199,MAC Field Scanner Field Plot 141 Season 2,FALSE,Maricopa,6000000377,6000002737
height,17056,69.182,MAC Field Scanner Field Plot 180 Season 2,FALSE,Maricopa,6000000385,6000002776
height,17056,63.894,MAC Field Scanner Field Plot 127 Season 2,FALSE,Maricopa,6000000393,6000002723
height,17056,59.267,MAC Field Scanner Field Plot 126 Season 2,FALSE,Maricopa,6000000393,6000002722
height,17056,63.233,MAC Field Scanner Field Plot 149 Season 2,FALSE,Maricopa,6000000396,6000002745
height,17056,62.572,MAC Field Scanner Field Plot 148 Season 2,FALSE,Maricopa,6000000396,6000002744
height,17056,55.301,MAC Field Scanner Field Plot 162 Season 2,FALSE,Maricopa,6000000402,6000002758
height,17056,56.623,MAC Field Scanner Field Plot 163 Season 2,FALSE,Maricopa,6000000402,6000002759
height,17056,61.25,MAC Field Scanner Field Plot 151 Season 2,FALSE,Maricopa,6000000403,6000002747
height,17056,61.25,MAC Field Scanner Field Plot 150 Season 2,FALSE,Maricopa,6000000403,6000002746
height,17056,54.64,MAC Field Scanner Field Plot 142 Season 2,FALSE,Maricopa,6000000252,6000002738
height,17056,63.894,MAC Field Scanner Field Plot 143 Season 2,FALSE,Maricopa,6000000252,6000002739
height,17056,65.216,MAC Field Scanner Field Plot 132 Season 2,FALSE,Maricopa,6000000261,6000002728
height,17056,65.877,MAC Field Scanner Field Plot 133 Season 2,FALSE,Maricopa,6000000261,6000002729
height,17056,68.521,MAC Field Scanner Field Plot 170 Season 2,FALSE,Maricopa,6000000262,6000002766
height,17056,61.25,MAC Field Scanner Field Plot 232 Season 2,FALSE,Maricopa,6000000281,6000002828
height,17056,65.216,MAC Field Scanner Field Plot 233 Season 2,FALSE,Maricopa,6000000281,6000002829
height,17056,59.267,MAC Field Scanner Field Plot 198 Season 2,FALSE,Maricopa,6000000292,6000002794
height,17056,54.64,MAC Field Scanner Field Plot 199 Season 2,FALSE,Maricopa,6000000292,6000002795
height,17056,65.216,MAC Field Scanner Field Plot 189 Season 2,FALSE,Maricopa,6000000299,6000002785
height,17056,66.538,MAC Field Scanner Field Plot 188 Season 2,FALSE,Maricopa,6000000299,6000002784
height,17056,55.962,MAC Field Scanner Field Plot 221 Season 2,FALSE,Maricopa,6000000303,6000002817
height,17056,55.301,MAC Field Scanner Field Plot 220 Season 2,FALSE,Maricopa,6000000303,6000002816
height,17056,66.538,MAC Field Scanner Field Plot 187 Season 2,FALSE,Maricopa,6000000304,6000002783
height,17056,63.894,MAC Field Scanner Field Plot 186 Season 2,FALSE,Maricopa,6000000304,6000002782
height,17056,66.538,MAC Field Scanner Field Plot 183 Season 2,FALSE,Maricopa,6000000327,6000002779
height,17056,67.86,MAC Field Scanner Field Plot 182 Season 2,FALSE,Maricopa,6000000327,6000002778
height,17056,61.911,MAC Field Scanner Field Plot 228 Season 2,FALSE,Maricopa,6000000379,6000002824
height,17056,65.216,MAC Field Scanner Field Plot 229 Season 2,FALSE,Maricopa,6000000379,6000002825
height,17056,65.877,MAC Field Scanner Field Plot 230 Season 2,FALSE,Maricopa,6000000382,6000002826
height,17056,65.216,MAC Field Scanner Field Plot 231 Season 2,FALSE,Maricopa,6000000382,6000002827
height,17056,71.826,MAC Field Scanner Field Plot 181 Season 2,FALSE,Maricopa,6000000385,6000002777
height,17056,59.928,MAC Field Scanner Field Plot 217 Season 2,FALSE,Maricopa,6000000386,6000002813
height,17056,62.572,MAC Field Scanner Field Plot 216 Season 2,FALSE,Maricopa,6000000386,6000002812
height,17056,65.216,MAC Field Scanner Field Plot 202 Season 2,FALSE,Maricopa,6000000387,6000002798
height,17056,68.521,MAC Field Scanner Field Plot 203 Season 2,FALSE,Maricopa,6000000387,6000002799
height,17056,66.538,MAC Field Scanner Field Plot 213 Season 2,FALSE,Maricopa,6000000249,6000002809
height,17056,61.911,MAC Field Scanner Field Plot 212 Season 2,FALSE,Maricopa,6000000249,6000002808
height,17056,67.199,MAC Field Scanner Field Plot 215 Season 2,FALSE,Maricopa,6000000257,6000002811
height,17056,65.877,MAC Field Scanner Field Plot 214 Season 2,FALSE,Maricopa,6000000257,6000002810
height,17056,70.504,MAC Field Scanner Field Plot 211 Season 2,FALSE,Maricopa,6000000259,6000002807
height,17056,66.538,MAC Field Scanner Field Plot 210 Season 2,FALSE,Maricopa,6000000259,6000002806
height,17056,63.894,MAC Field Scanner Field Plot 268 Season 2,FALSE,Maricopa,6000000280,6000002864
height,17056,67.86,MAC Field Scanner Field Plot 269 Season 2,FALSE,Maricopa,6000000280,6000002865
height,17056,66.538,MAC Field Scanner Field Plot 262 Season 2,FALSE,Maricopa,6000000290,6000002858
height,17056,65.877,MAC Field Scanner Field Plot 263 Season 2,FALSE,Maricopa,6000000290,6000002859
height,17056,67.86,MAC Field Scanner Field Plot 249 Season 2,FALSE,Maricopa,6000000300,6000002845
height,17056,67.199,MAC Field Scanner Field Plot 248 Season 2,FALSE,Maricopa,6000000300,6000002844
height,17056,59.267,MAC Field Scanner Field Plot 264 Season 2,FALSE,Maricopa,6000000305,6000002860
height,17056,61.911,MAC Field Scanner Field Plot 265 Season 2,FALSE,Maricopa,6000000305,6000002861
height,17056,71.165,MAC Field Scanner Field Plot 266 Season 2,FALSE,Maricopa,6000000307,6000002862
height,17056,73.148,MAC Field Scanner Field Plot 267 Season 2,FALSE,Maricopa,6000000307,6000002863
height,17056,55.962,MAC Field Scanner Field Plot 290 Season 2,FALSE,Maricopa,6000000316,6000002886
height,17056,63.894,MAC Field Scanner Field Plot 247 Season 2,FALSE,Maricopa,6000000317,6000002843
height,17056,65.877,MAC Field Scanner Field Plot 246 Season 2,FALSE,Maricopa,6000000317,6000002842
height,17056,63.894,MAC Field Scanner Field Plot 245 Season 2,FALSE,Maricopa,6000000320,6000002841
height,17056,64.555,MAC Field Scanner Field Plot 244 Season 2,FALSE,Maricopa,6000000320,6000002840
height,17056,61.25,MAC Field Scanner Field Plot 281 Season 2,FALSE,Maricopa,6000000380,6000002877
height,17056,61.911,MAC Field Scanner Field Plot 280 Season 2,FALSE,Maricopa,6000000380,6000002876
height,17056,69.843,MAC Field Scanner Field Plot 279 Season 2,FALSE,Maricopa,6000000383,6000002875
height,17056,69.843,MAC Field Scanner Field Plot 278 Season 2,FALSE,Maricopa,6000000383,6000002874
height,17056,67.86,MAC Field Scanner Field Plot 260 Season 2,FALSE,Maricopa,6000000248,6000002856
height,17056,67.86,MAC Field Scanner Field Plot 261 Season 2,FALSE,Maricopa,6000000248,6000002857
height,17056,65.877,MAC Field Scanner Field Plot 270 Season 2,FALSE,Maricopa,6000000394,6000002866
height,17056,63.894,MAC Field Scanner Field Plot 271 Season 2,FALSE,Maricopa,6000000394,6000002867
height,17056,60.589,MAC Field Scanner Field Plot 283 Season 2,FALSE,Maricopa,6000000253,6000002879
height,17056,51.996,MAC Field Scanner Field Plot 282 Season 2,FALSE,Maricopa,6000000253,6000002878
height,17056,70.504,MAC Field Scanner Field Plot 235 Season 2,FALSE,Maricopa,6000000273,6000002831
height,17056,64.555,MAC Field Scanner Field Plot 314 Season 2,FALSE,Maricopa,6000000279,6000002910
height,17056,61.911,MAC Field Scanner Field Plot 302 Season 2,FALSE,Maricopa,6000000284,6000002898
height,17056,61.911,MAC Field Scanner Field Plot 303 Season 2,FALSE,Maricopa,6000000284,6000002899
height,17056,43.403,MAC Field Scanner Field Plot 378 Season 2,FALSE,Maricopa,6000000288,6000002974
height,17056,68.521,MAC Field Scanner Field Plot 358 Season 2,FALSE,Maricopa,6000000297,6000002954
height,17056,66.538,MAC Field Scanner Field Plot 359 Season 2,FALSE,Maricopa,6000000297,6000002955
height,17056,71.165,MAC Field Scanner Field Plot 307 Season 2,FALSE,Maricopa,6000000306,6000002903
height,17056,65.877,MAC Field Scanner Field Plot 306 Season 2,FALSE,Maricopa,6000000306,6000002902
height,17056,52.657,MAC Field Scanner Field Plot 291 Season 2,FALSE,Maricopa,6000000316,6000002887
height,17056,71.165,MAC Field Scanner Field Plot 296 Season 2,FALSE,Maricopa,6000000381,6000002892
height,17056,69.182,MAC Field Scanner Field Plot 297 Season 2,FALSE,Maricopa,6000000381,6000002893
height,17056,70.504,MAC Field Scanner Field Plot 309 Season 2,FALSE,Maricopa,6000000390,6000002905
height,17056,69.843,MAC Field Scanner Field Plot 308 Season 2,FALSE,Maricopa,6000000390,6000002904
height,17056,65.216,MAC Field Scanner Field Plot 319 Season 2,FALSE,Maricopa,6000000395,6000002915
height,17056,59.928,MAC Field Scanner Field Plot 318 Season 2,FALSE,Maricopa,6000000395,6000002914
height,17056,65.216,MAC Field Scanner Field Plot 298 Season 2,FALSE,Maricopa,6000000398,6000002894
height,17056,64.555,MAC Field Scanner Field Plot 299 Season 2,FALSE,Maricopa,6000000398,6000002895
height,17056,53.979,MAC Field Scanner Field Plot 371 Season 2,FALSE,Maricopa,6000000412,6000002967
height,17056,61.911,MAC Field Scanner Field Plot 370 Season 2,FALSE,Maricopa,6000000412,6000002966
height,17056,71.826,MAC Field Scanner Field Plot 360 Season 2,FALSE,Maricopa,6000000405,6000002956
height,17056,68.521,MAC Field Scanner Field Plot 361 Season 2,FALSE,Maricopa,6000000405,6000002957
height,17056,73.148,MAC Field Scanner Field Plot 364 Season 2,FALSE,Maricopa,6000000407,6000002960
height,17056,71.826,MAC Field Scanner Field Plot 365 Season 2,FALSE,Maricopa,6000000407,6000002961
height,17056,60.589,MAC Field Scanner Field Plot 356 Season 2,FALSE,Maricopa,6000000271,6000002952
height,17056,62.572,MAC Field Scanner Field Plot 357 Season 2,FALSE,Maricopa,6000000271,6000002953
height,17056,50.013,MAC Field Scanner Field Plot 362 Season 2,FALSE,Maricopa,6000000272,6000002958
height,17056,48.03,MAC Field Scanner Field Plot 363 Season 2,FALSE,Maricopa,6000000272,6000002959
height,17056,57.945,MAC Field Scanner Field Plot 409 Season 2,FALSE,Maricopa,6000000283,6000003005
height,17056,63.233,MAC Field Scanner Field Plot 408 Season 2,FALSE,Maricopa,6000000283,6000003004
height,17056,51.996,MAC Field Scanner Field Plot 379 Season 2,FALSE,Maricopa,6000000288,6000002975
height,17056,57.945,MAC Field Scanner Field Plot 418 Season 2,FALSE,Maricopa,6000000298,6000003014
height,17056,63.233,MAC Field Scanner Field Plot 419 Season 2,FALSE,Maricopa,6000000298,6000003015
height,17056,59.928,MAC Field Scanner Field Plot 386 Season 2,FALSE,Maricopa,6000000308,6000002982
height,17056,63.233,MAC Field Scanner Field Plot 387 Season 2,FALSE,Maricopa,6000000308,6000002983
height,17056,57.945,MAC Field Scanner Field Plot 398 Season 2,FALSE,Maricopa,6000000310,6000002994
height,17056,61.911,MAC Field Scanner Field Plot 399 Season 2,FALSE,Maricopa,6000000310,6000002995
height,17056,63.233,MAC Field Scanner Field Plot 383 Season 2,FALSE,Maricopa,6000000312,6000002979
height,17056,60.589,MAC Field Scanner Field Plot 382 Season 2,FALSE,Maricopa,6000000312,6000002978
height,17056,75.792,MAC Field Scanner Field Plot 424 Season 2,FALSE,Maricopa,6000000314,6000003020
height,17056,75.131,MAC Field Scanner Field Plot 425 Season 2,FALSE,Maricopa,6000000314,6000003021
height,17056,69.182,MAC Field Scanner Field Plot 390 Season 2,FALSE,Maricopa,6000000318,6000002986
height,17056,62.572,MAC Field Scanner Field Plot 391 Season 2,FALSE,Maricopa,6000000318,6000002987
height,17056,60.589,MAC Field Scanner Field Plot 388 Season 2,FALSE,Maricopa,6000000378,6000002984
height,17056,59.267,MAC Field Scanner Field Plot 389 Season 2,FALSE,Maricopa,6000000378,6000002985
height,17056,65.877,MAC Field Scanner Field Plot 392 Season 2,FALSE,Maricopa,6000000388,6000002988
height,17056,69.843,MAC Field Scanner Field Plot 393 Season 2,FALSE,Maricopa,6000000388,6000002989
height,17056,69.843,MAC Field Scanner Field Plot 430 Season 2,FALSE,Maricopa,6000000391,6000003026
height,17056,69.182,MAC Field Scanner Field Plot 431 Season 2,FALSE,Maricopa,6000000391,6000003027
height,17056,72.487,MAC Field Scanner Field Plot 426 Season 2,FALSE,Maricopa,6000000392,6000003022
height,17056,70.504,MAC Field Scanner Field Plot 427 Season 2,FALSE,Maricopa,6000000392,6000003023
height,17056,67.86,MAC Field Scanner Field Plot 405 Season 2,FALSE,Maricopa,6000000250,6000003001
height,17056,70.504,MAC Field Scanner Field Plot 404 Season 2,FALSE,Maricopa,6000000250,6000003e3
height,17056,60.589,MAC Field Scanner Field Plot 415 Season 2,FALSE,Maricopa,6000000251,6000003011
height,17056,60.589,MAC Field Scanner Field Plot 414 Season 2,FALSE,Maricopa,6000000251,6000003010
height,17056,69.843,MAC Field Scanner Field Plot 479 Season 2,FALSE,Maricopa,6000000280,6000003075
height,17056,69.182,MAC Field Scanner Field Plot 478 Season 2,FALSE,Maricopa,6000000280,6000003074
height,17056,59.267,MAC Field Scanner Field Plot 454 Season 2,FALSE,Maricopa,6000000288,6000003050
height,17056,55.301,MAC Field Scanner Field Plot 455 Season 2,FALSE,Maricopa,6000000288,6000003051
height,17056,71.165,MAC Field Scanner Field Plot 443 Season 2,FALSE,Maricopa,6000000302,6000003039
height,17056,67.199,MAC Field Scanner Field Plot 442 Season 2,FALSE,Maricopa,6000000302,6000003038
height,17056,65.216,MAC Field Scanner Field Plot 467 Season 2,FALSE,Maricopa,6000000304,6000003063
height,17056,69.182,MAC Field Scanner Field Plot 466 Season 2,FALSE,Maricopa,6000000304,6000003062
height,17056,75.792,MAC Field Scanner Field Plot 469 Season 2,FALSE,Maricopa,6000000306,6000003065
height,17056,71.165,MAC Field Scanner Field Plot 468 Season 2,FALSE,Maricopa,6000000306,6000003064
height,17056,79.758,MAC Field Scanner Field Plot 488 Season 2,FALSE,Maricopa,6000000307,6000003084
height,17056,66.538,MAC Field Scanner Field Plot 437 Season 2,FALSE,Maricopa,6000000309,6000003033
height,17056,65.877,MAC Field Scanner Field Plot 436 Season 2,FALSE,Maricopa,6000000309,6000003032
height,17056,82.402,MAC Field Scanner Field Plot 458 Season 2,FALSE,Maricopa,6000000389,6000003054
height,17056,83.063,MAC Field Scanner Field Plot 459 Season 2,FALSE,Maricopa,6000000389,6000003055
height,17056,74.47,MAC Field Scanner Field Plot 486 Season 2,FALSE,Maricopa,6000000391,6000003082
height,17056,75.131,MAC Field Scanner Field Plot 487 Season 2,FALSE,Maricopa,6000000391,6000003083
height,17056,66.538,MAC Field Scanner Field Plot 441 Season 2,FALSE,Maricopa,6000000403,6000003037
height,17056,65.216,MAC Field Scanner Field Plot 440 Season 2,FALSE,Maricopa,6000000403,6000003036
height,17056,78.436,MAC Field Scanner Field Plot 482 Season 2,FALSE,Maricopa,6000000407,6000003078
height,17056,77.114,MAC Field Scanner Field Plot 483 Season 2,FALSE,Maricopa,6000000407,6000003079
height,17056,59.928,MAC Field Scanner Field Plot 462 Season 2,FALSE,Maricopa,6000000266,6000003058
height,17056,69.182,MAC Field Scanner Field Plot 463 Season 2,FALSE,Maricopa,6000000266,6000003059
height,17056,55.962,MAC Field Scanner Field Plot 447 Season 2,FALSE,Maricopa,6000000276,6000003043
height,17056,55.962,MAC Field Scanner Field Plot 446 Season 2,FALSE,Maricopa,6000000276,6000003042
height,17056,69.182,MAC Field Scanner Field Plot 518 Season 2,FALSE,Maricopa,6000000279,6000003114
height,17056,68.521,MAC Field Scanner Field Plot 519 Season 2,FALSE,Maricopa,6000000279,6000003115
height,17056,69.843,MAC Field Scanner Field Plot 507 Season 2,FALSE,Maricopa,6000000281,6000003103
height,17056,67.86,MAC Field Scanner Field Plot 506 Season 2,FALSE,Maricopa,6000000281,6000003102
height,17056,68.521,MAC Field Scanner Field Plot 505 Season 2,FALSE,Maricopa,6000000297,6000003101
height,17056,70.504,MAC Field Scanner Field Plot 504 Season 2,FALSE,Maricopa,6000000297,6000003100
height,17056,69.182,MAC Field Scanner Field Plot 520 Season 2,FALSE,Maricopa,6000000301,6000003116
height,17056,69.182,MAC Field Scanner Field Plot 521 Season 2,FALSE,Maricopa,6000000301,6000003117
height,17056,77.775,MAC Field Scanner Field Plot 489 Season 2,FALSE,Maricopa,6000000307,6000003085
height,17056,65.216,MAC Field Scanner Field Plot 516 Season 2,FALSE,Maricopa,6000000315,6000003112
height,17056,67.199,MAC Field Scanner Field Plot 517 Season 2,FALSE,Maricopa,6000000315,6000003113
height,17056,71.165,MAC Field Scanner Field Plot 539 Season 2,FALSE,Maricopa,6000000320,6000003135
height,17056,69.182,MAC Field Scanner Field Plot 538 Season 2,FALSE,Maricopa,6000000320,6000003134
height,17056,62.572,MAC Field Scanner Field Plot 503 Season 2,FALSE,Maricopa,6000000386,6000003099
height,17056,63.233,MAC Field Scanner Field Plot 502 Season 2,FALSE,Maricopa,6000000386,6000003098
height,17056,69.843,MAC Field Scanner Field Plot 543 Season 2,FALSE,Maricopa,6000000392,6000003139
height,17056,69.182,MAC Field Scanner Field Plot 542 Season 2,FALSE,Maricopa,6000000392,6000003138
height,17056,66.538,MAC Field Scanner Field Plot 492 Season 2,FALSE,Maricopa,6000000393,6000003088
height,17056,65.877,MAC Field Scanner Field Plot 493 Season 2,FALSE,Maricopa,6000000393,6000003089
height,17056,66.538,MAC Field Scanner Field Plot 509 Season 2,FALSE,Maricopa,6000000395,6000003105
height,17056,66.538,MAC Field Scanner Field Plot 508 Season 2,FALSE,Maricopa,6000000395,6000003104
height,17056,63.894,MAC Field Scanner Field Plot 494 Season 2,FALSE,Maricopa,6000000412,6000003090
height,17056,67.86,MAC Field Scanner Field Plot 495 Season 2,FALSE,Maricopa,6000000412,6000003091
height,17056,57.284,MAC Field Scanner Field Plot 499 Season 2,FALSE,Maricopa,6000000253,6000003095
height,17056,62.572,MAC Field Scanner Field Plot 498 Season 2,FALSE,Maricopa,6000000253,6000003094
height,17056,71.165,MAC Field Scanner Field Plot 533 Season 2,FALSE,Maricopa,6000000410,6000003129
height,17056,73.809,MAC Field Scanner Field Plot 532 Season 2,FALSE,Maricopa,6000000410,6000003128
height,17056,69.843,MAC Field Scanner Field Plot 514 Season 2,FALSE,Maricopa,6000000267,6000003110
height,17056,69.182,MAC Field Scanner Field Plot 589 Season 2,FALSE,Maricopa,6000000277,6000003185
height,17056,66.538,MAC Field Scanner Field Plot 600 Season 2,FALSE,Maricopa,6000000283,6000003196
height,17056,67.199,MAC Field Scanner Field Plot 575 Season 2,FALSE,Maricopa,6000000287,6000003171
height,17056,65.877,MAC Field Scanner Field Plot 574 Season 2,FALSE,Maricopa,6000000287,6000003170
height,17056,66.538,MAC Field Scanner Field Plot 548 Season 2,FALSE,Maricopa,6000000292,6000003144
height,17056,69.843,MAC Field Scanner Field Plot 549 Season 2,FALSE,Maricopa,6000000292,6000003145
height,17056,59.928,MAC Field Scanner Field Plot 550 Season 2,FALSE,Maricopa,6000000303,6000003146
height,17056,56.623,MAC Field Scanner Field Plot 551 Season 2,FALSE,Maricopa,6000000303,6000003147
height,17056,76.453,MAC Field Scanner Field Plot 571 Season 2,FALSE,Maricopa,6000000241,6000003167
height,17056,75.792,MAC Field Scanner Field Plot 570 Season 2,FALSE,Maricopa,6000000241,6000003166
height,17056,71.165,MAC Field Scanner Field Plot 584 Season 2,FALSE,Maricopa,6000000318,6000003180
height,17056,71.826,MAC Field Scanner Field Plot 585 Season 2,FALSE,Maricopa,6000000318,6000003181
height,17056,63.894,MAC Field Scanner Field Plot 552 Season 2,FALSE,Maricopa,6000000322,6000003148
height,17056,64.555,MAC Field Scanner Field Plot 553 Season 2,FALSE,Maricopa,6000000322,6000003149
height,17056,69.843,MAC Field Scanner Field Plot 562 Season 2,FALSE,Maricopa,6000000376,6000003158
height,17056,65.216,MAC Field Scanner Field Plot 556 Season 2,FALSE,Maricopa,6000000379,6000003152
height,17056,65.216,MAC Field Scanner Field Plot 557 Season 2,FALSE,Maricopa,6000000379,6000003153
height,17056,68.521,MAC Field Scanner Field Plot 558 Season 2,FALSE,Maricopa,6000000248,6000003154
height,17056,76.453,MAC Field Scanner Field Plot 559 Season 2,FALSE,Maricopa,6000000248,6000003155
height,17056,69.182,MAC Field Scanner Field Plot 597 Season 2,FALSE,Maricopa,6000000396,6000003193
height,17056,67.199,MAC Field Scanner Field Plot 596 Season 2,FALSE,Maricopa,6000000396,6000003192
height,17056,51.996,MAC Field Scanner Field Plot 554 Season 2,FALSE,Maricopa,6000000255,6000003150
height,17056,60.589,MAC Field Scanner Field Plot 555 Season 2,FALSE,Maricopa,6000000255,6000003151
height,17056,63.894,MAC Field Scanner Field Plot 578 Season 2,FALSE,Maricopa,6000000271,6000003174
height,17056,62.572,MAC Field Scanner Field Plot 579 Season 2,FALSE,Maricopa,6000000271,6000003175
height,17056,68.521,MAC Field Scanner Field Plot 565 Season 2,FALSE,Maricopa,6000000275,6000003161
height,17056,69.843,MAC Field Scanner Field Plot 564 Season 2,FALSE,Maricopa,6000000275,6000003160
height,17056,69.182,MAC Field Scanner Field Plot 588 Season 2,FALSE,Maricopa,6000000277,6000003184
height,17056,66.538,MAC Field Scanner Field Plot 654 Season 2,FALSE,Maricopa,6000000282,6000003250
height,17056,65.216,MAC Field Scanner Field Plot 601 Season 2,FALSE,Maricopa,6000000283,6000003197
height,17056,35.471,MAC Field Scanner Field Plot 642 Season 2,FALSE,Maricopa,6000000285,6000003238
height,17056,43.403,MAC Field Scanner Field Plot 643 Season 2,FALSE,Maricopa,6000000285,6000003239
height,17056,67.86,MAC Field Scanner Field Plot 614 Season 2,FALSE,Maricopa,6000000289,6000003210
height,17056,64.555,MAC Field Scanner Field Plot 615 Season 2,FALSE,Maricopa,6000000289,6000003211
height,17056,65.877,MAC Field Scanner Field Plot 637 Season 2,FALSE,Maricopa,6000000291,6000003233
height,17056,63.894,MAC Field Scanner Field Plot 636 Season 2,FALSE,Maricopa,6000000291,6000003232
height,17056,67.86,MAC Field Scanner Field Plot 627 Season 2,FALSE,Maricopa,6000000300,6000003223
height,17056,69.182,MAC Field Scanner Field Plot 626 Season 2,FALSE,Maricopa,6000000300,6000003222
height,17056,60.589,MAC Field Scanner Field Plot 605 Season 2,FALSE,Maricopa,6000000316,6000003201
height,17056,62.572,MAC Field Scanner Field Plot 604 Season 2,FALSE,Maricopa,6000000316,6000003200
height,17056,71.165,MAC Field Scanner Field Plot 629 Season 2,FALSE,Maricopa,6000000319,6000003225
height,17056,70.504,MAC Field Scanner Field Plot 628 Season 2,FALSE,Maricopa,6000000319,6000003224
height,17056,67.86,MAC Field Scanner Field Plot 607 Season 2,FALSE,Maricopa,6000000377,6000003203
height,17056,69.182,MAC Field Scanner Field Plot 606 Season 2,FALSE,Maricopa,6000000377,6000003202
height,17056,72.487,MAC Field Scanner Field Plot 631 Season 2,FALSE,Maricopa,6000000381,6000003227
height,17056,73.809,MAC Field Scanner Field Plot 630 Season 2,FALSE,Maricopa,6000000381,6000003226
height,17056,61.911,MAC Field Scanner Field Plot 633 Season 2,FALSE,Maricopa,6000000388,6000003229
height,17056,64.555,MAC Field Scanner Field Plot 632 Season 2,FALSE,Maricopa,6000000388,6000003228
height,17056,71.826,MAC Field Scanner Field Plot 644 Season 2,FALSE,Maricopa,6000000390,6000003240
height,17056,63.894,MAC Field Scanner Field Plot 645 Season 2,FALSE,Maricopa,6000000390,6000003241
height,17056,67.199,MAC Field Scanner Field Plot 620 Season 2,FALSE,Maricopa,6000000400,6000003216
height,17056,63.894,MAC Field Scanner Field Plot 621 Season 2,FALSE,Maricopa,6000000400,6000003217
height,17056,72.487,MAC Field Scanner Field Plot 635 Season 2,FALSE,Maricopa,6000000258,6000003231
height,17056,68.521,MAC Field Scanner Field Plot 634 Season 2,FALSE,Maricopa,6000000258,6000003230
height,17056,61.911,MAC Field Scanner Field Plot 652 Season 2,FALSE,Maricopa,6000000264,6000003248
height,17056,64.555,MAC Field Scanner Field Plot 653 Season 2,FALSE,Maricopa,6000000264,6000003249
height,17056,69.182,MAC Field Scanner Field Plot 622 Season 2,FALSE,Maricopa,6000000409,6000003218
height,17056,63.894,MAC Field Scanner Field Plot 702 Season 2,FALSE,Maricopa,6000000278,6000003298
height,17056,65.216,MAC Field Scanner Field Plot 655 Season 2,FALSE,Maricopa,6000000282,6000003251
height,17056,56.623,MAC Field Scanner Field Plot 710 Season 2,FALSE,Maricopa,6000000298,6000003306
height,17056,63.894,MAC Field Scanner Field Plot 678 Season 2,FALSE,Maricopa,6000000305,6000003274
height,17056,59.928,MAC Field Scanner Field Plot 679 Season 2,FALSE,Maricopa,6000000305,6000003275
height,17056,65.877,MAC Field Scanner Field Plot 682 Season 2,FALSE,Maricopa,6000000308,6000003278
height,17056,63.894,MAC Field Scanner Field Plot 683 Season 2,FALSE,Maricopa,6000000308,6000003279
height,17056,57.284,MAC Field Scanner Field Plot 674 Season 2,FALSE,Maricopa,6000000311,6000003270
height,17056,48.03,MAC Field Scanner Field Plot 675 Season 2,FALSE,Maricopa,6000000311,6000003271
height,17056,74.47,MAC Field Scanner Field Plot 686 Season 2,FALSE,Maricopa,6000000313,6000003282
height,17056,72.487,MAC Field Scanner Field Plot 687 Season 2,FALSE,Maricopa,6000000313,6000003283
height,17056,76.453,MAC Field Scanner Field Plot 695 Season 2,FALSE,Maricopa,6000000314,6000003291
height,17056,74.47,MAC Field Scanner Field Plot 694 Season 2,FALSE,Maricopa,6000000314,6000003290
height,17056,57.284,MAC Field Scanner Field Plot 703 Season 2,FALSE,Maricopa,6000000278,6000003299
height,17056,56.623,MAC Field Scanner Field Plot 665 Season 2,FALSE,Maricopa,6000000378,6000003261
height,17056,56.623,MAC Field Scanner Field Plot 664 Season 2,FALSE,Maricopa,6000000378,6000003260
height,17056,61.25,MAC Field Scanner Field Plot 667 Season 2,FALSE,Maricopa,6000000380,6000003263
height,17056,61.911,MAC Field Scanner Field Plot 666 Season 2,FALSE,Maricopa,6000000380,6000003262
height,17056,65.877,MAC Field Scanner Field Plot 693 Season 2,FALSE,Maricopa,6000000382,6000003289
height,17056,69.182,MAC Field Scanner Field Plot 692 Season 2,FALSE,Maricopa,6000000382,6000003288
height,17056,65.216,MAC Field Scanner Field Plot 701 Season 2,FALSE,Maricopa,6000000387,6000003297
height,17056,67.199,MAC Field Scanner Field Plot 700 Season 2,FALSE,Maricopa,6000000387,6000003296
height,17056,66.538,MAC Field Scanner Field Plot 659 Season 2,FALSE,Maricopa,6000000250,6000003255
height,17056,66.538,MAC Field Scanner Field Plot 658 Season 2,FALSE,Maricopa,6000000250,6000003254
height,17056,58.606,MAC Field Scanner Field Plot 661 Season 2,FALSE,Maricopa,6000000252,6000003257
height,17056,60.589,MAC Field Scanner Field Plot 660 Season 2,FALSE,Maricopa,6000000252,6000003256
height,17056,48.03,MAC Field Scanner Field Plot 708 Season 2,FALSE,Maricopa,6000000256,6000003304
height,17056,67.86,MAC Field Scanner Field Plot 765 Season 2,FALSE,Maricopa,6000000290,6000003361
height,17056,67.199,MAC Field Scanner Field Plot 764 Season 2,FALSE,Maricopa,6000000290,6000003360
height,17056,65.877,MAC Field Scanner Field Plot 712 Season 2,FALSE,Maricopa,6000000293,6000003308
height,17056,64.555,MAC Field Scanner Field Plot 713 Season 2,FALSE,Maricopa,6000000293,6000003309
height,17056,55.301,MAC Field Scanner Field Plot 742 Season 2,FALSE,Maricopa,6000000295,6000003338
height,17056,57.945,MAC Field Scanner Field Plot 743 Season 2,FALSE,Maricopa,6000000295,6000003339
height,17056,58.606,MAC Field Scanner Field Plot 711 Season 2,FALSE,Maricopa,6000000298,6000003307
height,17056,65.216,MAC Field Scanner Field Plot 725 Season 2,FALSE,Maricopa,6000000299,6000003321
height,17056,62.572,MAC Field Scanner Field Plot 724 Season 2,FALSE,Maricopa,6000000299,6000003320
height,17056,56.623,MAC Field Scanner Field Plot 718 Season 2,FALSE,Maricopa,6000000312,6000003314
height,17056,49.352,MAC Field Scanner Field Plot 719 Season 2,FALSE,Maricopa,6000000312,6000003315
height,17056,69.182,MAC Field Scanner Field Plot 714 Season 2,FALSE,Maricopa,6000000385,6000003310
height,17056,69.843,MAC Field Scanner Field Plot 715 Season 2,FALSE,Maricopa,6000000385,6000003311
height,17056,69.843,MAC Field Scanner Field Plot 735 Season 2,FALSE,Maricopa,6000000249,6000003331
height,17056,66.538,MAC Field Scanner Field Plot 734 Season 2,FALSE,Maricopa,6000000249,6000003330
height,17056,71.826,MAC Field Scanner Field Plot 740 Season 2,FALSE,Maricopa,6000000394,6000003336
height,17056,64.555,MAC Field Scanner Field Plot 741 Season 2,FALSE,Maricopa,6000000394,6000003337
height,17056,66.538,MAC Field Scanner Field Plot 759 Season 2,FALSE,Maricopa,6000000398,6000003355
height,17056,65.877,MAC Field Scanner Field Plot 758 Season 2,FALSE,Maricopa,6000000398,6000003354
height,17056,64.555,MAC Field Scanner Field Plot 729 Season 2,FALSE,Maricopa,6000000399,6000003325
height,17056,65.877,MAC Field Scanner Field Plot 728 Season 2,FALSE,Maricopa,6000000399,6000003324
height,17056,61.25,MAC Field Scanner Field Plot 757 Season 2,FALSE,Maricopa,6000000402,6000003353
height,17056,61.25,MAC Field Scanner Field Plot 756 Season 2,FALSE,Maricopa,6000000402,6000003352
height,17056,61.911,MAC Field Scanner Field Plot 727 Season 2,FALSE,Maricopa,6000000251,6000003323
height,17056,60.589,MAC Field Scanner Field Plot 795 Season 2,FALSE,Maricopa,6000000286,6000003391
height,17056,61.911,MAC Field Scanner Field Plot 794 Season 2,FALSE,Maricopa,6000000286,6000003390
height,17056,63.894,MAC Field Scanner Field Plot 802 Season 2,FALSE,Maricopa,6000000294,6000003398
height,17056,61.25,MAC Field Scanner Field Plot 803 Season 2,FALSE,Maricopa,6000000294,6000003399
height,17056,65.216,MAC Field Scanner Field Plot 812 Season 2,FALSE,Maricopa,6000000296,6000003408
height,17056,59.928,MAC Field Scanner Field Plot 813 Season 2,FALSE,Maricopa,6000000296,6000003409
height,17056,63.233,MAC Field Scanner Field Plot 787 Season 2,FALSE,Maricopa,6000000317,6000003383
height,17056,59.928,MAC Field Scanner Field Plot 786 Season 2,FALSE,Maricopa,6000000317,6000003382
height,17056,71.165,MAC Field Scanner Field Plot 791 Season 2,FALSE,Maricopa,6000000383,6000003387
height,17056,67.86,MAC Field Scanner Field Plot 790 Season 2,FALSE,Maricopa,6000000383,6000003386
height,17056,65.877,MAC Field Scanner Field Plot 799 Season 2,FALSE,Maricopa,6000000384,6000003395
height,17056,67.199,MAC Field Scanner Field Plot 798 Season 2,FALSE,Maricopa,6000000384,6000003394
height,17056,65.877,MAC Field Scanner Field Plot 804 Season 2,FALSE,Maricopa,6000000397,6000003400
height,17056,68.521,MAC Field Scanner Field Plot 805 Season 2,FALSE,Maricopa,6000000397,6000003401
height,17056,66.538,MAC Field Scanner Field Plot 797 Season 2,FALSE,Maricopa,6000000401,6000003393
height,17056,65.216,MAC Field Scanner Field Plot 796 Season 2,FALSE,Maricopa,6000000401,6000003392
height,17056,67.86,MAC Field Scanner Field Plot 806 Season 2,FALSE,Maricopa,6000000405,6000003402
height,17056,69.843,MAC Field Scanner Field Plot 807 Season 2,FALSE,Maricopa,6000000405,6000003403
height,17056,64.555,MAC Field Scanner Field Plot 770 Season 2,FALSE,Maricopa,6000000260,6000003366
height,17056,64.555,MAC Field Scanner Field Plot 771 Season 2,FALSE,Maricopa,6000000260,6000003367
height,17056,59.267,MAC Field Scanner Field Plot 821 Season 2,FALSE,Maricopa,6000000262,6000003417
height,17056,59.928,MAC Field Scanner Field Plot 820 Season 2,FALSE,Maricopa,6000000262,6000003416
height,17056,65.216,MAC Field Scanner Field Plot 808 Season 2,FALSE,Maricopa,6000000269,6000003404
height,17056,64.555,MAC Field Scanner Field Plot 809 Season 2,FALSE,Maricopa,6000000269,6000003405
height,17056,71.165,MAC Field Scanner Field Plot 767 Season 2,FALSE,Maricopa,6000000273,6000003363
height,17056,52.657,MAC Field Scanner Field Plot 819 Season 2,FALSE,Maricopa,6000000274,6000003415
height,17056,55.962,MAC Field Scanner Field Plot 818 Season 2,FALSE,Maricopa,6000000274,6000003414
height,17056,63.894,MAC Field Scanner Field Plot 827 Season 2,FALSE,Maricopa,6000000284,6000003423
height,17056,58.606,MAC Field Scanner Field Plot 826 Season 2,FALSE,Maricopa,6000000284,6000003422
height,17056,57.945,MAC Field Scanner Field Plot 829 Season 2,FALSE,Maricopa,6000000310,6000003425
height,17056,59.267,MAC Field Scanner Field Plot 828 Season 2,FALSE,Maricopa,6000000310,6000003424
height,17057,55.962,MAC Field Scanner Field Plot 35 Season 2,FALSE,Maricopa,6000000278,6000002631
height,17057,65.877,MAC Field Scanner Field Plot 29 Season 2,FALSE,Maricopa,6000000415,6000002625
height,17057,70.504,MAC Field Scanner Field Plot 28 Season 2,FALSE,Maricopa,6000000415,6000002624
height,17056,63.233,MAC Field Scanner Field Plot 825 Season 2,FALSE,Maricopa,6000000354,6000003421
height,17056,65.877,MAC Field Scanner Field Plot 824 Season 2,FALSE,Maricopa,6000000354,6000003420
height,17057,60.589,MAC Field Scanner Field Plot 40 Season 2,FALSE,Maricopa,6000000356,6000002636
height,17057,61.911,MAC Field Scanner Field Plot 41 Season 2,FALSE,Maricopa,6000000356,6000002637
height,17056,69.843,MAC Field Scanner Field Plot 823 Season 2,FALSE,Maricopa,6000000365,6000003419
height,17057,62.572,MAC Field Scanner Field Plot 36 Season 2,FALSE,Maricopa,6000000367,6000002632
height,17057,63.894,MAC Field Scanner Field Plot 37 Season 2,FALSE,Maricopa,6000000367,6000002633
height,17057,61.25,MAC Field Scanner Field Plot 42 Season 2,FALSE,Maricopa,6000000384,6000002638
height,17057,65.877,MAC Field Scanner Field Plot 43 Season 2,FALSE,Maricopa,6000000384,6000002639
height,17056,63.894,MAC Field Scanner Field Plot 831 Season 2,FALSE,Maricopa,6000000259,6000003427
height,17056,65.216,MAC Field Scanner Field Plot 830 Season 2,FALSE,Maricopa,6000000259,6000003426
height,17057,68.521,MAC Field Scanner Field Plot 78 Season 2,FALSE,Maricopa,6000000282,6000002674
height,17057,65.877,MAC Field Scanner Field Plot 79 Season 2,FALSE,Maricopa,6000000282,6000002675
height,17057,59.267,MAC Field Scanner Field Plot 72 Season 2,FALSE,Maricopa,6000000291,6000002668
height,17057,64.555,MAC Field Scanner Field Plot 73 Season 2,FALSE,Maricopa,6000000291,6000002669
height,17057,60.589,MAC Field Scanner Field Plot 44 Season 2,FALSE,Maricopa,6000000293,6000002640
height,17057,61.25,MAC Field Scanner Field Plot 45 Season 2,FALSE,Maricopa,6000000293,6000002641
height,17057,64.555,MAC Field Scanner Field Plot 55 Season 2,FALSE,Maricopa,6000000294,6000002651
height,17057,67.199,MAC Field Scanner Field Plot 54 Season 2,FALSE,Maricopa,6000000294,6000002650
height,17057,54.64,MAC Field Scanner Field Plot 98 Season 2,FALSE,Maricopa,6000000295,6000002694
height,17057,53.318,MAC Field Scanner Field Plot 99 Season 2,FALSE,Maricopa,6000000295,6000002695
height,17057,71.165,MAC Field Scanner Field Plot 70 Season 2,FALSE,Maricopa,6000000296,6000002666
height,17057,70.504,MAC Field Scanner Field Plot 71 Season 2,FALSE,Maricopa,6000000296,6000002667
height,17057,73.148,MAC Field Scanner Field Plot 63 Season 2,FALSE,Maricopa,6000000241,6000002659
height,17057,69.182,MAC Field Scanner Field Plot 62 Season 2,FALSE,Maricopa,6000000241,6000002658
height,17057,62.572,MAC Field Scanner Field Plot 83 Season 2,FALSE,Maricopa,6000000400,6000002679
height,17057,62.572,MAC Field Scanner Field Plot 82 Season 2,FALSE,Maricopa,6000000400,6000002678
height,17057,65.877,MAC Field Scanner Field Plot 53 Season 2,FALSE,Maricopa,6000000401,6000002649
height,17057,65.216,MAC Field Scanner Field Plot 52 Season 2,FALSE,Maricopa,6000000401,6000002648
height,17057,59.267,MAC Field Scanner Field Plot 66 Season 2,FALSE,Maricopa,6000000255,6000002662
height,17057,57.945,MAC Field Scanner Field Plot 67 Season 2,FALSE,Maricopa,6000000255,6000002663
height,17057,52.657,MAC Field Scanner Field Plot 74 Season 2,FALSE,Maricopa,6000000256,6000002670
height,17057,54.64,MAC Field Scanner Field Plot 75 Season 2,FALSE,Maricopa,6000000256,6000002671
height,17057,66.538,MAC Field Scanner Field Plot 46 Season 2,FALSE,Maricopa,6000000258,6000002642
height,17057,66.538,MAC Field Scanner Field Plot 47 Season 2,FALSE,Maricopa,6000000258,6000002643
height,17057,68.521,MAC Field Scanner Field Plot 76 Season 2,FALSE,Maricopa,6000000260,6000002672
height,17057,67.86,MAC Field Scanner Field Plot 77 Season 2,FALSE,Maricopa,6000000260,6000002673
height,17057,58.606,MAC Field Scanner Field Plot 61 Season 2,FALSE,Maricopa,6000000274,6000002657
height,17057,66.538,MAC Field Scanner Field Plot 60 Season 2,FALSE,Maricopa,6000000274,6000002656
height,17057,67.199,MAC Field Scanner Field Plot 91 Season 2,FALSE,Maricopa,6000000277,6000002687
height,17057,71.826,MAC Field Scanner Field Plot 121 Season 2,FALSE,Maricopa,6000000289,6000002717
height,17057,65.877,MAC Field Scanner Field Plot 120 Season 2,FALSE,Maricopa,6000000289,6000002716
height,17057,65.877,MAC Field Scanner Field Plot 108 Season 2,FALSE,Maricopa,6000000315,6000002704
height,17057,59.928,MAC Field Scanner Field Plot 109 Season 2,FALSE,Maricopa,6000000315,6000002705
height,17057,72.487,MAC Field Scanner Field Plot 119 Season 2,FALSE,Maricopa,6000000319,6000002715
height,17057,75.792,MAC Field Scanner Field Plot 118 Season 2,FALSE,Maricopa,6000000319,6000002714
height,17057,68.521,MAC Field Scanner Field Plot 140 Season 2,FALSE,Maricopa,6000000377,6000002736
height,17057,69.182,MAC Field Scanner Field Plot 141 Season 2,FALSE,Maricopa,6000000377,6000002737
height,17057,80.419,MAC Field Scanner Field Plot 123 Season 2,FALSE,Maricopa,6000000389,6000002719
height,17057,70.504,MAC Field Scanner Field Plot 122 Season 2,FALSE,Maricopa,6000000389,6000002718
height,17057,65.877,MAC Field Scanner Field Plot 127 Season 2,FALSE,Maricopa,6000000393,6000002723
height,17057,61.911,MAC Field Scanner Field Plot 126 Season 2,FALSE,Maricopa,6000000393,6000002722
height,17057,65.216,MAC Field Scanner Field Plot 149 Season 2,FALSE,Maricopa,6000000396,6000002745
height,17057,65.877,MAC Field Scanner Field Plot 148 Season 2,FALSE,Maricopa,6000000396,6000002744
height,17057,69.182,MAC Field Scanner Field Plot 106 Season 2,FALSE,Maricopa,6000000397,6000002702
height,17057,78.436,MAC Field Scanner Field Plot 107 Season 2,FALSE,Maricopa,6000000397,6000002703
height,17057,63.894,MAC Field Scanner Field Plot 151 Season 2,FALSE,Maricopa,6000000403,6000002747
height,17057,63.894,MAC Field Scanner Field Plot 150 Season 2,FALSE,Maricopa,6000000403,6000002746
height,17057,55.962,MAC Field Scanner Field Plot 142 Season 2,FALSE,Maricopa,6000000252,6000002738
height,17057,65.216,MAC Field Scanner Field Plot 143 Season 2,FALSE,Maricopa,6000000252,6000002739
height,17057,67.86,MAC Field Scanner Field Plot 132 Season 2,FALSE,Maricopa,6000000261,6000002728
height,17057,67.86,MAC Field Scanner Field Plot 133 Season 2,FALSE,Maricopa,6000000261,6000002729
height,17057,65.877,MAC Field Scanner Field Plot 102 Season 2,FALSE,Maricopa,6000000406,6000002698
height,17057,62.572,MAC Field Scanner Field Plot 103 Season 2,FALSE,Maricopa,6000000406,6000002699
height,17057,45.386,MAC Field Scanner Field Plot 172 Season 2,FALSE,Maricopa,6000000285,6000002768
height,17057,38.776,MAC Field Scanner Field Plot 173 Season 2,FALSE,Maricopa,6000000285,6000002769
height,17057,64.555,MAC Field Scanner Field Plot 166 Season 2,FALSE,Maricopa,6000000286,6000002762
height,17057,64.555,MAC Field Scanner Field Plot 167 Season 2,FALSE,Maricopa,6000000286,6000002763
height,17057,62.572,MAC Field Scanner Field Plot 198 Season 2,FALSE,Maricopa,6000000292,6000002794
height,17057,58.606,MAC Field Scanner Field Plot 199 Season 2,FALSE,Maricopa,6000000292,6000002795
height,17057,67.86,MAC Field Scanner Field Plot 189 Season 2,FALSE,Maricopa,6000000299,6000002785
height,17057,69.182,MAC Field Scanner Field Plot 188 Season 2,FALSE,Maricopa,6000000299,6000002784
height,17057,71.826,MAC Field Scanner Field Plot 164 Season 2,FALSE,Maricopa,6000000302,6000002760
height,17057,69.182,MAC Field Scanner Field Plot 165 Season 2,FALSE,Maricopa,6000000302,6000002761
height,17057,69.182,MAC Field Scanner Field Plot 187 Season 2,FALSE,Maricopa,6000000304,6000002783
height,17057,65.877,MAC Field Scanner Field Plot 186 Season 2,FALSE,Maricopa,6000000304,6000002782
height,17057,73.809,MAC Field Scanner Field Plot 181 Season 2,FALSE,Maricopa,6000000385,6000002777
height,17057,71.826,MAC Field Scanner Field Plot 180 Season 2,FALSE,Maricopa,6000000385,6000002776
height,17057,67.86,MAC Field Scanner Field Plot 202 Season 2,FALSE,Maricopa,6000000387,6000002798
height,17057,70.504,MAC Field Scanner Field Plot 203 Season 2,FALSE,Maricopa,6000000387,6000002799
height,17057,57.284,MAC Field Scanner Field Plot 162 Season 2,FALSE,Maricopa,6000000402,6000002758
height,17057,59.267,MAC Field Scanner Field Plot 163 Season 2,FALSE,Maricopa,6000000402,6000002759
height,17057,73.148,MAC Field Scanner Field Plot 211 Season 2,FALSE,Maricopa,6000000259,6000002807
height,17057,68.521,MAC Field Scanner Field Plot 210 Season 2,FALSE,Maricopa,6000000259,6000002806
height,17057,70.504,MAC Field Scanner Field Plot 170 Season 2,FALSE,Maricopa,6000000262,6000002766
height,17057,68.521,MAC Field Scanner Field Plot 171 Season 2,FALSE,Maricopa,6000000262,6000002767
height,17057,71.826,MAC Field Scanner Field Plot 185 Season 2,FALSE,Maricopa,6000000263,6000002781
height,17057,69.843,MAC Field Scanner Field Plot 184 Season 2,FALSE,Maricopa,6000000263,6000002780
height,17057,70.504,MAC Field Scanner Field Plot 179 Season 2,FALSE,Maricopa,6000000410,6000002775
height,17057,72.487,MAC Field Scanner Field Plot 178 Season 2,FALSE,Maricopa,6000000410,6000002774
height,17057,63.233,MAC Field Scanner Field Plot 159 Season 2,FALSE,Maricopa,6000000268,6000002755
height,17057,63.894,MAC Field Scanner Field Plot 232 Season 2,FALSE,Maricopa,6000000281,6000002828
height,17057,68.521,MAC Field Scanner Field Plot 233 Season 2,FALSE,Maricopa,6000000281,6000002829
height,17057,69.182,MAC Field Scanner Field Plot 262 Season 2,FALSE,Maricopa,6000000290,6000002858
height,17057,69.182,MAC Field Scanner Field Plot 263 Season 2,FALSE,Maricopa,6000000290,6000002859
height,17057,69.843,MAC Field Scanner Field Plot 249 Season 2,FALSE,Maricopa,6000000300,6000002845
height,17057,69.182,MAC Field Scanner Field Plot 248 Season 2,FALSE,Maricopa,6000000300,6000002844
height,17057,57.284,MAC Field Scanner Field Plot 221 Season 2,FALSE,Maricopa,6000000303,6000002817
height,17057,57.284,MAC Field Scanner Field Plot 220 Season 2,FALSE,Maricopa,6000000303,6000002816
height,17057,62.572,MAC Field Scanner Field Plot 264 Season 2,FALSE,Maricopa,6000000305,6000002860
height,17057,65.216,MAC Field Scanner Field Plot 265 Season 2,FALSE,Maricopa,6000000305,6000002861
height,17057,65.877,MAC Field Scanner Field Plot 247 Season 2,FALSE,Maricopa,6000000317,6000002843
height,17057,67.86,MAC Field Scanner Field Plot 246 Season 2,FALSE,Maricopa,6000000317,6000002842
height,17057,66.538,MAC Field Scanner Field Plot 245 Season 2,FALSE,Maricopa,6000000320,6000002841
height,17057,66.538,MAC Field Scanner Field Plot 244 Season 2,FALSE,Maricopa,6000000320,6000002840
height,17057,62.572,MAC Field Scanner Field Plot 255 Season 2,FALSE,Maricopa,6000000338,6000002851
height,17057,62.572,MAC Field Scanner Field Plot 254 Season 2,FALSE,Maricopa,6000000338,6000002850
height,17057,64.555,MAC Field Scanner Field Plot 228 Season 2,FALSE,Maricopa,6000000379,6000002824
height,17057,67.199,MAC Field Scanner Field Plot 229 Season 2,FALSE,Maricopa,6000000379,6000002825
height,17057,68.521,MAC Field Scanner Field Plot 230 Season 2,FALSE,Maricopa,6000000382,6000002826
height,17057,67.199,MAC Field Scanner Field Plot 231 Season 2,FALSE,Maricopa,6000000382,6000002827
height,17057,71.826,MAC Field Scanner Field Plot 260 Season 2,FALSE,Maricopa,6000000248,6000002856
height,17057,71.826,MAC Field Scanner Field Plot 261 Season 2,FALSE,Maricopa,6000000248,6000002857
height,17057,61.25,MAC Field Scanner Field Plot 217 Season 2,FALSE,Maricopa,6000000386,6000002813
height,17057,63.894,MAC Field Scanner Field Plot 216 Season 2,FALSE,Maricopa,6000000386,6000002812
height,17057,68.521,MAC Field Scanner Field Plot 213 Season 2,FALSE,Maricopa,6000000249,6000002809
height,17057,63.894,MAC Field Scanner Field Plot 212 Season 2,FALSE,Maricopa,6000000249,6000002808
height,17057,69.843,MAC Field Scanner Field Plot 215 Season 2,FALSE,Maricopa,6000000257,6000002811
height,17057,68.521,MAC Field Scanner Field Plot 214 Season 2,FALSE,Maricopa,6000000257,6000002810
height,17057,73.809,MAC Field Scanner Field Plot 234 Season 2,FALSE,Maricopa,6000000273,6000002830
height,17057,73.148,MAC Field Scanner Field Plot 235 Season 2,FALSE,Maricopa,6000000273,6000002831
height,17057,65.216,MAC Field Scanner Field Plot 314 Season 2,FALSE,Maricopa,6000000279,6000002910
height,17057,65.877,MAC Field Scanner Field Plot 268 Season 2,FALSE,Maricopa,6000000280,6000002864
height,17057,69.843,MAC Field Scanner Field Plot 269 Season 2,FALSE,Maricopa,6000000280,6000002865
height,17057,64.555,MAC Field Scanner Field Plot 302 Season 2,FALSE,Maricopa,6000000284,6000002898
height,17057,63.894,MAC Field Scanner Field Plot 303 Season 2,FALSE,Maricopa,6000000284,6000002899
height,17057,72.487,MAC Field Scanner Field Plot 307 Season 2,FALSE,Maricopa,6000000306,6000002903
height,17057,66.538,MAC Field Scanner Field Plot 306 Season 2,FALSE,Maricopa,6000000306,6000002902
height,17057,74.47,MAC Field Scanner Field Plot 266 Season 2,FALSE,Maricopa,6000000307,6000002862
height,17057,76.453,MAC Field Scanner Field Plot 267 Season 2,FALSE,Maricopa,6000000307,6000002863
height,17057,58.606,MAC Field Scanner Field Plot 290 Season 2,FALSE,Maricopa,6000000316,6000002886
height,17057,56.623,MAC Field Scanner Field Plot 291 Season 2,FALSE,Maricopa,6000000316,6000002887
height,17057,63.894,MAC Field Scanner Field Plot 281 Season 2,FALSE,Maricopa,6000000380,6000002877
height,17057,64.555,MAC Field Scanner Field Plot 280 Season 2,FALSE,Maricopa,6000000380,6000002876
height,17057,73.809,MAC Field Scanner Field Plot 296 Season 2,FALSE,Maricopa,6000000381,6000002892
height,17057,72.487,MAC Field Scanner Field Plot 297 Season 2,FALSE,Maricopa,6000000381,6000002893
height,17057,72.487,MAC Field Scanner Field Plot 279 Season 2,FALSE,Maricopa,6000000383,6000002875
height,17057,71.826,MAC Field Scanner Field Plot 278 Season 2,FALSE,Maricopa,6000000383,6000002874
height,17057,73.809,MAC Field Scanner Field Plot 309 Season 2,FALSE,Maricopa,6000000390,6000002905
height,17057,72.487,MAC Field Scanner Field Plot 308 Season 2,FALSE,Maricopa,6000000390,6000002904
height,17057,67.86,MAC Field Scanner Field Plot 270 Season 2,FALSE,Maricopa,6000000394,6000002866
height,17057,65.877,MAC Field Scanner Field Plot 271 Season 2,FALSE,Maricopa,6000000394,6000002867
height,17057,67.199,MAC Field Scanner Field Plot 319 Season 2,FALSE,Maricopa,6000000395,6000002915
height,17057,61.25,MAC Field Scanner Field Plot 318 Season 2,FALSE,Maricopa,6000000395,6000002914
height,17057,67.86,MAC Field Scanner Field Plot 298 Season 2,FALSE,Maricopa,6000000398,6000002894
height,17057,67.199,MAC Field Scanner Field Plot 299 Season 2,FALSE,Maricopa,6000000398,6000002895
height,17057,63.894,MAC Field Scanner Field Plot 283 Season 2,FALSE,Maricopa,6000000253,6000002879
height,17057,57.945,MAC Field Scanner Field Plot 282 Season 2,FALSE,Maricopa,6000000253,6000002878
height,17057,65.877,MAC Field Scanner Field Plot 345 Season 2,FALSE,Maricopa,6000000287,6000002941
height,17057,60.589,MAC Field Scanner Field Plot 344 Season 2,FALSE,Maricopa,6000000287,6000002940
height,17057,57.284,MAC Field Scanner Field Plot 326 Season 2,FALSE,Maricopa,6000000301,6000002922
height,17057,59.928,MAC Field Scanner Field Plot 327 Season 2,FALSE,Maricopa,6000000301,6000002923
height,17057,65.877,MAC Field Scanner Field Plot 678 Season 2,FALSE,Maricopa,6000000305,6000003274
height,17057,61.911,MAC Field Scanner Field Plot 679 Season 2,FALSE,Maricopa,6000000305,6000003275
height,17057,63.233,MAC Field Scanner Field Plot 351 Season 2,FALSE,Maricopa,6000000309,6000002947
height,17057,62.572,MAC Field Scanner Field Plot 350 Season 2,FALSE,Maricopa,6000000309,6000002946
height,17057,55.301,MAC Field Scanner Field Plot 347 Season 2,FALSE,Maricopa,6000000311,6000002943
height,17057,60.589,MAC Field Scanner Field Plot 346 Season 2,FALSE,Maricopa,6000000311,6000002942
height,17057,59.267,MAC Field Scanner Field Plot 674 Season 2,FALSE,Maricopa,6000000311,6000003270
height,17057,50.674,MAC Field Scanner Field Plot 675 Season 2,FALSE,Maricopa,6000000311,6000003271
height,17057,56.623,MAC Field Scanner Field Plot 665 Season 2,FALSE,Maricopa,6000000378,6000003261
height,17057,57.284,MAC Field Scanner Field Plot 664 Season 2,FALSE,Maricopa,6000000378,6000003260
height,17057,62.572,MAC Field Scanner Field Plot 667 Season 2,FALSE,Maricopa,6000000380,6000003263
height,17057,63.233,MAC Field Scanner Field Plot 666 Season 2,FALSE,Maricopa,6000000380,6000003262
height,17057,66.538,MAC Field Scanner Field Plot 324 Season 2,FALSE,Maricopa,6000000399,6000002920
height,17057,65.216,MAC Field Scanner Field Plot 325 Season 2,FALSE,Maricopa,6000000399,6000002921
height,17057,67.86,MAC Field Scanner Field Plot 659 Season 2,FALSE,Maricopa,6000000250,6000003255
height,17057,67.199,MAC Field Scanner Field Plot 658 Season 2,FALSE,Maricopa,6000000250,6000003254
height,17057,60.589,MAC Field Scanner Field Plot 661 Season 2,FALSE,Maricopa,6000000252,6000003257
height,17057,63.233,MAC Field Scanner Field Plot 660 Season 2,FALSE,Maricopa,6000000252,6000003256
height,17057,69.182,MAC Field Scanner Field Plot 663 Season 2,FALSE,Maricopa,6000000263,6000003259
height,17057,65.216,MAC Field Scanner Field Plot 662 Season 2,FALSE,Maricopa,6000000263,6000003258
height,17057,69.182,MAC Field Scanner Field Plot 322 Season 2,FALSE,Maricopa,6000000408,6000002918
height,17057,67.199,MAC Field Scanner Field Plot 323 Season 2,FALSE,Maricopa,6000000408,6000002919
height,17057,70.504,MAC Field Scanner Field Plot 343 Season 2,FALSE,Maricopa,6000000409,6000002939
height,17057,71.826,MAC Field Scanner Field Plot 342 Season 2,FALSE,Maricopa,6000000409,6000002938
height,17057,69.182,MAC Field Scanner Field Plot 328 Season 2,FALSE,Maricopa,6000000269,6000002924
height,17057,64.555,MAC Field Scanner Field Plot 702 Season 2,FALSE,Maricopa,6000000278,6000003298
height,17057,67.86,MAC Field Scanner Field Plot 712 Season 2,FALSE,Maricopa,6000000293,6000003308
height,17057,65.877,MAC Field Scanner Field Plot 713 Season 2,FALSE,Maricopa,6000000293,6000003309
height,17057,59.267,MAC Field Scanner Field Plot 710 Season 2,FALSE,Maricopa,6000000298,6000003306
height,17057,59.928,MAC Field Scanner Field Plot 711 Season 2,FALSE,Maricopa,6000000298,6000003307
height,17057,65.877,MAC Field Scanner Field Plot 725 Season 2,FALSE,Maricopa,6000000299,6000003321
height,17057,63.894,MAC Field Scanner Field Plot 724 Season 2,FALSE,Maricopa,6000000299,6000003320
height,17057,66.538,MAC Field Scanner Field Plot 682 Season 2,FALSE,Maricopa,6000000308,6000003278
height,17057,65.216,MAC Field Scanner Field Plot 683 Season 2,FALSE,Maricopa,6000000308,6000003279
height,17057,58.606,MAC Field Scanner Field Plot 718 Season 2,FALSE,Maricopa,6000000312,6000003314
height,17057,51.996,MAC Field Scanner Field Plot 719 Season 2,FALSE,Maricopa,6000000312,6000003315
height,17057,75.792,MAC Field Scanner Field Plot 686 Season 2,FALSE,Maricopa,6000000313,6000003282
height,17057,73.809,MAC Field Scanner Field Plot 687 Season 2,FALSE,Maricopa,6000000313,6000003283
height,17057,77.114,MAC Field Scanner Field Plot 695 Season 2,FALSE,Maricopa,6000000314,6000003291
height,17057,75.792,MAC Field Scanner Field Plot 694 Season 2,FALSE,Maricopa,6000000314,6000003290
height,17057,59.928,MAC Field Scanner Field Plot 703 Season 2,FALSE,Maricopa,6000000278,6000003299
height,17057,67.199,MAC Field Scanner Field Plot 693 Season 2,FALSE,Maricopa,6000000382,6000003289
height,17057,69.843,MAC Field Scanner Field Plot 692 Season 2,FALSE,Maricopa,6000000382,6000003288
height,17057,70.504,MAC Field Scanner Field Plot 714 Season 2,FALSE,Maricopa,6000000385,6000003310
height,17057,71.165,MAC Field Scanner Field Plot 715 Season 2,FALSE,Maricopa,6000000385,6000003311
height,17057,66.538,MAC Field Scanner Field Plot 701 Season 2,FALSE,Maricopa,6000000387,6000003297
height,17057,67.86,MAC Field Scanner Field Plot 700 Season 2,FALSE,Maricopa,6000000387,6000003296
height,17057,71.165,MAC Field Scanner Field Plot 735 Season 2,FALSE,Maricopa,6000000249,6000003331
height,17057,67.86,MAC Field Scanner Field Plot 734 Season 2,FALSE,Maricopa,6000000249,6000003330
height,17057,66.538,MAC Field Scanner Field Plot 729 Season 2,FALSE,Maricopa,6000000399,6000003325
height,17057,67.199,MAC Field Scanner Field Plot 728 Season 2,FALSE,Maricopa,6000000399,6000003324
height,17057,70.504,MAC Field Scanner Field Plot 765 Season 2,FALSE,Maricopa,6000000290,6000003361
height,17057,69.182,MAC Field Scanner Field Plot 764 Season 2,FALSE,Maricopa,6000000290,6000003360
height,17057,57.284,MAC Field Scanner Field Plot 742 Season 2,FALSE,Maricopa,6000000295,6000003338
height,17057,59.928,MAC Field Scanner Field Plot 743 Season 2,FALSE,Maricopa,6000000295,6000003339
height,17057,64.555,MAC Field Scanner Field Plot 787 Season 2,FALSE,Maricopa,6000000317,6000003383
height,17057,60.589,MAC Field Scanner Field Plot 786 Season 2,FALSE,Maricopa,6000000317,6000003382
height,17057,71.165,MAC Field Scanner Field Plot 791 Season 2,FALSE,Maricopa,6000000383,6000003387
height,17057,69.182,MAC Field Scanner Field Plot 790 Season 2,FALSE,Maricopa,6000000383,6000003386
height,17057,71.826,MAC Field Scanner Field Plot 740 Season 2,FALSE,Maricopa,6000000394,6000003336
height,17057,65.877,MAC Field Scanner Field Plot 741 Season 2,FALSE,Maricopa,6000000394,6000003337
height,17057,68.521,MAC Field Scanner Field Plot 759 Season 2,FALSE,Maricopa,6000000398,6000003355
height,17057,67.199,MAC Field Scanner Field Plot 758 Season 2,FALSE,Maricopa,6000000398,6000003354
height,17057,61.911,MAC Field Scanner Field Plot 757 Season 2,FALSE,Maricopa,6000000402,6000003353
height,17057,62.572,MAC Field Scanner Field Plot 756 Season 2,FALSE,Maricopa,6000000402,6000003352
height,17057,73.148,MAC Field Scanner Field Plot 755 Season 2,FALSE,Maricopa,6000000254,6000003351
height,17057,69.843,MAC Field Scanner Field Plot 754 Season 2,FALSE,Maricopa,6000000254,6000003350
height,17057,65.216,MAC Field Scanner Field Plot 770 Season 2,FALSE,Maricopa,6000000260,6000003366
height,17057,64.555,MAC Field Scanner Field Plot 771 Season 2,FALSE,Maricopa,6000000260,6000003367
height,17057,65.877,MAC Field Scanner Field Plot 748 Season 2,FALSE,Maricopa,6000000261,6000003344
height,17057,67.86,MAC Field Scanner Field Plot 749 Season 2,FALSE,Maricopa,6000000261,6000003345
height,17057,61.911,MAC Field Scanner Field Plot 761 Season 2,FALSE,Maricopa,6000000406,6000003357
height,17057,65.216,MAC Field Scanner Field Plot 760 Season 2,FALSE,Maricopa,6000000406,6000003356
height,17057,71.826,MAC Field Scanner Field Plot 767 Season 2,FALSE,Maricopa,6000000273,6000003363
height,17057,70.504,MAC Field Scanner Field Plot 766 Season 2,FALSE,Maricopa,6000000273,6000003362
height,17057,63.894,MAC Field Scanner Field Plot 827 Season 2,FALSE,Maricopa,6000000284,6000003423
height,17057,59.267,MAC Field Scanner Field Plot 826 Season 2,FALSE,Maricopa,6000000284,6000003422
height,17057,61.911,MAC Field Scanner Field Plot 795 Season 2,FALSE,Maricopa,6000000286,6000003391
height,17057,63.894,MAC Field Scanner Field Plot 794 Season 2,FALSE,Maricopa,6000000286,6000003390
height,17057,65.877,MAC Field Scanner Field Plot 802 Season 2,FALSE,Maricopa,6000000294,6000003398
height,17057,63.233,MAC Field Scanner Field Plot 803 Season 2,FALSE,Maricopa,6000000294,6000003399
height,17057,65.877,MAC Field Scanner Field Plot 812 Season 2,FALSE,Maricopa,6000000296,6000003408
height,17057,61.911,MAC Field Scanner Field Plot 813 Season 2,FALSE,Maricopa,6000000296,6000003409
height,17057,59.928,MAC Field Scanner Field Plot 829 Season 2,FALSE,Maricopa,6000000310,6000003425
height,17057,61.911,MAC Field Scanner Field Plot 828 Season 2,FALSE,Maricopa,6000000310,6000003424
height,17057,65.216,MAC Field Scanner Field Plot 793 Season 2,FALSE,Maricopa,6000000323,6000003389
height,17057,55.301,MAC Field Scanner Field Plot 810 Season 2,FALSE,Maricopa,6000000325,6000003406
height,17057,44.725,MAC Field Scanner Field Plot 811 Season 2,FALSE,Maricopa,6000000325,6000003407
height,17057,47.369,MAC Field Scanner Field Plot 814 Season 2,FALSE,Maricopa,6000000330,6000003410
height,17057,62.572,MAC Field Scanner Field Plot 815 Season 2,FALSE,Maricopa,6000000330,6000003411
height,17057,65.216,MAC Field Scanner Field Plot 825 Season 2,FALSE,Maricopa,6000000354,6000003421
height,17057,66.538,MAC Field Scanner Field Plot 824 Season 2,FALSE,Maricopa,6000000354,6000003420
height,17057,71.826,MAC Field Scanner Field Plot 823 Season 2,FALSE,Maricopa,6000000365,6000003419
height,17057,69.843,MAC Field Scanner Field Plot 822 Season 2,FALSE,Maricopa,6000000365,6000003418
height,17057,67.199,MAC Field Scanner Field Plot 799 Season 2,FALSE,Maricopa,6000000384,6000003395
height,17057,67.86,MAC Field Scanner Field Plot 798 Season 2,FALSE,Maricopa,6000000384,6000003394
height,17057,68.521,MAC Field Scanner Field Plot 804 Season 2,FALSE,Maricopa,6000000397,6000003400
height,17057,71.165,MAC Field Scanner Field Plot 805 Season 2,FALSE,Maricopa,6000000397,6000003401
height,17057,67.199,MAC Field Scanner Field Plot 797 Season 2,FALSE,Maricopa,6000000401,6000003393
height,17057,64.555,MAC Field Scanner Field Plot 796 Season 2,FALSE,Maricopa,6000000401,6000003392
height,17057,65.877,MAC Field Scanner Field Plot 831 Season 2,FALSE,Maricopa,6000000259,6000003427
height,17057,66.538,MAC Field Scanner Field Plot 830 Season 2,FALSE,Maricopa,6000000259,6000003426
height,17058,61.911,MAC Field Scanner Field Plot 44 Season 2,FALSE,Maricopa,6000000293,6000002640
height,17058,63.233,MAC Field Scanner Field Plot 45 Season 2,FALSE,Maricopa,6000000293,6000002641
height,17058,66.538,MAC Field Scanner Field Plot 55 Season 2,FALSE,Maricopa,6000000294,6000002651
height,17058,69.182,MAC Field Scanner Field Plot 54 Season 2,FALSE,Maricopa,6000000294,6000002650
height,17058,72.487,MAC Field Scanner Field Plot 70 Season 2,FALSE,Maricopa,6000000296,6000002666
height,17058,74.47,MAC Field Scanner Field Plot 63 Season 2,FALSE,Maricopa,6000000241,6000002659
height,17058,71.826,MAC Field Scanner Field Plot 62 Season 2,FALSE,Maricopa,6000000241,6000002658
height,17058,57.945,MAC Field Scanner Field Plot 35 Season 2,FALSE,Maricopa,6000000278,6000002631
height,17058,67.86,MAC Field Scanner Field Plot 29 Season 2,FALSE,Maricopa,6000000415,6000002625
height,17058,72.487,MAC Field Scanner Field Plot 28 Season 2,FALSE,Maricopa,6000000415,6000002624
height,17058,63.894,MAC Field Scanner Field Plot 57 Season 2,FALSE,Maricopa,6000000333,6000002653
height,17058,70.504,MAC Field Scanner Field Plot 56 Season 2,FALSE,Maricopa,6000000333,6000002652
height,17058,63.894,MAC Field Scanner Field Plot 51 Season 2,FALSE,Maricopa,6000000334,6000002647
height,17058,67.199,MAC Field Scanner Field Plot 50 Season 2,FALSE,Maricopa,6000000334,6000002646
height,17058,71.165,MAC Field Scanner Field Plot 59 Season 2,FALSE,Maricopa,6000000349,6000002655
height,17058,67.86,MAC Field Scanner Field Plot 58 Season 2,FALSE,Maricopa,6000000349,6000002654
height,17058,62.572,MAC Field Scanner Field Plot 40 Season 2,FALSE,Maricopa,6000000356,6000002636
height,17058,63.233,MAC Field Scanner Field Plot 41 Season 2,FALSE,Maricopa,6000000356,6000002637
height,17058,63.233,MAC Field Scanner Field Plot 42 Season 2,FALSE,Maricopa,6000000384,6000002638
height,17058,67.199,MAC Field Scanner Field Plot 43 Season 2,FALSE,Maricopa,6000000384,6000002639
height,17058,66.538,MAC Field Scanner Field Plot 53 Season 2,FALSE,Maricopa,6000000401,6000002649
height,17058,65.877,MAC Field Scanner Field Plot 52 Season 2,FALSE,Maricopa,6000000401,6000002648
height,17058,62.572,MAC Field Scanner Field Plot 66 Season 2,FALSE,Maricopa,6000000255,6000002662
height,17058,59.267,MAC Field Scanner Field Plot 67 Season 2,FALSE,Maricopa,6000000255,6000002663
height,17058,67.86,MAC Field Scanner Field Plot 46 Season 2,FALSE,Maricopa,6000000258,6000002642
height,17058,68.521,MAC Field Scanner Field Plot 47 Season 2,FALSE,Maricopa,6000000258,6000002643
height,17058,60.589,MAC Field Scanner Field Plot 61 Season 2,FALSE,Maricopa,6000000274,6000002657
height,17058,68.521,MAC Field Scanner Field Plot 60 Season 2,FALSE,Maricopa,6000000274,6000002656
height,17058,70.504,MAC Field Scanner Field Plot 78 Season 2,FALSE,Maricopa,6000000282,6000002674
height,17058,67.199,MAC Field Scanner Field Plot 79 Season 2,FALSE,Maricopa,6000000282,6000002675
height,17058,73.148,MAC Field Scanner Field Plot 121 Season 2,FALSE,Maricopa,6000000289,6000002717
height,17058,68.521,MAC Field Scanner Field Plot 120 Season 2,FALSE,Maricopa,6000000289,6000002716
height,17058,60.589,MAC Field Scanner Field Plot 72 Season 2,FALSE,Maricopa,6000000291,6000002668
height,17058,64.555,MAC Field Scanner Field Plot 73 Season 2,FALSE,Maricopa,6000000291,6000002669
height,17058,57.284,MAC Field Scanner Field Plot 98 Season 2,FALSE,Maricopa,6000000295,6000002694
height,17058,55.301,MAC Field Scanner Field Plot 99 Season 2,FALSE,Maricopa,6000000295,6000002695
height,17058,71.165,MAC Field Scanner Field Plot 71 Season 2,FALSE,Maricopa,6000000296,6000002667
height,17058,77.114,MAC Field Scanner Field Plot 87 Season 2,FALSE,Maricopa,6000000313,6000002683
height,17058,79.758,MAC Field Scanner Field Plot 86 Season 2,FALSE,Maricopa,6000000313,6000002682
height,17058,66.538,MAC Field Scanner Field Plot 108 Season 2,FALSE,Maricopa,6000000315,6000002704
height,17058,61.25,MAC Field Scanner Field Plot 109 Season 2,FALSE,Maricopa,6000000315,6000002705
height,17058,73.809,MAC Field Scanner Field Plot 119 Season 2,FALSE,Maricopa,6000000319,6000002715
height,17058,77.114,MAC Field Scanner Field Plot 118 Season 2,FALSE,Maricopa,6000000319,6000002714
height,17058,85.046,MAC Field Scanner Field Plot 123 Season 2,FALSE,Maricopa,6000000389,6000002719
height,17058,73.809,MAC Field Scanner Field Plot 122 Season 2,FALSE,Maricopa,6000000389,6000002718
height,17058,63.233,MAC Field Scanner Field Plot 126 Season 2,FALSE,Maricopa,6000000393,6000002722
height,17058,71.826,MAC Field Scanner Field Plot 106 Season 2,FALSE,Maricopa,6000000397,6000002702
height,17058,80.419,MAC Field Scanner Field Plot 107 Season 2,FALSE,Maricopa,6000000397,6000002703
height,17058,63.894,MAC Field Scanner Field Plot 83 Season 2,FALSE,Maricopa,6000000400,6000002679
height,17058,63.894,MAC Field Scanner Field Plot 82 Season 2,FALSE,Maricopa,6000000400,6000002678
height,17058,54.64,MAC Field Scanner Field Plot 74 Season 2,FALSE,Maricopa,6000000256,6000002670
height,17058,55.301,MAC Field Scanner Field Plot 75 Season 2,FALSE,Maricopa,6000000256,6000002671
height,17058,68.521,MAC Field Scanner Field Plot 76 Season 2,FALSE,Maricopa,6000000260,6000002672
height,17058,67.86,MAC Field Scanner Field Plot 77 Season 2,FALSE,Maricopa,6000000260,6000002673
height,17058,67.199,MAC Field Scanner Field Plot 102 Season 2,FALSE,Maricopa,6000000406,6000002698
height,17058,63.894,MAC Field Scanner Field Plot 103 Season 2,FALSE,Maricopa,6000000406,6000002699
height,17058,65.877,MAC Field Scanner Field Plot 100 Season 2,FALSE,Maricopa,6000000265,6000002696
height,17058,67.86,MAC Field Scanner Field Plot 101 Season 2,FALSE,Maricopa,6000000265,6000002697
height,17058,50.013,MAC Field Scanner Field Plot 172 Season 2,FALSE,Maricopa,6000000285,6000002768
height,17058,42.742,MAC Field Scanner Field Plot 173 Season 2,FALSE,Maricopa,6000000285,6000002769
height,17058,65.877,MAC Field Scanner Field Plot 166 Season 2,FALSE,Maricopa,6000000286,6000002762
height,17058,65.877,MAC Field Scanner Field Plot 167 Season 2,FALSE,Maricopa,6000000286,6000002763
height,17058,73.809,MAC Field Scanner Field Plot 164 Season 2,FALSE,Maricopa,6000000302,6000002760
height,17058,71.165,MAC Field Scanner Field Plot 165 Season 2,FALSE,Maricopa,6000000302,6000002761
height,17058,69.182,MAC Field Scanner Field Plot 140 Season 2,FALSE,Maricopa,6000000377,6000002736
height,17058,69.182,MAC Field Scanner Field Plot 141 Season 2,FALSE,Maricopa,6000000377,6000002737
height,17058,75.131,MAC Field Scanner Field Plot 181 Season 2,FALSE,Maricopa,6000000385,6000002777
height,17058,73.148,MAC Field Scanner Field Plot 180 Season 2,FALSE,Maricopa,6000000385,6000002776
height,17058,67.199,MAC Field Scanner Field Plot 127 Season 2,FALSE,Maricopa,6000000393,6000002723
height,17058,67.199,MAC Field Scanner Field Plot 149 Season 2,FALSE,Maricopa,6000000396,6000002745
height,17058,67.86,MAC Field Scanner Field Plot 148 Season 2,FALSE,Maricopa,6000000396,6000002744
height,17058,59.928,MAC Field Scanner Field Plot 162 Season 2,FALSE,Maricopa,6000000402,6000002758
height,17058,61.25,MAC Field Scanner Field Plot 163 Season 2,FALSE,Maricopa,6000000402,6000002759
height,17058,64.555,MAC Field Scanner Field Plot 151 Season 2,FALSE,Maricopa,6000000403,6000002747
height,17058,64.555,MAC Field Scanner Field Plot 150 Season 2,FALSE,Maricopa,6000000403,6000002746
height,17058,57.284,MAC Field Scanner Field Plot 142 Season 2,FALSE,Maricopa,6000000252,6000002738
height,17058,67.199,MAC Field Scanner Field Plot 143 Season 2,FALSE,Maricopa,6000000252,6000002739
height,17058,69.182,MAC Field Scanner Field Plot 132 Season 2,FALSE,Maricopa,6000000261,6000002728
height,17058,69.182,MAC Field Scanner Field Plot 133 Season 2,FALSE,Maricopa,6000000261,6000002729
height,17058,71.826,MAC Field Scanner Field Plot 170 Season 2,FALSE,Maricopa,6000000262,6000002766
height,17058,65.216,MAC Field Scanner Field Plot 232 Season 2,FALSE,Maricopa,6000000281,6000002828
height,17058,70.504,MAC Field Scanner Field Plot 233 Season 2,FALSE,Maricopa,6000000281,6000002829
height,17058,64.555,MAC Field Scanner Field Plot 198 Season 2,FALSE,Maricopa,6000000292,6000002794
height,17058,61.25,MAC Field Scanner Field Plot 199 Season 2,FALSE,Maricopa,6000000292,6000002795
height,17058,69.182,MAC Field Scanner Field Plot 189 Season 2,FALSE,Maricopa,6000000299,6000002785
height,17058,69.182,MAC Field Scanner Field Plot 188 Season 2,FALSE,Maricopa,6000000299,6000002784
height,17058,57.945,MAC Field Scanner Field Plot 221 Season 2,FALSE,Maricopa,6000000303,6000002817
height,17058,58.606,MAC Field Scanner Field Plot 220 Season 2,FALSE,Maricopa,6000000303,6000002816
height,17058,70.504,MAC Field Scanner Field Plot 187 Season 2,FALSE,Maricopa,6000000304,6000002783
height,17058,67.86,MAC Field Scanner Field Plot 186 Season 2,FALSE,Maricopa,6000000304,6000002782
height,17058,69.843,MAC Field Scanner Field Plot 183 Season 2,FALSE,Maricopa,6000000327,6000002779
height,17058,65.877,MAC Field Scanner Field Plot 196 Season 2,FALSE,Maricopa,6000000244,6000002792
height,17058,64.555,MAC Field Scanner Field Plot 228 Season 2,FALSE,Maricopa,6000000379,6000002824
height,17058,67.86,MAC Field Scanner Field Plot 229 Season 2,FALSE,Maricopa,6000000379,6000002825
height,17058,69.843,MAC Field Scanner Field Plot 230 Season 2,FALSE,Maricopa,6000000382,6000002826
height,17058,68.521,MAC Field Scanner Field Plot 231 Season 2,FALSE,Maricopa,6000000382,6000002827
height,17058,62.572,MAC Field Scanner Field Plot 217 Season 2,FALSE,Maricopa,6000000386,6000002813
height,17058,65.216,MAC Field Scanner Field Plot 216 Season 2,FALSE,Maricopa,6000000386,6000002812
height,17058,68.521,MAC Field Scanner Field Plot 202 Season 2,FALSE,Maricopa,6000000387,6000002798
height,17058,70.504,MAC Field Scanner Field Plot 203 Season 2,FALSE,Maricopa,6000000387,6000002799
height,17058,70.504,MAC Field Scanner Field Plot 213 Season 2,FALSE,Maricopa,6000000249,6000002809
height,17058,65.216,MAC Field Scanner Field Plot 212 Season 2,FALSE,Maricopa,6000000249,6000002808
height,17058,70.504,MAC Field Scanner Field Plot 215 Season 2,FALSE,Maricopa,6000000257,6000002811
height,17058,69.843,MAC Field Scanner Field Plot 214 Season 2,FALSE,Maricopa,6000000257,6000002810
height,17058,75.131,MAC Field Scanner Field Plot 211 Season 2,FALSE,Maricopa,6000000259,6000002807
height,17058,70.504,MAC Field Scanner Field Plot 210 Season 2,FALSE,Maricopa,6000000259,6000002806
height,17058,72.487,MAC Field Scanner Field Plot 185 Season 2,FALSE,Maricopa,6000000263,6000002781
height,17058,66.538,MAC Field Scanner Field Plot 268 Season 2,FALSE,Maricopa,6000000280,6000002864
height,17058,69.182,MAC Field Scanner Field Plot 269 Season 2,FALSE,Maricopa,6000000280,6000002865
height,17058,71.165,MAC Field Scanner Field Plot 262 Season 2,FALSE,Maricopa,6000000290,6000002858
height,17058,70.504,MAC Field Scanner Field Plot 263 Season 2,FALSE,Maricopa,6000000290,6000002859
height,17058,70.504,MAC Field Scanner Field Plot 249 Season 2,FALSE,Maricopa,6000000300,6000002845
height,17058,69.182,MAC Field Scanner Field Plot 248 Season 2,FALSE,Maricopa,6000000300,6000002844
height,17058,64.555,MAC Field Scanner Field Plot 264 Season 2,FALSE,Maricopa,6000000305,6000002860
height,17058,67.199,MAC Field Scanner Field Plot 265 Season 2,FALSE,Maricopa,6000000305,6000002861
height,17058,75.131,MAC Field Scanner Field Plot 266 Season 2,FALSE,Maricopa,6000000307,6000002862
height,17058,77.114,MAC Field Scanner Field Plot 267 Season 2,FALSE,Maricopa,6000000307,6000002863
height,17058,60.589,MAC Field Scanner Field Plot 290 Season 2,FALSE,Maricopa,6000000316,6000002886
height,17058,57.945,MAC Field Scanner Field Plot 291 Season 2,FALSE,Maricopa,6000000316,6000002887
height,17058,67.86,MAC Field Scanner Field Plot 247 Season 2,FALSE,Maricopa,6000000317,6000002843
height,17058,69.182,MAC Field Scanner Field Plot 246 Season 2,FALSE,Maricopa,6000000317,6000002842
height,17058,68.521,MAC Field Scanner Field Plot 245 Season 2,FALSE,Maricopa,6000000320,6000002841
height,17058,67.86,MAC Field Scanner Field Plot 244 Season 2,FALSE,Maricopa,6000000320,6000002840
height,17058,65.877,MAC Field Scanner Field Plot 281 Season 2,FALSE,Maricopa,6000000380,6000002877
height,17058,65.216,MAC Field Scanner Field Plot 280 Season 2,FALSE,Maricopa,6000000380,6000002876
height,17058,73.148,MAC Field Scanner Field Plot 279 Season 2,FALSE,Maricopa,6000000383,6000002875
height,17058,71.826,MAC Field Scanner Field Plot 278 Season 2,FALSE,Maricopa,6000000383,6000002874
height,17058,74.47,MAC Field Scanner Field Plot 260 Season 2,FALSE,Maricopa,6000000248,6000002856
height,17058,73.148,MAC Field Scanner Field Plot 261 Season 2,FALSE,Maricopa,6000000248,6000002857
height,17058,69.843,MAC Field Scanner Field Plot 270 Season 2,FALSE,Maricopa,6000000394,6000002866
height,17058,66.538,MAC Field Scanner Field Plot 271 Season 2,FALSE,Maricopa,6000000394,6000002867
height,17058,65.877,MAC Field Scanner Field Plot 283 Season 2,FALSE,Maricopa,6000000253,6000002879
height,17058,59.928,MAC Field Scanner Field Plot 282 Season 2,FALSE,Maricopa,6000000253,6000002878
height,17058,66.538,MAC Field Scanner Field Plot 314 Season 2,FALSE,Maricopa,6000000279,6000002910
height,17058,65.216,MAC Field Scanner Field Plot 302 Season 2,FALSE,Maricopa,6000000284,6000002898
height,17058,63.233,MAC Field Scanner Field Plot 303 Season 2,FALSE,Maricopa,6000000284,6000002899
height,17058,67.86,MAC Field Scanner Field Plot 345 Season 2,FALSE,Maricopa,6000000287,6000002941
height,17058,63.233,MAC Field Scanner Field Plot 344 Season 2,FALSE,Maricopa,6000000287,6000002940
height,17058,59.928,MAC Field Scanner Field Plot 326 Season 2,FALSE,Maricopa,6000000301,6000002922
height,17058,61.911,MAC Field Scanner Field Plot 327 Season 2,FALSE,Maricopa,6000000301,6000002923
height,17058,73.809,MAC Field Scanner Field Plot 307 Season 2,FALSE,Maricopa,6000000306,6000002903
height,17058,69.182,MAC Field Scanner Field Plot 306 Season 2,FALSE,Maricopa,6000000306,6000002902
height,17058,57.945,MAC Field Scanner Field Plot 347 Season 2,FALSE,Maricopa,6000000311,6000002943
height,17058,62.572,MAC Field Scanner Field Plot 346 Season 2,FALSE,Maricopa,6000000311,6000002942
height,17058,75.792,MAC Field Scanner Field Plot 296 Season 2,FALSE,Maricopa,6000000381,6000002892
height,17058,73.809,MAC Field Scanner Field Plot 297 Season 2,FALSE,Maricopa,6000000381,6000002893
height,17058,77.114,MAC Field Scanner Field Plot 309 Season 2,FALSE,Maricopa,6000000390,6000002905
height,17058,74.47,MAC Field Scanner Field Plot 308 Season 2,FALSE,Maricopa,6000000390,6000002904
height,17058,67.86,MAC Field Scanner Field Plot 319 Season 2,FALSE,Maricopa,6000000395,6000002915
height,17058,63.233,MAC Field Scanner Field Plot 318 Season 2,FALSE,Maricopa,6000000395,6000002914
height,17058,70.504,MAC Field Scanner Field Plot 298 Season 2,FALSE,Maricopa,6000000398,6000002894
height,17058,68.521,MAC Field Scanner Field Plot 299 Season 2,FALSE,Maricopa,6000000398,6000002895
height,17058,67.86,MAC Field Scanner Field Plot 324 Season 2,FALSE,Maricopa,6000000399,6000002920
height,17058,67.199,MAC Field Scanner Field Plot 325 Season 2,FALSE,Maricopa,6000000399,6000002921
height,17058,71.165,MAC Field Scanner Field Plot 322 Season 2,FALSE,Maricopa,6000000408,6000002918
height,17058,68.521,MAC Field Scanner Field Plot 323 Season 2,FALSE,Maricopa,6000000408,6000002919
height,17058,71.826,MAC Field Scanner Field Plot 343 Season 2,FALSE,Maricopa,6000000409,6000002939
height,17058,73.809,MAC Field Scanner Field Plot 342 Season 2,FALSE,Maricopa,6000000409,6000002938
height,17058,71.165,MAC Field Scanner Field Plot 328 Season 2,FALSE,Maricopa,6000000269,6000002924
height,17058,69.182,MAC Field Scanner Field Plot 329 Season 2,FALSE,Maricopa,6000000269,6000002925
height,17058,53.318,MAC Field Scanner Field Plot 379 Season 2,FALSE,Maricopa,6000000288,6000002975
height,17058,46.047,MAC Field Scanner Field Plot 378 Season 2,FALSE,Maricopa,6000000288,6000002974
height,17058,69.843,MAC Field Scanner Field Plot 358 Season 2,FALSE,Maricopa,6000000297,6000002954
height,17058,67.86,MAC Field Scanner Field Plot 359 Season 2,FALSE,Maricopa,6000000297,6000002955
height,17058,61.25,MAC Field Scanner Field Plot 386 Season 2,FALSE,Maricopa,6000000308,6000002982
height,17058,63.894,MAC Field Scanner Field Plot 387 Season 2,FALSE,Maricopa,6000000308,6000002983
height,17058,63.894,MAC Field Scanner Field Plot 351 Season 2,FALSE,Maricopa,6000000309,6000002947
height,17058,63.894,MAC Field Scanner Field Plot 350 Season 2,FALSE,Maricopa,6000000309,6000002946
height,17058,59.928,MAC Field Scanner Field Plot 398 Season 2,FALSE,Maricopa,6000000310,6000002994
height,17058,63.894,MAC Field Scanner Field Plot 399 Season 2,FALSE,Maricopa,6000000310,6000002995
height,17058,64.555,MAC Field Scanner Field Plot 383 Season 2,FALSE,Maricopa,6000000312,6000002979
height,17058,61.911,MAC Field Scanner Field Plot 382 Season 2,FALSE,Maricopa,6000000312,6000002978
height,17058,70.504,MAC Field Scanner Field Plot 390 Season 2,FALSE,Maricopa,6000000318,6000002986
height,17058,64.555,MAC Field Scanner Field Plot 391 Season 2,FALSE,Maricopa,6000000318,6000002987
height,17058,61.25,MAC Field Scanner Field Plot 388 Season 2,FALSE,Maricopa,6000000378,6000002984
height,17058,59.928,MAC Field Scanner Field Plot 389 Season 2,FALSE,Maricopa,6000000378,6000002985
height,17058,67.86,MAC Field Scanner Field Plot 392 Season 2,FALSE,Maricopa,6000000388,6000002988
height,17058,70.504,MAC Field Scanner Field Plot 393 Season 2,FALSE,Maricopa,6000000388,6000002989
height,17058,70.504,MAC Field Scanner Field Plot 404 Season 2,FALSE,Maricopa,6000000250,6000003e3
height,17058,56.623,MAC Field Scanner Field Plot 371 Season 2,FALSE,Maricopa,6000000412,6000002967
height,17058,63.233,MAC Field Scanner Field Plot 370 Season 2,FALSE,Maricopa,6000000412,6000002966
height,17058,73.148,MAC Field Scanner Field Plot 360 Season 2,FALSE,Maricopa,6000000405,6000002956
height,17058,69.843,MAC Field Scanner Field Plot 361 Season 2,FALSE,Maricopa,6000000405,6000002957
height,17058,74.47,MAC Field Scanner Field Plot 364 Season 2,FALSE,Maricopa,6000000407,6000002960
height,17058,73.148,MAC Field Scanner Field Plot 365 Season 2,FALSE,Maricopa,6000000407,6000002961
height,17058,62.572,MAC Field Scanner Field Plot 356 Season 2,FALSE,Maricopa,6000000271,6000002952
height,17058,63.894,MAC Field Scanner Field Plot 357 Season 2,FALSE,Maricopa,6000000271,6000002953
height,17058,51.996,MAC Field Scanner Field Plot 362 Season 2,FALSE,Maricopa,6000000272,6000002958
height,17058,51.335,MAC Field Scanner Field Plot 363 Season 2,FALSE,Maricopa,6000000272,6000002959
height,17058,60.589,MAC Field Scanner Field Plot 409 Season 2,FALSE,Maricopa,6000000283,6000003005
height,17058,65.877,MAC Field Scanner Field Plot 408 Season 2,FALSE,Maricopa,6000000283,6000003004
height,17058,60.589,MAC Field Scanner Field Plot 454 Season 2,FALSE,Maricopa,6000000288,6000003050
height,17058,56.623,MAC Field Scanner Field Plot 455 Season 2,FALSE,Maricopa,6000000288,6000003051
height,17058,62.572,MAC Field Scanner Field Plot 418 Season 2,FALSE,Maricopa,6000000298,6000003014
height,17058,63.894,MAC Field Scanner Field Plot 419 Season 2,FALSE,Maricopa,6000000298,6000003015
height,17058,72.487,MAC Field Scanner Field Plot 443 Season 2,FALSE,Maricopa,6000000302,6000003039
height,17058,69.182,MAC Field Scanner Field Plot 442 Season 2,FALSE,Maricopa,6000000302,6000003038
height,17058,66.538,MAC Field Scanner Field Plot 437 Season 2,FALSE,Maricopa,6000000309,6000003033
height,17058,65.877,MAC Field Scanner Field Plot 436 Season 2,FALSE,Maricopa,6000000309,6000003032
height,17058,76.453,MAC Field Scanner Field Plot 424 Season 2,FALSE,Maricopa,6000000314,6000003020
height,17058,76.453,MAC Field Scanner Field Plot 425 Season 2,FALSE,Maricopa,6000000314,6000003021
height,17058,85.707,MAC Field Scanner Field Plot 458 Season 2,FALSE,Maricopa,6000000389,6000003054
height,17058,69.182,MAC Field Scanner Field Plot 430 Season 2,FALSE,Maricopa,6000000391,6000003026
height,17058,69.843,MAC Field Scanner Field Plot 431 Season 2,FALSE,Maricopa,6000000391,6000003027
height,17058,73.809,MAC Field Scanner Field Plot 426 Season 2,FALSE,Maricopa,6000000392,6000003022
height,17058,71.165,MAC Field Scanner Field Plot 427 Season 2,FALSE,Maricopa,6000000392,6000003023
height,17058,69.182,MAC Field Scanner Field Plot 405 Season 2,FALSE,Maricopa,6000000250,6000003001
height,17058,67.199,MAC Field Scanner Field Plot 441 Season 2,FALSE,Maricopa,6000000403,6000003037
height,17058,65.877,MAC Field Scanner Field Plot 440 Season 2,FALSE,Maricopa,6000000403,6000003036
height,17058,63.233,MAC Field Scanner Field Plot 415 Season 2,FALSE,Maricopa,6000000251,6000003011
height,17058,62.572,MAC Field Scanner Field Plot 414 Season 2,FALSE,Maricopa,6000000251,6000003010
height,17058,76.453,MAC Field Scanner Field Plot 411 Season 2,FALSE,Maricopa,6000000254,6000003007
height,17058,73.148,MAC Field Scanner Field Plot 410 Season 2,FALSE,Maricopa,6000000254,6000003006
height,17058,68.521,MAC Field Scanner Field Plot 428 Season 2,FALSE,Maricopa,6000000264,6000003024
height,17058,69.182,MAC Field Scanner Field Plot 479 Season 2,FALSE,Maricopa,6000000280,6000003075
height,17058,69.182,MAC Field Scanner Field Plot 478 Season 2,FALSE,Maricopa,6000000280,6000003074
height,17058,71.826,MAC Field Scanner Field Plot 507 Season 2,FALSE,Maricopa,6000000281,6000003103
height,17058,69.182,MAC Field Scanner Field Plot 506 Season 2,FALSE,Maricopa,6000000281,6000003102
height,17058,69.843,MAC Field Scanner Field Plot 505 Season 2,FALSE,Maricopa,6000000297,6000003101
height,17058,70.504,MAC Field Scanner Field Plot 504 Season 2,FALSE,Maricopa,6000000297,6000003100
height,17058,66.538,MAC Field Scanner Field Plot 467 Season 2,FALSE,Maricopa,6000000304,6000003063
height,17058,69.843,MAC Field Scanner Field Plot 466 Season 2,FALSE,Maricopa,6000000304,6000003062
height,17058,77.114,MAC Field Scanner Field Plot 469 Season 2,FALSE,Maricopa,6000000306,6000003065
height,17058,72.487,MAC Field Scanner Field Plot 468 Season 2,FALSE,Maricopa,6000000306,6000003064
height,17058,81.08,MAC Field Scanner Field Plot 488 Season 2,FALSE,Maricopa,6000000307,6000003084
height,17058,78.436,MAC Field Scanner Field Plot 489 Season 2,FALSE,Maricopa,6000000307,6000003085
height,17058,63.233,MAC Field Scanner Field Plot 503 Season 2,FALSE,Maricopa,6000000386,6000003099
height,17058,63.233,MAC Field Scanner Field Plot 502 Season 2,FALSE,Maricopa,6000000386,6000003098
height,17058,83.724,MAC Field Scanner Field Plot 459 Season 2,FALSE,Maricopa,6000000389,6000003055
height,17058,74.47,MAC Field Scanner Field Plot 486 Season 2,FALSE,Maricopa,6000000391,6000003082
height,17058,74.47,MAC Field Scanner Field Plot 487 Season 2,FALSE,Maricopa,6000000391,6000003083
height,17058,67.199,MAC Field Scanner Field Plot 492 Season 2,FALSE,Maricopa,6000000393,6000003088
height,17058,65.877,MAC Field Scanner Field Plot 493 Season 2,FALSE,Maricopa,6000000393,6000003089
height,17058,67.86,MAC Field Scanner Field Plot 509 Season 2,FALSE,Maricopa,6000000395,6000003105
height,17058,67.199,MAC Field Scanner Field Plot 508 Season 2,FALSE,Maricopa,6000000395,6000003104
height,17058,64.555,MAC Field Scanner Field Plot 494 Season 2,FALSE,Maricopa,6000000412,6000003090
height,17058,67.86,MAC Field Scanner Field Plot 495 Season 2,FALSE,Maricopa,6000000412,6000003091
height,17058,59.267,MAC Field Scanner Field Plot 499 Season 2,FALSE,Maricopa,6000000253,6000003095
height,17058,63.233,MAC Field Scanner Field Plot 498 Season 2,FALSE,Maricopa,6000000253,6000003094
height,17058,79.758,MAC Field Scanner Field Plot 482 Season 2,FALSE,Maricopa,6000000407,6000003078
height,17058,78.436,MAC Field Scanner Field Plot 483 Season 2,FALSE,Maricopa,6000000407,6000003079
height,17058,68.521,MAC Field Scanner Field Plot 518 Season 2,FALSE,Maricopa,6000000279,6000003114
height,17058,69.182,MAC Field Scanner Field Plot 519 Season 2,FALSE,Maricopa,6000000279,6000003115
height,17058,67.86,MAC Field Scanner Field Plot 548 Season 2,FALSE,Maricopa,6000000292,6000003144
height,17058,70.504,MAC Field Scanner Field Plot 549 Season 2,FALSE,Maricopa,6000000292,6000003145
height,17058,69.843,MAC Field Scanner Field Plot 520 Season 2,FALSE,Maricopa,6000000301,6000003116
height,17058,70.504,MAC Field Scanner Field Plot 521 Season 2,FALSE,Maricopa,6000000301,6000003117
height,17058,60.589,MAC Field Scanner Field Plot 550 Season 2,FALSE,Maricopa,6000000303,6000003146
height,17058,57.945,MAC Field Scanner Field Plot 551 Season 2,FALSE,Maricopa,6000000303,6000003147
height,17058,77.114,MAC Field Scanner Field Plot 570 Season 2,FALSE,Maricopa,6000000241,6000003166
height,17058,65.877,MAC Field Scanner Field Plot 516 Season 2,FALSE,Maricopa,6000000315,6000003112
height,17058,67.199,MAC Field Scanner Field Plot 517 Season 2,FALSE,Maricopa,6000000315,6000003113
height,17058,72.487,MAC Field Scanner Field Plot 539 Season 2,FALSE,Maricopa,6000000320,6000003135
height,17058,70.504,MAC Field Scanner Field Plot 538 Season 2,FALSE,Maricopa,6000000320,6000003134
height,17058,70.504,MAC Field Scanner Field Plot 562 Season 2,FALSE,Maricopa,6000000376,6000003158
height,17058,66.538,MAC Field Scanner Field Plot 556 Season 2,FALSE,Maricopa,6000000379,6000003152
height,17058,66.538,MAC Field Scanner Field Plot 557 Season 2,FALSE,Maricopa,6000000379,6000003153
height,17058,69.182,MAC Field Scanner Field Plot 558 Season 2,FALSE,Maricopa,6000000248,6000003154
height,17058,76.453,MAC Field Scanner Field Plot 559 Season 2,FALSE,Maricopa,6000000248,6000003155
height,17058,70.504,MAC Field Scanner Field Plot 543 Season 2,FALSE,Maricopa,6000000392,6000003139
height,17058,69.182,MAC Field Scanner Field Plot 542 Season 2,FALSE,Maricopa,6000000392,6000003138
height,17058,53.979,MAC Field Scanner Field Plot 554 Season 2,FALSE,Maricopa,6000000255,6000003150
height,17058,61.911,MAC Field Scanner Field Plot 555 Season 2,FALSE,Maricopa,6000000255,6000003151
height,17058,72.487,MAC Field Scanner Field Plot 533 Season 2,FALSE,Maricopa,6000000410,6000003129
height,17058,75.131,MAC Field Scanner Field Plot 532 Season 2,FALSE,Maricopa,6000000410,6000003128
height,17058,70.504,MAC Field Scanner Field Plot 515 Season 2,FALSE,Maricopa,6000000267,6000003111
height,17058,65.216,MAC Field Scanner Field Plot 526 Season 2,FALSE,Maricopa,6000000268,6000003122
height,17058,60.589,MAC Field Scanner Field Plot 527 Season 2,FALSE,Maricopa,6000000268,6000003123
height,17058,69.182,MAC Field Scanner Field Plot 565 Season 2,FALSE,Maricopa,6000000275,6000003161
height,17058,70.504,MAC Field Scanner Field Plot 564 Season 2,FALSE,Maricopa,6000000275,6000003160
height,17058,69.843,MAC Field Scanner Field Plot 589 Season 2,FALSE,Maricopa,6000000277,6000003185
height,17058,67.199,MAC Field Scanner Field Plot 601 Season 2,FALSE,Maricopa,6000000283,6000003197
height,17058,68.521,MAC Field Scanner Field Plot 600 Season 2,FALSE,Maricopa,6000000283,6000003196
height,17058,69.182,MAC Field Scanner Field Plot 575 Season 2,FALSE,Maricopa,6000000287,6000003171
height,17058,67.199,MAC Field Scanner Field Plot 574 Season 2,FALSE,Maricopa,6000000287,6000003170
height,17058,69.843,MAC Field Scanner Field Plot 614 Season 2,FALSE,Maricopa,6000000289,6000003210
height,17058,66.538,MAC Field Scanner Field Plot 615 Season 2,FALSE,Maricopa,6000000289,6000003211
height,17058,69.182,MAC Field Scanner Field Plot 626 Season 2,FALSE,Maricopa,6000000300,6000003222
height,17058,78.436,MAC Field Scanner Field Plot 571 Season 2,FALSE,Maricopa,6000000241,6000003167
height,17058,62.572,MAC Field Scanner Field Plot 605 Season 2,FALSE,Maricopa,6000000316,6000003201
height,17058,63.233,MAC Field Scanner Field Plot 604 Season 2,FALSE,Maricopa,6000000316,6000003200
height,17058,72.487,MAC Field Scanner Field Plot 584 Season 2,FALSE,Maricopa,6000000318,6000003180
height,17058,72.487,MAC Field Scanner Field Plot 585 Season 2,FALSE,Maricopa,6000000318,6000003181
height,17058,70.504,MAC Field Scanner Field Plot 595 Season 2,FALSE,Maricopa,6000000331,6000003191
height,17058,67.86,MAC Field Scanner Field Plot 594 Season 2,FALSE,Maricopa,6000000331,6000003190
height,17058,69.182,MAC Field Scanner Field Plot 607 Season 2,FALSE,Maricopa,6000000377,6000003203
height,17058,70.504,MAC Field Scanner Field Plot 606 Season 2,FALSE,Maricopa,6000000377,6000003202
height,17058,69.843,MAC Field Scanner Field Plot 597 Season 2,FALSE,Maricopa,6000000396,6000003193
height,17058,68.521,MAC Field Scanner Field Plot 596 Season 2,FALSE,Maricopa,6000000396,6000003192
height,17058,68.521,MAC Field Scanner Field Plot 620 Season 2,FALSE,Maricopa,6000000400,6000003216
height,17058,65.216,MAC Field Scanner Field Plot 621 Season 2,FALSE,Maricopa,6000000400,6000003217
height,17058,69.182,MAC Field Scanner Field Plot 622 Season 2,FALSE,Maricopa,6000000409,6000003218
height,17058,65.216,MAC Field Scanner Field Plot 623 Season 2,FALSE,Maricopa,6000000409,6000003219
height,17058,68.521,MAC Field Scanner Field Plot 618 Season 2,FALSE,Maricopa,6000000265,6000003214
height,17058,66.538,MAC Field Scanner Field Plot 619 Season 2,FALSE,Maricopa,6000000265,6000003215
height,17058,65.877,MAC Field Scanner Field Plot 578 Season 2,FALSE,Maricopa,6000000271,6000003174
height,17058,63.894,MAC Field Scanner Field Plot 579 Season 2,FALSE,Maricopa,6000000271,6000003175
height,17058,69.843,MAC Field Scanner Field Plot 588 Season 2,FALSE,Maricopa,6000000277,6000003184
height,17058,67.86,MAC Field Scanner Field Plot 654 Season 2,FALSE,Maricopa,6000000282,6000003250
height,17058,65.877,MAC Field Scanner Field Plot 655 Season 2,FALSE,Maricopa,6000000282,6000003251
height,17058,49.352,MAC Field Scanner Field Plot 642 Season 2,FALSE,Maricopa,6000000285,6000003238
height,17058,45.386,MAC Field Scanner Field Plot 643 Season 2,FALSE,Maricopa,6000000285,6000003239
height,17058,66.538,MAC Field Scanner Field Plot 637 Season 2,FALSE,Maricopa,6000000291,6000003233
height,17058,64.555,MAC Field Scanner Field Plot 636 Season 2,FALSE,Maricopa,6000000291,6000003232
height,17058,68.521,MAC Field Scanner Field Plot 627 Season 2,FALSE,Maricopa,6000000300,6000003223
height,17059,68.521,MAC Field Scanner Field Plot 467 Season 2,FALSE,Maricopa,6000000304,6000003063
height,17059,72.487,MAC Field Scanner Field Plot 466 Season 2,FALSE,Maricopa,6000000304,6000003062
height,17059,79.758,MAC Field Scanner Field Plot 469 Season 2,FALSE,Maricopa,6000000306,6000003065
height,17059,77.114,MAC Field Scanner Field Plot 468 Season 2,FALSE,Maricopa,6000000306,6000003064
height,17058,71.826,MAC Field Scanner Field Plot 629 Season 2,FALSE,Maricopa,6000000319,6000003225
height,17058,71.826,MAC Field Scanner Field Plot 628 Season 2,FALSE,Maricopa,6000000319,6000003224
height,17058,59.928,MAC Field Scanner Field Plot 665 Season 2,FALSE,Maricopa,6000000378,6000003261
height,17058,59.267,MAC Field Scanner Field Plot 664 Season 2,FALSE,Maricopa,6000000378,6000003260
height,17058,63.894,MAC Field Scanner Field Plot 667 Season 2,FALSE,Maricopa,6000000380,6000003263
height,17058,63.233,MAC Field Scanner Field Plot 666 Season 2,FALSE,Maricopa,6000000380,6000003262
height,17058,74.47,MAC Field Scanner Field Plot 631 Season 2,FALSE,Maricopa,6000000381,6000003227
height,17058,75.131,MAC Field Scanner Field Plot 630 Season 2,FALSE,Maricopa,6000000381,6000003226
height,17058,65.216,MAC Field Scanner Field Plot 633 Season 2,FALSE,Maricopa,6000000388,6000003229
height,17058,66.538,MAC Field Scanner Field Plot 632 Season 2,FALSE,Maricopa,6000000388,6000003228
height,17058,74.47,MAC Field Scanner Field Plot 644 Season 2,FALSE,Maricopa,6000000390,6000003240
height,17058,66.538,MAC Field Scanner Field Plot 645 Season 2,FALSE,Maricopa,6000000390,6000003241
height,17058,67.86,MAC Field Scanner Field Plot 659 Season 2,FALSE,Maricopa,6000000250,6000003255
height,17058,68.521,MAC Field Scanner Field Plot 658 Season 2,FALSE,Maricopa,6000000250,6000003254
height,17058,58.606,MAC Field Scanner Field Plot 661 Season 2,FALSE,Maricopa,6000000252,6000003257
height,17058,61.25,MAC Field Scanner Field Plot 660 Season 2,FALSE,Maricopa,6000000252,6000003256
height,17059,69.182,MAC Field Scanner Field Plot 518 Season 2,FALSE,Maricopa,6000000279,6000003114
height,17059,70.504,MAC Field Scanner Field Plot 519 Season 2,FALSE,Maricopa,6000000279,6000003115
height,17059,69.182,MAC Field Scanner Field Plot 479 Season 2,FALSE,Maricopa,6000000280,6000003075
height,17059,69.843,MAC Field Scanner Field Plot 478 Season 2,FALSE,Maricopa,6000000280,6000003074
height,17059,74.47,MAC Field Scanner Field Plot 507 Season 2,FALSE,Maricopa,6000000281,6000003103
height,17059,73.148,MAC Field Scanner Field Plot 506 Season 2,FALSE,Maricopa,6000000281,6000003102
height,17059,72.487,MAC Field Scanner Field Plot 505 Season 2,FALSE,Maricopa,6000000297,6000003101
height,17059,73.148,MAC Field Scanner Field Plot 504 Season 2,FALSE,Maricopa,6000000297,6000003100
height,17059,73.148,MAC Field Scanner Field Plot 520 Season 2,FALSE,Maricopa,6000000301,6000003116
height,17059,73.809,MAC Field Scanner Field Plot 521 Season 2,FALSE,Maricopa,6000000301,6000003117
height,17059,81.741,MAC Field Scanner Field Plot 488 Season 2,FALSE,Maricopa,6000000307,6000003084
height,17059,80.419,MAC Field Scanner Field Plot 489 Season 2,FALSE,Maricopa,6000000307,6000003085
height,17059,67.86,MAC Field Scanner Field Plot 516 Season 2,FALSE,Maricopa,6000000315,6000003112
height,17059,68.521,MAC Field Scanner Field Plot 517 Season 2,FALSE,Maricopa,6000000315,6000003113
height,17059,66.538,MAC Field Scanner Field Plot 503 Season 2,FALSE,Maricopa,6000000386,6000003099
height,17059,65.877,MAC Field Scanner Field Plot 502 Season 2,FALSE,Maricopa,6000000386,6000003098
height,17059,75.131,MAC Field Scanner Field Plot 486 Season 2,FALSE,Maricopa,6000000391,6000003082
height,17059,75.792,MAC Field Scanner Field Plot 487 Season 2,FALSE,Maricopa,6000000391,6000003083
height,17059,68.521,MAC Field Scanner Field Plot 492 Season 2,FALSE,Maricopa,6000000393,6000003088
height,17059,67.199,MAC Field Scanner Field Plot 493 Season 2,FALSE,Maricopa,6000000393,6000003089
height,17059,71.165,MAC Field Scanner Field Plot 509 Season 2,FALSE,Maricopa,6000000395,6000003105
height,17059,70.504,MAC Field Scanner Field Plot 508 Season 2,FALSE,Maricopa,6000000395,6000003104
height,17059,67.86,MAC Field Scanner Field Plot 494 Season 2,FALSE,Maricopa,6000000412,6000003090
height,17059,70.504,MAC Field Scanner Field Plot 495 Season 2,FALSE,Maricopa,6000000412,6000003091
height,17059,63.894,MAC Field Scanner Field Plot 499 Season 2,FALSE,Maricopa,6000000253,6000003095
height,17059,67.199,MAC Field Scanner Field Plot 498 Season 2,FALSE,Maricopa,6000000253,6000003094
height,17059,83.724,MAC Field Scanner Field Plot 482 Season 2,FALSE,Maricopa,6000000407,6000003078
height,17059,81.741,MAC Field Scanner Field Plot 483 Season 2,FALSE,Maricopa,6000000407,6000003079
height,17059,73.148,MAC Field Scanner Field Plot 575 Season 2,FALSE,Maricopa,6000000287,6000003171
height,17059,70.504,MAC Field Scanner Field Plot 574 Season 2,FALSE,Maricopa,6000000287,6000003170
height,17059,71.826,MAC Field Scanner Field Plot 548 Season 2,FALSE,Maricopa,6000000292,6000003144
height,17059,74.47,MAC Field Scanner Field Plot 549 Season 2,FALSE,Maricopa,6000000292,6000003145
height,17059,63.233,MAC Field Scanner Field Plot 550 Season 2,FALSE,Maricopa,6000000303,6000003146
height,17059,59.928,MAC Field Scanner Field Plot 551 Season 2,FALSE,Maricopa,6000000303,6000003147
height,17059,80.419,MAC Field Scanner Field Plot 571 Season 2,FALSE,Maricopa,6000000241,6000003167
height,17059,80.419,MAC Field Scanner Field Plot 570 Season 2,FALSE,Maricopa,6000000241,6000003166
height,17059,75.131,MAC Field Scanner Field Plot 539 Season 2,FALSE,Maricopa,6000000320,6000003135
height,17059,72.487,MAC Field Scanner Field Plot 538 Season 2,FALSE,Maricopa,6000000320,6000003134
height,17059,71.826,MAC Field Scanner Field Plot 562 Season 2,FALSE,Maricopa,6000000376,6000003158
height,17059,69.182,MAC Field Scanner Field Plot 556 Season 2,FALSE,Maricopa,6000000379,6000003152
height,17059,68.521,MAC Field Scanner Field Plot 557 Season 2,FALSE,Maricopa,6000000379,6000003153
height,17059,72.487,MAC Field Scanner Field Plot 558 Season 2,FALSE,Maricopa,6000000248,6000003154
height,17059,78.436,MAC Field Scanner Field Plot 559 Season 2,FALSE,Maricopa,6000000248,6000003155
height,17059,72.487,MAC Field Scanner Field Plot 543 Season 2,FALSE,Maricopa,6000000392,6000003139
height,17059,71.826,MAC Field Scanner Field Plot 542 Season 2,FALSE,Maricopa,6000000392,6000003138
height,17059,56.623,MAC Field Scanner Field Plot 554 Season 2,FALSE,Maricopa,6000000255,6000003150
height,17059,63.233,MAC Field Scanner Field Plot 555 Season 2,FALSE,Maricopa,6000000255,6000003151
height,17059,75.131,MAC Field Scanner Field Plot 533 Season 2,FALSE,Maricopa,6000000410,6000003129
height,17059,77.114,MAC Field Scanner Field Plot 532 Season 2,FALSE,Maricopa,6000000410,6000003128
height,17059,65.216,MAC Field Scanner Field Plot 527 Season 2,FALSE,Maricopa,6000000268,6000003123
height,17059,68.521,MAC Field Scanner Field Plot 578 Season 2,FALSE,Maricopa,6000000271,6000003174
height,17059,67.86,MAC Field Scanner Field Plot 579 Season 2,FALSE,Maricopa,6000000271,6000003175
height,17059,72.487,MAC Field Scanner Field Plot 565 Season 2,FALSE,Maricopa,6000000275,6000003161
height,17059,73.148,MAC Field Scanner Field Plot 564 Season 2,FALSE,Maricopa,6000000275,6000003160
height,17059,71.826,MAC Field Scanner Field Plot 589 Season 2,FALSE,Maricopa,6000000277,6000003185
height,17059,70.504,MAC Field Scanner Field Plot 601 Season 2,FALSE,Maricopa,6000000283,6000003197
height,17059,71.826,MAC Field Scanner Field Plot 600 Season 2,FALSE,Maricopa,6000000283,6000003196
height,17059,73.809,MAC Field Scanner Field Plot 614 Season 2,FALSE,Maricopa,6000000289,6000003210
height,17059,70.504,MAC Field Scanner Field Plot 615 Season 2,FALSE,Maricopa,6000000289,6000003211
height,17059,69.843,MAC Field Scanner Field Plot 637 Season 2,FALSE,Maricopa,6000000291,6000003233
height,17059,66.538,MAC Field Scanner Field Plot 636 Season 2,FALSE,Maricopa,6000000291,6000003232
height,17059,69.843,MAC Field Scanner Field Plot 627 Season 2,FALSE,Maricopa,6000000300,6000003223
height,17059,69.843,MAC Field Scanner Field Plot 626 Season 2,FALSE,Maricopa,6000000300,6000003222
height,17059,64.555,MAC Field Scanner Field Plot 605 Season 2,FALSE,Maricopa,6000000316,6000003201
height,17059,65.216,MAC Field Scanner Field Plot 604 Season 2,FALSE,Maricopa,6000000316,6000003200
height,17059,75.131,MAC Field Scanner Field Plot 584 Season 2,FALSE,Maricopa,6000000318,6000003180
height,17059,75.792,MAC Field Scanner Field Plot 585 Season 2,FALSE,Maricopa,6000000318,6000003181
height,17059,75.131,MAC Field Scanner Field Plot 629 Season 2,FALSE,Maricopa,6000000319,6000003225
height,17059,75.131,MAC Field Scanner Field Plot 628 Season 2,FALSE,Maricopa,6000000319,6000003224
height,17059,72.487,MAC Field Scanner Field Plot 595 Season 2,FALSE,Maricopa,6000000331,6000003191
height,17059,70.504,MAC Field Scanner Field Plot 594 Season 2,FALSE,Maricopa,6000000331,6000003190
height,17059,71.826,MAC Field Scanner Field Plot 607 Season 2,FALSE,Maricopa,6000000377,6000003203
height,17059,73.148,MAC Field Scanner Field Plot 606 Season 2,FALSE,Maricopa,6000000377,6000003202
height,17059,77.114,MAC Field Scanner Field Plot 631 Season 2,FALSE,Maricopa,6000000381,6000003227
height,17059,78.436,MAC Field Scanner Field Plot 630 Season 2,FALSE,Maricopa,6000000381,6000003226
height,17059,69.843,MAC Field Scanner Field Plot 633 Season 2,FALSE,Maricopa,6000000388,6000003229
height,17059,71.165,MAC Field Scanner Field Plot 632 Season 2,FALSE,Maricopa,6000000388,6000003228
height,17059,73.148,MAC Field Scanner Field Plot 597 Season 2,FALSE,Maricopa,6000000396,6000003193
height,17059,71.165,MAC Field Scanner Field Plot 596 Season 2,FALSE,Maricopa,6000000396,6000003192
height,17059,70.504,MAC Field Scanner Field Plot 620 Season 2,FALSE,Maricopa,6000000400,6000003216
height,17059,67.86,MAC Field Scanner Field Plot 621 Season 2,FALSE,Maricopa,6000000400,6000003217
height,17059,76.453,MAC Field Scanner Field Plot 635 Season 2,FALSE,Maricopa,6000000258,6000003231
height,17059,73.809,MAC Field Scanner Field Plot 634 Season 2,FALSE,Maricopa,6000000258,6000003230
height,17059,72.487,MAC Field Scanner Field Plot 622 Season 2,FALSE,Maricopa,6000000409,6000003218
height,17059,69.182,MAC Field Scanner Field Plot 623 Season 2,FALSE,Maricopa,6000000409,6000003219
height,17059,70.504,MAC Field Scanner Field Plot 618 Season 2,FALSE,Maricopa,6000000265,6000003214
height,17059,71.165,MAC Field Scanner Field Plot 654 Season 2,FALSE,Maricopa,6000000282,6000003250
height,17059,69.843,MAC Field Scanner Field Plot 655 Season 2,FALSE,Maricopa,6000000282,6000003251
height,17059,54.64,MAC Field Scanner Field Plot 642 Season 2,FALSE,Maricopa,6000000285,6000003238
height,17059,50.013,MAC Field Scanner Field Plot 643 Season 2,FALSE,Maricopa,6000000285,6000003239
height,17059,69.843,MAC Field Scanner Field Plot 678 Season 2,FALSE,Maricopa,6000000305,6000003274
height,17059,66.538,MAC Field Scanner Field Plot 679 Season 2,FALSE,Maricopa,6000000305,6000003275
height,17059,68.521,MAC Field Scanner Field Plot 682 Season 2,FALSE,Maricopa,6000000308,6000003278
height,17059,67.199,MAC Field Scanner Field Plot 683 Season 2,FALSE,Maricopa,6000000308,6000003279
height,17059,64.555,MAC Field Scanner Field Plot 674 Season 2,FALSE,Maricopa,6000000311,6000003270
height,17059,54.64,MAC Field Scanner Field Plot 675 Season 2,FALSE,Maricopa,6000000311,6000003271
height,17059,79.097,MAC Field Scanner Field Plot 686 Season 2,FALSE,Maricopa,6000000313,6000003282
height,17059,76.453,MAC Field Scanner Field Plot 687 Season 2,FALSE,Maricopa,6000000313,6000003283
height,17059,77.114,MAC Field Scanner Field Plot 694 Season 2,FALSE,Maricopa,6000000314,6000003290
height,17059,61.25,MAC Field Scanner Field Plot 665 Season 2,FALSE,Maricopa,6000000378,6000003261
height,17059,61.25,MAC Field Scanner Field Plot 664 Season 2,FALSE,Maricopa,6000000378,6000003260
height,17059,65.877,MAC Field Scanner Field Plot 667 Season 2,FALSE,Maricopa,6000000380,6000003263
height,17059,65.877,MAC Field Scanner Field Plot 666 Season 2,FALSE,Maricopa,6000000380,6000003262
height,17059,70.504,MAC Field Scanner Field Plot 693 Season 2,FALSE,Maricopa,6000000382,6000003289
height,17059,72.487,MAC Field Scanner Field Plot 692 Season 2,FALSE,Maricopa,6000000382,6000003288
height,17059,77.775,MAC Field Scanner Field Plot 644 Season 2,FALSE,Maricopa,6000000390,6000003240
height,17059,70.504,MAC Field Scanner Field Plot 645 Season 2,FALSE,Maricopa,6000000390,6000003241
height,17059,71.165,MAC Field Scanner Field Plot 659 Season 2,FALSE,Maricopa,6000000250,6000003255
height,17059,71.826,MAC Field Scanner Field Plot 658 Season 2,FALSE,Maricopa,6000000250,6000003254
height,17059,63.894,MAC Field Scanner Field Plot 661 Season 2,FALSE,Maricopa,6000000252,6000003257
height,17059,65.216,MAC Field Scanner Field Plot 660 Season 2,FALSE,Maricopa,6000000252,6000003256
height,17059,73.809,MAC Field Scanner Field Plot 663 Season 2,FALSE,Maricopa,6000000263,6000003259
height,17059,70.504,MAC Field Scanner Field Plot 662 Season 2,FALSE,Maricopa,6000000263,6000003258
height,17059,68.521,MAC Field Scanner Field Plot 652 Season 2,FALSE,Maricopa,6000000264,6000003248
height,17059,69.843,MAC Field Scanner Field Plot 653 Season 2,FALSE,Maricopa,6000000264,6000003249
height,17059,67.199,MAC Field Scanner Field Plot 702 Season 2,FALSE,Maricopa,6000000278,6000003298
height,17059,70.504,MAC Field Scanner Field Plot 712 Season 2,FALSE,Maricopa,6000000293,6000003308
height,17059,69.182,MAC Field Scanner Field Plot 713 Season 2,FALSE,Maricopa,6000000293,6000003309
height,17059,59.928,MAC Field Scanner Field Plot 742 Season 2,FALSE,Maricopa,6000000295,6000003338
height,17059,62.572,MAC Field Scanner Field Plot 743 Season 2,FALSE,Maricopa,6000000295,6000003339
height,17059,63.233,MAC Field Scanner Field Plot 710 Season 2,FALSE,Maricopa,6000000298,6000003306
height,17059,63.233,MAC Field Scanner Field Plot 711 Season 2,FALSE,Maricopa,6000000298,6000003307
height,17059,68.521,MAC Field Scanner Field Plot 725 Season 2,FALSE,Maricopa,6000000299,6000003321
height,17059,66.538,MAC Field Scanner Field Plot 724 Season 2,FALSE,Maricopa,6000000299,6000003320
height,17059,61.911,MAC Field Scanner Field Plot 718 Season 2,FALSE,Maricopa,6000000312,6000003314
height,17059,55.962,MAC Field Scanner Field Plot 719 Season 2,FALSE,Maricopa,6000000312,6000003315
height,17059,79.097,MAC Field Scanner Field Plot 695 Season 2,FALSE,Maricopa,6000000314,6000003291
height,17059,63.894,MAC Field Scanner Field Plot 703 Season 2,FALSE,Maricopa,6000000278,6000003299
height,17059,73.148,MAC Field Scanner Field Plot 714 Season 2,FALSE,Maricopa,6000000385,6000003310
height,17059,73.809,MAC Field Scanner Field Plot 715 Season 2,FALSE,Maricopa,6000000385,6000003311
height,17059,68.521,MAC Field Scanner Field Plot 701 Season 2,FALSE,Maricopa,6000000387,6000003297
height,17059,69.843,MAC Field Scanner Field Plot 700 Season 2,FALSE,Maricopa,6000000387,6000003296
height,17059,73.148,MAC Field Scanner Field Plot 735 Season 2,FALSE,Maricopa,6000000249,6000003331
height,17059,71.165,MAC Field Scanner Field Plot 734 Season 2,FALSE,Maricopa,6000000249,6000003330
height,17059,75.131,MAC Field Scanner Field Plot 740 Season 2,FALSE,Maricopa,6000000394,6000003336
height,17059,69.182,MAC Field Scanner Field Plot 741 Season 2,FALSE,Maricopa,6000000394,6000003337
height,17059,69.182,MAC Field Scanner Field Plot 729 Season 2,FALSE,Maricopa,6000000399,6000003325
height,17059,69.843,MAC Field Scanner Field Plot 728 Season 2,FALSE,Maricopa,6000000399,6000003324
height,17059,69.182,MAC Field Scanner Field Plot 727 Season 2,FALSE,Maricopa,6000000251,6000003323
height,17059,68.521,MAC Field Scanner Field Plot 726 Season 2,FALSE,Maricopa,6000000251,6000003322
height,17059,51.335,MAC Field Scanner Field Plot 708 Season 2,FALSE,Maricopa,6000000256,6000003304
height,17059,65.877,MAC Field Scanner Field Plot 795 Season 2,FALSE,Maricopa,6000000286,6000003391
height,17059,67.199,MAC Field Scanner Field Plot 794 Season 2,FALSE,Maricopa,6000000286,6000003390
height,17059,72.487,MAC Field Scanner Field Plot 765 Season 2,FALSE,Maricopa,6000000290,6000003361
height,17059,71.826,MAC Field Scanner Field Plot 764 Season 2,FALSE,Maricopa,6000000290,6000003360
height,17059,69.182,MAC Field Scanner Field Plot 802 Season 2,FALSE,Maricopa,6000000294,6000003398
height,17059,67.199,MAC Field Scanner Field Plot 803 Season 2,FALSE,Maricopa,6000000294,6000003399
height,17059,68.521,MAC Field Scanner Field Plot 787 Season 2,FALSE,Maricopa,6000000317,6000003383
height,17059,64.555,MAC Field Scanner Field Plot 786 Season 2,FALSE,Maricopa,6000000317,6000003382
height,17059,72.487,MAC Field Scanner Field Plot 791 Season 2,FALSE,Maricopa,6000000383,6000003387
height,17059,70.504,MAC Field Scanner Field Plot 790 Season 2,FALSE,Maricopa,6000000383,6000003386
height,17059,69.182,MAC Field Scanner Field Plot 799 Season 2,FALSE,Maricopa,6000000384,6000003395
height,17059,71.165,MAC Field Scanner Field Plot 798 Season 2,FALSE,Maricopa,6000000384,6000003394
height,17059,71.826,MAC Field Scanner Field Plot 804 Season 2,FALSE,Maricopa,6000000397,6000003400
height,17059,71.826,MAC Field Scanner Field Plot 759 Season 2,FALSE,Maricopa,6000000398,6000003355
height,17059,71.165,MAC Field Scanner Field Plot 758 Season 2,FALSE,Maricopa,6000000398,6000003354
height,17059,69.843,MAC Field Scanner Field Plot 797 Season 2,FALSE,Maricopa,6000000401,6000003393
height,17059,67.86,MAC Field Scanner Field Plot 796 Season 2,FALSE,Maricopa,6000000401,6000003392
height,17059,65.877,MAC Field Scanner Field Plot 757 Season 2,FALSE,Maricopa,6000000402,6000003353
height,17059,65.216,MAC Field Scanner Field Plot 756 Season 2,FALSE,Maricopa,6000000402,6000003352
height,17059,75.792,MAC Field Scanner Field Plot 755 Season 2,FALSE,Maricopa,6000000254,6000003351
height,17059,72.487,MAC Field Scanner Field Plot 754 Season 2,FALSE,Maricopa,6000000254,6000003350
height,17059,66.538,MAC Field Scanner Field Plot 770 Season 2,FALSE,Maricopa,6000000260,6000003366
height,17059,66.538,MAC Field Scanner Field Plot 771 Season 2,FALSE,Maricopa,6000000260,6000003367
height,17059,71.165,MAC Field Scanner Field Plot 749 Season 2,FALSE,Maricopa,6000000261,6000003345
height,17059,66.538,MAC Field Scanner Field Plot 761 Season 2,FALSE,Maricopa,6000000406,6000003357
height,17059,68.521,MAC Field Scanner Field Plot 760 Season 2,FALSE,Maricopa,6000000406,6000003356
height,17059,66.538,MAC Field Scanner Field Plot 827 Season 2,FALSE,Maricopa,6000000284,6000003423
height,17059,62.572,MAC Field Scanner Field Plot 826 Season 2,FALSE,Maricopa,6000000284,6000003422
height,17059,67.86,MAC Field Scanner Field Plot 812 Season 2,FALSE,Maricopa,6000000296,6000003408
height,17059,64.555,MAC Field Scanner Field Plot 813 Season 2,FALSE,Maricopa,6000000296,6000003409
height,17059,63.894,MAC Field Scanner Field Plot 829 Season 2,FALSE,Maricopa,6000000310,6000003425
height,17059,64.555,MAC Field Scanner Field Plot 828 Season 2,FALSE,Maricopa,6000000310,6000003424
height,17059,57.945,MAC Field Scanner Field Plot 810 Season 2,FALSE,Maricopa,6000000325,6000003406
height,17059,50.013,MAC Field Scanner Field Plot 811 Season 2,FALSE,Maricopa,6000000325,6000003407
height,17059,50.674,MAC Field Scanner Field Plot 814 Season 2,FALSE,Maricopa,6000000330,6000003410
height,17059,65.216,MAC Field Scanner Field Plot 815 Season 2,FALSE,Maricopa,6000000330,6000003411
height,17059,67.199,MAC Field Scanner Field Plot 825 Season 2,FALSE,Maricopa,6000000354,6000003421
height,17059,69.843,MAC Field Scanner Field Plot 824 Season 2,FALSE,Maricopa,6000000354,6000003420
height,17059,75.131,MAC Field Scanner Field Plot 823 Season 2,FALSE,Maricopa,6000000365,6000003419
height,17059,73.809,MAC Field Scanner Field Plot 822 Season 2,FALSE,Maricopa,6000000365,6000003418
height,17059,75.131,MAC Field Scanner Field Plot 805 Season 2,FALSE,Maricopa,6000000397,6000003401
height,17059,69.843,MAC Field Scanner Field Plot 831 Season 2,FALSE,Maricopa,6000000259,6000003427
height,17059,69.843,MAC Field Scanner Field Plot 830 Season 2,FALSE,Maricopa,6000000259,6000003426
height,17059,72.487,MAC Field Scanner Field Plot 806 Season 2,FALSE,Maricopa,6000000405,6000003402
height,17059,75.131,MAC Field Scanner Field Plot 807 Season 2,FALSE,Maricopa,6000000405,6000003403
height,17059,63.233,MAC Field Scanner Field Plot 821 Season 2,FALSE,Maricopa,6000000262,6000003417
height,17059,60.589,MAC Field Scanner Field Plot 820 Season 2,FALSE,Maricopa,6000000262,6000003416
height,17059,69.843,MAC Field Scanner Field Plot 808 Season 2,FALSE,Maricopa,6000000269,6000003404
height,17059,69.843,MAC Field Scanner Field Plot 809 Season 2,FALSE,Maricopa,6000000269,6000003405
height,17059,51.996,MAC Field Scanner Field Plot 819 Season 2,FALSE,Maricopa,6000000274,6000003415
height,17059,63.233,MAC Field Scanner Field Plot 818 Season 2,FALSE,Maricopa,6000000274,6000003414
height,17061,75.131,MAC Field Scanner Field Plot 78 Season 2,FALSE,Maricopa,6000000282,6000002674
height,17061,71.826,MAC Field Scanner Field Plot 79 Season 2,FALSE,Maricopa,6000000282,6000002675
height,17061,65.877,MAC Field Scanner Field Plot 72 Season 2,FALSE,Maricopa,6000000291,6000002668
height,17061,69.182,MAC Field Scanner Field Plot 73 Season 2,FALSE,Maricopa,6000000291,6000002669
height,17061,67.199,MAC Field Scanner Field Plot 44 Season 2,FALSE,Maricopa,6000000293,6000002640
height,17061,67.199,MAC Field Scanner Field Plot 45 Season 2,FALSE,Maricopa,6000000293,6000002641
height,17061,71.165,MAC Field Scanner Field Plot 55 Season 2,FALSE,Maricopa,6000000294,6000002651
height,17061,73.809,MAC Field Scanner Field Plot 54 Season 2,FALSE,Maricopa,6000000294,6000002650
height,17061,75.131,MAC Field Scanner Field Plot 70 Season 2,FALSE,Maricopa,6000000296,6000002666
height,17061,75.131,MAC Field Scanner Field Plot 71 Season 2,FALSE,Maricopa,6000000296,6000002667
height,17061,79.758,MAC Field Scanner Field Plot 63 Season 2,FALSE,Maricopa,6000000241,6000002659
height,17061,77.775,MAC Field Scanner Field Plot 62 Season 2,FALSE,Maricopa,6000000241,6000002658
height,17061,62.572,MAC Field Scanner Field Plot 35 Season 2,FALSE,Maricopa,6000000278,6000002631
height,17061,73.148,MAC Field Scanner Field Plot 29 Season 2,FALSE,Maricopa,6000000415,6000002625
height,17061,67.199,MAC Field Scanner Field Plot 57 Season 2,FALSE,Maricopa,6000000333,6000002653
height,17061,67.86,MAC Field Scanner Field Plot 42 Season 2,FALSE,Maricopa,6000000384,6000002638
height,17061,71.826,MAC Field Scanner Field Plot 43 Season 2,FALSE,Maricopa,6000000384,6000002639
height,17061,67.86,MAC Field Scanner Field Plot 83 Season 2,FALSE,Maricopa,6000000400,6000002679
height,17061,69.182,MAC Field Scanner Field Plot 82 Season 2,FALSE,Maricopa,6000000400,6000002678
height,17061,69.843,MAC Field Scanner Field Plot 53 Season 2,FALSE,Maricopa,6000000401,6000002649
height,17061,69.182,MAC Field Scanner Field Plot 52 Season 2,FALSE,Maricopa,6000000401,6000002648
height,17061,67.199,MAC Field Scanner Field Plot 66 Season 2,FALSE,Maricopa,6000000255,6000002662
height,17061,63.894,MAC Field Scanner Field Plot 67 Season 2,FALSE,Maricopa,6000000255,6000002663
height,17061,57.284,MAC Field Scanner Field Plot 74 Season 2,FALSE,Maricopa,6000000256,6000002670
height,17061,58.606,MAC Field Scanner Field Plot 75 Season 2,FALSE,Maricopa,6000000256,6000002671
height,17061,73.148,MAC Field Scanner Field Plot 46 Season 2,FALSE,Maricopa,6000000258,6000002642
height,17061,71.826,MAC Field Scanner Field Plot 47 Season 2,FALSE,Maricopa,6000000258,6000002643
height,17061,77.775,MAC Field Scanner Field Plot 121 Season 2,FALSE,Maricopa,6000000289,6000002717
height,17061,73.809,MAC Field Scanner Field Plot 120 Season 2,FALSE,Maricopa,6000000289,6000002716
height,17061,62.572,MAC Field Scanner Field Plot 98 Season 2,FALSE,Maricopa,6000000295,6000002694
height,17061,60.589,MAC Field Scanner Field Plot 99 Season 2,FALSE,Maricopa,6000000295,6000002695
height,17061,81.741,MAC Field Scanner Field Plot 87 Season 2,FALSE,Maricopa,6000000313,6000002683
height,17061,82.402,MAC Field Scanner Field Plot 86 Season 2,FALSE,Maricopa,6000000313,6000002682
height,17061,69.843,MAC Field Scanner Field Plot 108 Season 2,FALSE,Maricopa,6000000315,6000002704
height,17061,65.216,MAC Field Scanner Field Plot 109 Season 2,FALSE,Maricopa,6000000315,6000002705
height,17061,77.775,MAC Field Scanner Field Plot 119 Season 2,FALSE,Maricopa,6000000319,6000002715
height,17061,81.741,MAC Field Scanner Field Plot 118 Season 2,FALSE,Maricopa,6000000319,6000002714
height,17061,91.656,MAC Field Scanner Field Plot 123 Season 2,FALSE,Maricopa,6000000389,6000002719
height,17061,83.063,MAC Field Scanner Field Plot 122 Season 2,FALSE,Maricopa,6000000389,6000002718
height,17061,69.843,MAC Field Scanner Field Plot 127 Season 2,FALSE,Maricopa,6000000393,6000002723
height,17061,66.538,MAC Field Scanner Field Plot 126 Season 2,FALSE,Maricopa,6000000393,6000002722
height,17061,77.114,MAC Field Scanner Field Plot 106 Season 2,FALSE,Maricopa,6000000397,6000002702
height,17061,85.046,MAC Field Scanner Field Plot 107 Season 2,FALSE,Maricopa,6000000397,6000002703
height,17061,73.148,MAC Field Scanner Field Plot 132 Season 2,FALSE,Maricopa,6000000261,6000002728
height,17061,71.165,MAC Field Scanner Field Plot 133 Season 2,FALSE,Maricopa,6000000261,6000002729
height,17061,71.826,MAC Field Scanner Field Plot 102 Season 2,FALSE,Maricopa,6000000406,6000002698
height,17061,70.504,MAC Field Scanner Field Plot 103 Season 2,FALSE,Maricopa,6000000406,6000002699
height,17061,69.182,MAC Field Scanner Field Plot 100 Season 2,FALSE,Maricopa,6000000265,6000002696
height,17061,71.165,MAC Field Scanner Field Plot 101 Season 2,FALSE,Maricopa,6000000265,6000002697
height,17061,64.555,MAC Field Scanner Field Plot 138 Season 2,FALSE,Maricopa,6000000266,6000002734
height,17061,41.42,MAC Field Scanner Field Plot 110 Season 2,FALSE,Maricopa,6000000276,6000002706
height,17061,59.928,MAC Field Scanner Field Plot 111 Season 2,FALSE,Maricopa,6000000276,6000002707
height,17061,71.826,MAC Field Scanner Field Plot 91 Season 2,FALSE,Maricopa,6000000277,6000002687
height,17061,74.47,MAC Field Scanner Field Plot 90 Season 2,FALSE,Maricopa,6000000277,6000002686
height,17061,53.318,MAC Field Scanner Field Plot 172 Season 2,FALSE,Maricopa,6000000285,6000002768
height,17061,46.708,MAC Field Scanner Field Plot 173 Season 2,FALSE,Maricopa,6000000285,6000002769
height,17061,70.504,MAC Field Scanner Field Plot 166 Season 2,FALSE,Maricopa,6000000286,6000002762
height,17061,70.504,MAC Field Scanner Field Plot 167 Season 2,FALSE,Maricopa,6000000286,6000002763
height,17061,72.487,MAC Field Scanner Field Plot 189 Season 2,FALSE,Maricopa,6000000299,6000002785
height,17061,71.826,MAC Field Scanner Field Plot 188 Season 2,FALSE,Maricopa,6000000299,6000002784
height,17061,76.453,MAC Field Scanner Field Plot 164 Season 2,FALSE,Maricopa,6000000302,6000002760
height,17061,75.131,MAC Field Scanner Field Plot 165 Season 2,FALSE,Maricopa,6000000302,6000002761
height,17061,75.131,MAC Field Scanner Field Plot 187 Season 2,FALSE,Maricopa,6000000304,6000002783
height,17061,73.148,MAC Field Scanner Field Plot 186 Season 2,FALSE,Maricopa,6000000304,6000002782
height,17061,72.487,MAC Field Scanner Field Plot 140 Season 2,FALSE,Maricopa,6000000377,6000002736
height,17061,72.487,MAC Field Scanner Field Plot 141 Season 2,FALSE,Maricopa,6000000377,6000002737
height,17061,77.114,MAC Field Scanner Field Plot 181 Season 2,FALSE,Maricopa,6000000385,6000002777
height,17061,75.131,MAC Field Scanner Field Plot 180 Season 2,FALSE,Maricopa,6000000385,6000002776
height,17061,71.165,MAC Field Scanner Field Plot 149 Season 2,FALSE,Maricopa,6000000396,6000002745
height,17061,71.165,MAC Field Scanner Field Plot 148 Season 2,FALSE,Maricopa,6000000396,6000002744
height,17061,65.216,MAC Field Scanner Field Plot 162 Season 2,FALSE,Maricopa,6000000402,6000002758
height,17061,65.877,MAC Field Scanner Field Plot 163 Season 2,FALSE,Maricopa,6000000402,6000002759
height,17061,67.86,MAC Field Scanner Field Plot 151 Season 2,FALSE,Maricopa,6000000403,6000002747
height,17061,68.521,MAC Field Scanner Field Plot 150 Season 2,FALSE,Maricopa,6000000403,6000002746
height,17061,62.572,MAC Field Scanner Field Plot 142 Season 2,FALSE,Maricopa,6000000252,6000002738
height,17061,71.165,MAC Field Scanner Field Plot 143 Season 2,FALSE,Maricopa,6000000252,6000002739
height,17061,75.131,MAC Field Scanner Field Plot 170 Season 2,FALSE,Maricopa,6000000262,6000002766
height,17061,71.826,MAC Field Scanner Field Plot 232 Season 2,FALSE,Maricopa,6000000281,6000002828
height,17061,74.47,MAC Field Scanner Field Plot 233 Season 2,FALSE,Maricopa,6000000281,6000002829
height,17061,73.148,MAC Field Scanner Field Plot 198 Season 2,FALSE,Maricopa,6000000292,6000002794
height,17061,67.86,MAC Field Scanner Field Plot 199 Season 2,FALSE,Maricopa,6000000292,6000002795
height,17061,71.165,MAC Field Scanner Field Plot 249 Season 2,FALSE,Maricopa,6000000300,6000002845
height,17061,70.504,MAC Field Scanner Field Plot 248 Season 2,FALSE,Maricopa,6000000300,6000002844
height,17061,61.25,MAC Field Scanner Field Plot 221 Season 2,FALSE,Maricopa,6000000303,6000002817
height,17061,61.911,MAC Field Scanner Field Plot 220 Season 2,FALSE,Maricopa,6000000303,6000002816
height,17061,71.826,MAC Field Scanner Field Plot 247 Season 2,FALSE,Maricopa,6000000317,6000002843
height,17061,73.809,MAC Field Scanner Field Plot 246 Season 2,FALSE,Maricopa,6000000317,6000002842
height,17061,72.487,MAC Field Scanner Field Plot 245 Season 2,FALSE,Maricopa,6000000320,6000002841
height,17061,73.148,MAC Field Scanner Field Plot 244 Season 2,FALSE,Maricopa,6000000320,6000002840
height,17061,70.504,MAC Field Scanner Field Plot 196 Season 2,FALSE,Maricopa,6000000244,6000002792
height,17061,68.521,MAC Field Scanner Field Plot 197 Season 2,FALSE,Maricopa,6000000244,6000002793
height,17061,67.86,MAC Field Scanner Field Plot 228 Season 2,FALSE,Maricopa,6000000379,6000002824
height,17061,71.165,MAC Field Scanner Field Plot 229 Season 2,FALSE,Maricopa,6000000379,6000002825
height,17061,73.809,MAC Field Scanner Field Plot 230 Season 2,FALSE,Maricopa,6000000382,6000002826
height,17061,73.148,MAC Field Scanner Field Plot 231 Season 2,FALSE,Maricopa,6000000382,6000002827
height,17061,65.877,MAC Field Scanner Field Plot 217 Season 2,FALSE,Maricopa,6000000386,6000002813
height,17061,68.521,MAC Field Scanner Field Plot 216 Season 2,FALSE,Maricopa,6000000386,6000002812
height,17061,71.826,MAC Field Scanner Field Plot 202 Season 2,FALSE,Maricopa,6000000387,6000002798
height,17061,73.809,MAC Field Scanner Field Plot 203 Season 2,FALSE,Maricopa,6000000387,6000002799
height,17061,74.47,MAC Field Scanner Field Plot 213 Season 2,FALSE,Maricopa,6000000249,6000002809
height,17061,69.843,MAC Field Scanner Field Plot 212 Season 2,FALSE,Maricopa,6000000249,6000002808
height,17061,75.131,MAC Field Scanner Field Plot 215 Season 2,FALSE,Maricopa,6000000257,6000002811
height,17061,73.809,MAC Field Scanner Field Plot 214 Season 2,FALSE,Maricopa,6000000257,6000002810
height,17061,79.097,MAC Field Scanner Field Plot 211 Season 2,FALSE,Maricopa,6000000259,6000002807
height,17061,74.47,MAC Field Scanner Field Plot 210 Season 2,FALSE,Maricopa,6000000259,6000002806
height,17061,77.775,MAC Field Scanner Field Plot 234 Season 2,FALSE,Maricopa,6000000273,6000002830
height,17061,77.775,MAC Field Scanner Field Plot 235 Season 2,FALSE,Maricopa,6000000273,6000002831
height,17061,67.86,MAC Field Scanner Field Plot 268 Season 2,FALSE,Maricopa,6000000280,6000002864
height,17061,70.504,MAC Field Scanner Field Plot 269 Season 2,FALSE,Maricopa,6000000280,6000002865
height,17061,68.521,MAC Field Scanner Field Plot 302 Season 2,FALSE,Maricopa,6000000284,6000002898
height,17061,65.216,MAC Field Scanner Field Plot 303 Season 2,FALSE,Maricopa,6000000284,6000002899
height,17061,76.453,MAC Field Scanner Field Plot 262 Season 2,FALSE,Maricopa,6000000290,6000002858
height,17061,74.47,MAC Field Scanner Field Plot 263 Season 2,FALSE,Maricopa,6000000290,6000002859
height,17061,70.504,MAC Field Scanner Field Plot 264 Season 2,FALSE,Maricopa,6000000305,6000002860
height,17061,71.826,MAC Field Scanner Field Plot 265 Season 2,FALSE,Maricopa,6000000305,6000002861
height,17061,75.131,MAC Field Scanner Field Plot 306 Season 2,FALSE,Maricopa,6000000306,6000002902
height,17061,76.453,MAC Field Scanner Field Plot 266 Season 2,FALSE,Maricopa,6000000307,6000002862
height,17061,78.436,MAC Field Scanner Field Plot 267 Season 2,FALSE,Maricopa,6000000307,6000002863
height,17061,65.216,MAC Field Scanner Field Plot 290 Season 2,FALSE,Maricopa,6000000316,6000002886
height,17061,62.572,MAC Field Scanner Field Plot 291 Season 2,FALSE,Maricopa,6000000316,6000002887
height,17061,69.843,MAC Field Scanner Field Plot 281 Season 2,FALSE,Maricopa,6000000380,6000002877
height,17061,69.182,MAC Field Scanner Field Plot 280 Season 2,FALSE,Maricopa,6000000380,6000002876
height,17061,81.08,MAC Field Scanner Field Plot 296 Season 2,FALSE,Maricopa,6000000381,6000002892
height,17061,77.114,MAC Field Scanner Field Plot 297 Season 2,FALSE,Maricopa,6000000381,6000002893
height,17061,74.47,MAC Field Scanner Field Plot 279 Season 2,FALSE,Maricopa,6000000383,6000002875
height,17061,73.148,MAC Field Scanner Field Plot 278 Season 2,FALSE,Maricopa,6000000383,6000002874
height,17061,78.436,MAC Field Scanner Field Plot 260 Season 2,FALSE,Maricopa,6000000248,6000002856
height,17061,78.436,MAC Field Scanner Field Plot 261 Season 2,FALSE,Maricopa,6000000248,6000002857
height,17061,72.487,MAC Field Scanner Field Plot 270 Season 2,FALSE,Maricopa,6000000394,6000002866
height,17061,70.504,MAC Field Scanner Field Plot 271 Season 2,FALSE,Maricopa,6000000394,6000002867
height,17061,75.792,MAC Field Scanner Field Plot 298 Season 2,FALSE,Maricopa,6000000398,6000002894
height,17061,74.47,MAC Field Scanner Field Plot 299 Season 2,FALSE,Maricopa,6000000398,6000002895
height,17061,70.504,MAC Field Scanner Field Plot 283 Season 2,FALSE,Maricopa,6000000253,6000002879
height,17061,65.216,MAC Field Scanner Field Plot 282 Season 2,FALSE,Maricopa,6000000253,6000002878
height,17061,68.521,MAC Field Scanner Field Plot 314 Season 2,FALSE,Maricopa,6000000279,6000002910
height,17061,73.148,MAC Field Scanner Field Plot 345 Season 2,FALSE,Maricopa,6000000287,6000002941
height,17061,69.182,MAC Field Scanner Field Plot 344 Season 2,FALSE,Maricopa,6000000287,6000002940
height,17061,73.148,MAC Field Scanner Field Plot 358 Season 2,FALSE,Maricopa,6000000297,6000002954
height,17061,72.487,MAC Field Scanner Field Plot 359 Season 2,FALSE,Maricopa,6000000297,6000002955
height,17061,65.877,MAC Field Scanner Field Plot 326 Season 2,FALSE,Maricopa,6000000301,6000002922
height,17061,66.538,MAC Field Scanner Field Plot 327 Season 2,FALSE,Maricopa,6000000301,6000002923
height,17061,78.436,MAC Field Scanner Field Plot 307 Season 2,FALSE,Maricopa,6000000306,6000002903
height,17061,67.199,MAC Field Scanner Field Plot 351 Season 2,FALSE,Maricopa,6000000309,6000002947
height,17061,65.877,MAC Field Scanner Field Plot 350 Season 2,FALSE,Maricopa,6000000309,6000002946
height,17061,63.894,MAC Field Scanner Field Plot 347 Season 2,FALSE,Maricopa,6000000311,6000002943
height,17061,68.521,MAC Field Scanner Field Plot 346 Season 2,FALSE,Maricopa,6000000311,6000002942
height,17061,83.063,MAC Field Scanner Field Plot 309 Season 2,FALSE,Maricopa,6000000390,6000002905
height,17061,80.419,MAC Field Scanner Field Plot 308 Season 2,FALSE,Maricopa,6000000390,6000002904
height,17061,71.826,MAC Field Scanner Field Plot 319 Season 2,FALSE,Maricopa,6000000395,6000002915
height,17061,67.86,MAC Field Scanner Field Plot 318 Season 2,FALSE,Maricopa,6000000395,6000002914
height,17061,70.504,MAC Field Scanner Field Plot 324 Season 2,FALSE,Maricopa,6000000399,6000002920
height,17061,71.165,MAC Field Scanner Field Plot 325 Season 2,FALSE,Maricopa,6000000399,6000002921
height,17061,77.114,MAC Field Scanner Field Plot 360 Season 2,FALSE,Maricopa,6000000405,6000002956
height,17061,76.453,MAC Field Scanner Field Plot 322 Season 2,FALSE,Maricopa,6000000408,6000002918
height,17061,74.47,MAC Field Scanner Field Plot 323 Season 2,FALSE,Maricopa,6000000408,6000002919
height,17061,76.453,MAC Field Scanner Field Plot 343 Season 2,FALSE,Maricopa,6000000409,6000002939
height,17061,77.114,MAC Field Scanner Field Plot 342 Season 2,FALSE,Maricopa,6000000409,6000002938
height,17061,74.47,MAC Field Scanner Field Plot 328 Season 2,FALSE,Maricopa,6000000269,6000002924
height,17061,72.487,MAC Field Scanner Field Plot 329 Season 2,FALSE,Maricopa,6000000269,6000002925
height,17061,67.199,MAC Field Scanner Field Plot 356 Season 2,FALSE,Maricopa,6000000271,6000002952
height,17061,68.521,MAC Field Scanner Field Plot 357 Season 2,FALSE,Maricopa,6000000271,6000002953
height,17061,66.538,MAC Field Scanner Field Plot 409 Season 2,FALSE,Maricopa,6000000283,6000003005
height,17061,70.504,MAC Field Scanner Field Plot 408 Season 2,FALSE,Maricopa,6000000283,6000003004
height,17061,58.606,MAC Field Scanner Field Plot 379 Season 2,FALSE,Maricopa,6000000288,6000002975
height,17061,52.657,MAC Field Scanner Field Plot 378 Season 2,FALSE,Maricopa,6000000288,6000002974
height,17061,65.877,MAC Field Scanner Field Plot 386 Season 2,FALSE,Maricopa,6000000308,6000002982
height,17061,67.199,MAC Field Scanner Field Plot 387 Season 2,FALSE,Maricopa,6000000308,6000002983
height,17061,64.555,MAC Field Scanner Field Plot 398 Season 2,FALSE,Maricopa,6000000310,6000002994
height,17061,68.521,MAC Field Scanner Field Plot 399 Season 2,FALSE,Maricopa,6000000310,6000002995
height,17061,68.521,MAC Field Scanner Field Plot 383 Season 2,FALSE,Maricopa,6000000312,6000002979
height,17061,65.877,MAC Field Scanner Field Plot 382 Season 2,FALSE,Maricopa,6000000312,6000002978
height,17061,75.131,MAC Field Scanner Field Plot 390 Season 2,FALSE,Maricopa,6000000318,6000002986
height,17061,71.165,MAC Field Scanner Field Plot 391 Season 2,FALSE,Maricopa,6000000318,6000002987
height,17061,63.894,MAC Field Scanner Field Plot 388 Season 2,FALSE,Maricopa,6000000378,6000002984
height,17061,64.555,MAC Field Scanner Field Plot 389 Season 2,FALSE,Maricopa,6000000378,6000002985
height,17061,74.47,MAC Field Scanner Field Plot 392 Season 2,FALSE,Maricopa,6000000388,6000002988
height,17061,76.453,MAC Field Scanner Field Plot 393 Season 2,FALSE,Maricopa,6000000388,6000002989
height,17061,71.826,MAC Field Scanner Field Plot 405 Season 2,FALSE,Maricopa,6000000250,6000003001
height,17061,73.809,MAC Field Scanner Field Plot 404 Season 2,FALSE,Maricopa,6000000250,6000003e3
height,17061,62.572,MAC Field Scanner Field Plot 371 Season 2,FALSE,Maricopa,6000000412,6000002967
height,17061,67.199,MAC Field Scanner Field Plot 370 Season 2,FALSE,Maricopa,6000000412,6000002966
height,17061,68.521,MAC Field Scanner Field Plot 415 Season 2,FALSE,Maricopa,6000000251,6000003011
height,17061,69.182,MAC Field Scanner Field Plot 414 Season 2,FALSE,Maricopa,6000000251,6000003010
height,17061,79.758,MAC Field Scanner Field Plot 411 Season 2,FALSE,Maricopa,6000000254,6000003007
height,17061,78.436,MAC Field Scanner Field Plot 410 Season 2,FALSE,Maricopa,6000000254,6000003006
height,17061,75.131,MAC Field Scanner Field Plot 361 Season 2,FALSE,Maricopa,6000000405,6000002957
height,17061,79.758,MAC Field Scanner Field Plot 364 Season 2,FALSE,Maricopa,6000000407,6000002960
height,17061,78.436,MAC Field Scanner Field Plot 365 Season 2,FALSE,Maricopa,6000000407,6000002961
height,17061,58.606,MAC Field Scanner Field Plot 362 Season 2,FALSE,Maricopa,6000000272,6000002958
height,17061,59.267,MAC Field Scanner Field Plot 363 Season 2,FALSE,Maricopa,6000000272,6000002959
height,17061,65.216,MAC Field Scanner Field Plot 454 Season 2,FALSE,Maricopa,6000000288,6000003050
height,17061,60.589,MAC Field Scanner Field Plot 455 Season 2,FALSE,Maricopa,6000000288,6000003051
height,17061,68.521,MAC Field Scanner Field Plot 418 Season 2,FALSE,Maricopa,6000000298,6000003014
height,17061,69.843,MAC Field Scanner Field Plot 419 Season 2,FALSE,Maricopa,6000000298,6000003015
height,17061,77.775,MAC Field Scanner Field Plot 443 Season 2,FALSE,Maricopa,6000000302,6000003039
height,17061,74.47,MAC Field Scanner Field Plot 442 Season 2,FALSE,Maricopa,6000000302,6000003038
height,17061,71.826,MAC Field Scanner Field Plot 467 Season 2,FALSE,Maricopa,6000000304,6000003063
height,17061,73.148,MAC Field Scanner Field Plot 466 Season 2,FALSE,Maricopa,6000000304,6000003062
height,17061,81.741,MAC Field Scanner Field Plot 469 Season 2,FALSE,Maricopa,6000000306,6000003065
height,17061,77.114,MAC Field Scanner Field Plot 468 Season 2,FALSE,Maricopa,6000000306,6000003064
height,17061,69.843,MAC Field Scanner Field Plot 437 Season 2,FALSE,Maricopa,6000000309,6000003033
height,17061,68.521,MAC Field Scanner Field Plot 436 Season 2,FALSE,Maricopa,6000000309,6000003032
height,17061,81.08,MAC Field Scanner Field Plot 424 Season 2,FALSE,Maricopa,6000000314,6000003020
height,17061,79.758,MAC Field Scanner Field Plot 425 Season 2,FALSE,Maricopa,6000000314,6000003021
height,17061,90.334,MAC Field Scanner Field Plot 458 Season 2,FALSE,Maricopa,6000000389,6000003054
height,17061,86.368,MAC Field Scanner Field Plot 459 Season 2,FALSE,Maricopa,6000000389,6000003055
height,17061,70.504,MAC Field Scanner Field Plot 430 Season 2,FALSE,Maricopa,6000000391,6000003026
height,17061,71.165,MAC Field Scanner Field Plot 431 Season 2,FALSE,Maricopa,6000000391,6000003027
height,17061,75.131,MAC Field Scanner Field Plot 426 Season 2,FALSE,Maricopa,6000000392,6000003022
height,17061,73.809,MAC Field Scanner Field Plot 427 Season 2,FALSE,Maricopa,6000000392,6000003023
height,17061,70.504,MAC Field Scanner Field Plot 441 Season 2,FALSE,Maricopa,6000000403,6000003037
height,17061,69.182,MAC Field Scanner Field Plot 440 Season 2,FALSE,Maricopa,6000000403,6000003036
height,17061,73.809,MAC Field Scanner Field Plot 428 Season 2,FALSE,Maricopa,6000000264,6000003024
height,17061,75.792,MAC Field Scanner Field Plot 429 Season 2,FALSE,Maricopa,6000000264,6000003025
height,17061,65.877,MAC Field Scanner Field Plot 462 Season 2,FALSE,Maricopa,6000000266,6000003058
height,17061,72.487,MAC Field Scanner Field Plot 463 Season 2,FALSE,Maricopa,6000000266,6000003059
height,17061,76.453,MAC Field Scanner Field Plot 420 Season 2,FALSE,Maricopa,6000000267,6000003016
height,17061,75.131,MAC Field Scanner Field Plot 421 Season 2,FALSE,Maricopa,6000000267,6000003017
height,17061,66.538,MAC Field Scanner Field Plot 447 Season 2,FALSE,Maricopa,6000000276,6000003043
height,17061,62.572,MAC Field Scanner Field Plot 446 Season 2,FALSE,Maricopa,6000000276,6000003042
height,17061,69.843,MAC Field Scanner Field Plot 518 Season 2,FALSE,Maricopa,6000000279,6000003114
height,17061,71.165,MAC Field Scanner Field Plot 519 Season 2,FALSE,Maricopa,6000000279,6000003115
height,17061,71.826,MAC Field Scanner Field Plot 479 Season 2,FALSE,Maricopa,6000000280,6000003075
height,17061,71.826,MAC Field Scanner Field Plot 478 Season 2,FALSE,Maricopa,6000000280,6000003074
height,17061,76.453,MAC Field Scanner Field Plot 507 Season 2,FALSE,Maricopa,6000000281,6000003103
height,17061,74.47,MAC Field Scanner Field Plot 506 Season 2,FALSE,Maricopa,6000000281,6000003102
height,17061,73.809,MAC Field Scanner Field Plot 505 Season 2,FALSE,Maricopa,6000000297,6000003101
height,17061,74.47,MAC Field Scanner Field Plot 504 Season 2,FALSE,Maricopa,6000000297,6000003100
height,17061,74.47,MAC Field Scanner Field Plot 520 Season 2,FALSE,Maricopa,6000000301,6000003116
height,17061,75.792,MAC Field Scanner Field Plot 521 Season 2,FALSE,Maricopa,6000000301,6000003117
height,17061,83.724,MAC Field Scanner Field Plot 488 Season 2,FALSE,Maricopa,6000000307,6000003084
height,17061,81.741,MAC Field Scanner Field Plot 489 Season 2,FALSE,Maricopa,6000000307,6000003085
height,17061,68.521,MAC Field Scanner Field Plot 516 Season 2,FALSE,Maricopa,6000000315,6000003112
height,17061,70.504,MAC Field Scanner Field Plot 517 Season 2,FALSE,Maricopa,6000000315,6000003113
height,17061,67.86,MAC Field Scanner Field Plot 503 Season 2,FALSE,Maricopa,6000000386,6000003099
height,17061,67.199,MAC Field Scanner Field Plot 502 Season 2,FALSE,Maricopa,6000000386,6000003098
height,17061,75.131,MAC Field Scanner Field Plot 486 Season 2,FALSE,Maricopa,6000000391,6000003082
height,17061,75.792,MAC Field Scanner Field Plot 487 Season 2,FALSE,Maricopa,6000000391,6000003083
height,17061,68.521,MAC Field Scanner Field Plot 492 Season 2,FALSE,Maricopa,6000000393,6000003088
height,17061,67.199,MAC Field Scanner Field Plot 493 Season 2,FALSE,Maricopa,6000000393,6000003089
height,17061,72.487,MAC Field Scanner Field Plot 509 Season 2,FALSE,Maricopa,6000000395,6000003105
height,17061,72.487,MAC Field Scanner Field Plot 508 Season 2,FALSE,Maricopa,6000000395,6000003104
height,17061,69.182,MAC Field Scanner Field Plot 494 Season 2,FALSE,Maricopa,6000000412,6000003090
height,17061,71.826,MAC Field Scanner Field Plot 495 Season 2,FALSE,Maricopa,6000000412,6000003091
height,17061,65.216,MAC Field Scanner Field Plot 499 Season 2,FALSE,Maricopa,6000000253,6000003095
height,17061,67.86,MAC Field Scanner Field Plot 498 Season 2,FALSE,Maricopa,6000000253,6000003094
height,17061,84.385,MAC Field Scanner Field Plot 482 Season 2,FALSE,Maricopa,6000000407,6000003078
height,17061,83.063,MAC Field Scanner Field Plot 483 Season 2,FALSE,Maricopa,6000000407,6000003079
height,17061,74.47,MAC Field Scanner Field Plot 548 Season 2,FALSE,Maricopa,6000000292,6000003144
height,17061,76.453,MAC Field Scanner Field Plot 549 Season 2,FALSE,Maricopa,6000000292,6000003145
height,17061,65.216,MAC Field Scanner Field Plot 550 Season 2,FALSE,Maricopa,6000000303,6000003146
height,17061,61.911,MAC Field Scanner Field Plot 551 Season 2,FALSE,Maricopa,6000000303,6000003147
height,17061,77.114,MAC Field Scanner Field Plot 539 Season 2,FALSE,Maricopa,6000000320,6000003135
height,17061,74.47,MAC Field Scanner Field Plot 538 Season 2,FALSE,Maricopa,6000000320,6000003134
height,17064,79.758,MAC Field Scanner Field Plot 28 Season 2,FALSE,Maricopa,6000000415,6000002624
height,17061,71.165,MAC Field Scanner Field Plot 552 Season 2,FALSE,Maricopa,6000000322,6000003148
height,17061,71.165,MAC Field Scanner Field Plot 553 Season 2,FALSE,Maricopa,6000000322,6000003149
height,17061,75.131,MAC Field Scanner Field Plot 546 Season 2,FALSE,Maricopa,6000000324,6000003142
height,17061,76.453,MAC Field Scanner Field Plot 547 Season 2,FALSE,Maricopa,6000000324,6000003143
height,17061,68.521,MAC Field Scanner Field Plot 535 Season 2,FALSE,Maricopa,6000000334,6000003131
height,17061,69.182,MAC Field Scanner Field Plot 534 Season 2,FALSE,Maricopa,6000000334,6000003130
height,17061,69.843,MAC Field Scanner Field Plot 537 Season 2,FALSE,Maricopa,6000000341,6000003133
height,17061,68.521,MAC Field Scanner Field Plot 536 Season 2,FALSE,Maricopa,6000000341,6000003132
height,17061,70.504,MAC Field Scanner Field Plot 556 Season 2,FALSE,Maricopa,6000000379,6000003152
height,17061,70.504,MAC Field Scanner Field Plot 557 Season 2,FALSE,Maricopa,6000000379,6000003153
height,17061,74.47,MAC Field Scanner Field Plot 558 Season 2,FALSE,Maricopa,6000000248,6000003154
height,17061,80.419,MAC Field Scanner Field Plot 559 Season 2,FALSE,Maricopa,6000000248,6000003155
height,17061,72.487,MAC Field Scanner Field Plot 543 Season 2,FALSE,Maricopa,6000000392,6000003139
height,17061,73.148,MAC Field Scanner Field Plot 542 Season 2,FALSE,Maricopa,6000000392,6000003138
height,17061,58.606,MAC Field Scanner Field Plot 554 Season 2,FALSE,Maricopa,6000000255,6000003150
height,17061,66.538,MAC Field Scanner Field Plot 555 Season 2,FALSE,Maricopa,6000000255,6000003151
height,17063,78.436,MAC Field Scanner Field Plot 821 Season 2,FALSE,Maricopa,6000000262,6000003417
height,17063,83.063,MAC Field Scanner Field Plot 820 Season 2,FALSE,Maricopa,6000000262,6000003416
height,17061,77.114,MAC Field Scanner Field Plot 533 Season 2,FALSE,Maricopa,6000000410,6000003129
height,17064,77.775,MAC Field Scanner Field Plot 78 Season 2,FALSE,Maricopa,6000000282,6000002674
height,17064,77.114,MAC Field Scanner Field Plot 79 Season 2,FALSE,Maricopa,6000000282,6000002675
height,17064,69.843,MAC Field Scanner Field Plot 72 Season 2,FALSE,Maricopa,6000000291,6000002668
height,17064,71.165,MAC Field Scanner Field Plot 73 Season 2,FALSE,Maricopa,6000000291,6000002669
height,17064,69.843,MAC Field Scanner Field Plot 44 Season 2,FALSE,Maricopa,6000000293,6000002640
height,17064,71.165,MAC Field Scanner Field Plot 45 Season 2,FALSE,Maricopa,6000000293,6000002641
height,17064,75.131,MAC Field Scanner Field Plot 55 Season 2,FALSE,Maricopa,6000000294,6000002651
height,17064,77.114,MAC Field Scanner Field Plot 54 Season 2,FALSE,Maricopa,6000000294,6000002650
height,17064,75.792,MAC Field Scanner Field Plot 70 Season 2,FALSE,Maricopa,6000000296,6000002666
height,17064,76.453,MAC Field Scanner Field Plot 71 Season 2,FALSE,Maricopa,6000000296,6000002667
height,17064,83.724,MAC Field Scanner Field Plot 63 Season 2,FALSE,Maricopa,6000000241,6000002659
height,17064,81.741,MAC Field Scanner Field Plot 62 Season 2,FALSE,Maricopa,6000000241,6000002658
height,17064,83.724,MAC Field Scanner Field Plot 87 Season 2,FALSE,Maricopa,6000000313,6000002683
height,17064,83.724,MAC Field Scanner Field Plot 86 Season 2,FALSE,Maricopa,6000000313,6000002682
height,17064,67.86,MAC Field Scanner Field Plot 35 Season 2,FALSE,Maricopa,6000000278,6000002631
height,17064,79.758,MAC Field Scanner Field Plot 89 Season 2,FALSE,Maricopa,6000000243,6000002685
height,17064,71.165,MAC Field Scanner Field Plot 42 Season 2,FALSE,Maricopa,6000000384,6000002638
height,17064,75.131,MAC Field Scanner Field Plot 43 Season 2,FALSE,Maricopa,6000000384,6000002639
height,17064,71.165,MAC Field Scanner Field Plot 83 Season 2,FALSE,Maricopa,6000000400,6000002679
height,17064,70.504,MAC Field Scanner Field Plot 82 Season 2,FALSE,Maricopa,6000000400,6000002678
height,17064,71.165,MAC Field Scanner Field Plot 53 Season 2,FALSE,Maricopa,6000000401,6000002649
height,17064,70.504,MAC Field Scanner Field Plot 52 Season 2,FALSE,Maricopa,6000000401,6000002648
height,17064,79.097,MAC Field Scanner Field Plot 66 Season 2,FALSE,Maricopa,6000000255,6000002662
height,17064,66.538,MAC Field Scanner Field Plot 67 Season 2,FALSE,Maricopa,6000000255,6000002663
height,17064,59.267,MAC Field Scanner Field Plot 74 Season 2,FALSE,Maricopa,6000000256,6000002670
height,17064,62.572,MAC Field Scanner Field Plot 75 Season 2,FALSE,Maricopa,6000000256,6000002671
height,17064,77.114,MAC Field Scanner Field Plot 46 Season 2,FALSE,Maricopa,6000000258,6000002642
height,17064,78.436,MAC Field Scanner Field Plot 47 Season 2,FALSE,Maricopa,6000000258,6000002643
height,17064,74.47,MAC Field Scanner Field Plot 76 Season 2,FALSE,Maricopa,6000000260,6000002672
height,17064,75.792,MAC Field Scanner Field Plot 77 Season 2,FALSE,Maricopa,6000000260,6000002673
height,17064,72.487,MAC Field Scanner Field Plot 61 Season 2,FALSE,Maricopa,6000000274,6000002657
height,17064,81.741,MAC Field Scanner Field Plot 121 Season 2,FALSE,Maricopa,6000000289,6000002717
height,17064,78.436,MAC Field Scanner Field Plot 120 Season 2,FALSE,Maricopa,6000000289,6000002716
height,17064,71.165,MAC Field Scanner Field Plot 98 Season 2,FALSE,Maricopa,6000000295,6000002694
height,17064,63.233,MAC Field Scanner Field Plot 99 Season 2,FALSE,Maricopa,6000000295,6000002695
height,17064,72.487,MAC Field Scanner Field Plot 108 Season 2,FALSE,Maricopa,6000000315,6000002704
height,17064,67.199,MAC Field Scanner Field Plot 109 Season 2,FALSE,Maricopa,6000000315,6000002705
height,17064,82.402,MAC Field Scanner Field Plot 119 Season 2,FALSE,Maricopa,6000000319,6000002715
height,17064,84.385,MAC Field Scanner Field Plot 118 Season 2,FALSE,Maricopa,6000000319,6000002714
height,17064,75.792,MAC Field Scanner Field Plot 140 Season 2,FALSE,Maricopa,6000000377,6000002736
height,17064,74.47,MAC Field Scanner Field Plot 141 Season 2,FALSE,Maricopa,6000000377,6000002737
height,17064,94.961,MAC Field Scanner Field Plot 123 Season 2,FALSE,Maricopa,6000000389,6000002719
height,17064,93.639,MAC Field Scanner Field Plot 122 Season 2,FALSE,Maricopa,6000000389,6000002718
height,17064,73.809,MAC Field Scanner Field Plot 127 Season 2,FALSE,Maricopa,6000000393,6000002723
height,17064,67.86,MAC Field Scanner Field Plot 126 Season 2,FALSE,Maricopa,6000000393,6000002722
height,17064,82.402,MAC Field Scanner Field Plot 106 Season 2,FALSE,Maricopa,6000000397,6000002702
height,17064,88.351,MAC Field Scanner Field Plot 107 Season 2,FALSE,Maricopa,6000000397,6000002703
height,17064,67.86,MAC Field Scanner Field Plot 142 Season 2,FALSE,Maricopa,6000000252,6000002738
height,17064,73.809,MAC Field Scanner Field Plot 143 Season 2,FALSE,Maricopa,6000000252,6000002739
height,17064,73.809,MAC Field Scanner Field Plot 132 Season 2,FALSE,Maricopa,6000000261,6000002728
height,17064,72.487,MAC Field Scanner Field Plot 133 Season 2,FALSE,Maricopa,6000000261,6000002729
height,17064,73.148,MAC Field Scanner Field Plot 102 Season 2,FALSE,Maricopa,6000000406,6000002698
height,17064,74.47,MAC Field Scanner Field Plot 103 Season 2,FALSE,Maricopa,6000000406,6000002699
height,17064,71.165,MAC Field Scanner Field Plot 100 Season 2,FALSE,Maricopa,6000000265,6000002696
height,17064,73.148,MAC Field Scanner Field Plot 101 Season 2,FALSE,Maricopa,6000000265,6000002697
height,17064,67.199,MAC Field Scanner Field Plot 138 Season 2,FALSE,Maricopa,6000000266,6000002734
height,17064,58.606,MAC Field Scanner Field Plot 172 Season 2,FALSE,Maricopa,6000000285,6000002768
height,17064,52.657,MAC Field Scanner Field Plot 173 Season 2,FALSE,Maricopa,6000000285,6000002769
height,17064,72.487,MAC Field Scanner Field Plot 166 Season 2,FALSE,Maricopa,6000000286,6000002762
height,17064,73.809,MAC Field Scanner Field Plot 167 Season 2,FALSE,Maricopa,6000000286,6000002763
height,17064,77.775,MAC Field Scanner Field Plot 198 Season 2,FALSE,Maricopa,6000000292,6000002794
height,17064,71.826,MAC Field Scanner Field Plot 199 Season 2,FALSE,Maricopa,6000000292,6000002795
height,17064,73.809,MAC Field Scanner Field Plot 189 Season 2,FALSE,Maricopa,6000000299,6000002785
height,17064,72.487,MAC Field Scanner Field Plot 188 Season 2,FALSE,Maricopa,6000000299,6000002784
height,17064,79.758,MAC Field Scanner Field Plot 164 Season 2,FALSE,Maricopa,6000000302,6000002760
height,17064,77.775,MAC Field Scanner Field Plot 165 Season 2,FALSE,Maricopa,6000000302,6000002761
height,17064,78.436,MAC Field Scanner Field Plot 187 Season 2,FALSE,Maricopa,6000000304,6000002783
height,17064,76.453,MAC Field Scanner Field Plot 186 Season 2,FALSE,Maricopa,6000000304,6000002782
height,17064,78.436,MAC Field Scanner Field Plot 181 Season 2,FALSE,Maricopa,6000000385,6000002777
height,17064,77.114,MAC Field Scanner Field Plot 180 Season 2,FALSE,Maricopa,6000000385,6000002776
height,17064,74.47,MAC Field Scanner Field Plot 149 Season 2,FALSE,Maricopa,6000000396,6000002745
height,17064,73.809,MAC Field Scanner Field Plot 148 Season 2,FALSE,Maricopa,6000000396,6000002744
height,17064,77.114,MAC Field Scanner Field Plot 162 Season 2,FALSE,Maricopa,6000000402,6000002758
height,17064,67.199,MAC Field Scanner Field Plot 163 Season 2,FALSE,Maricopa,6000000402,6000002759
height,17064,70.504,MAC Field Scanner Field Plot 151 Season 2,FALSE,Maricopa,6000000403,6000002747
height,17064,69.182,MAC Field Scanner Field Plot 150 Season 2,FALSE,Maricopa,6000000403,6000002746
height,17064,77.114,MAC Field Scanner Field Plot 170 Season 2,FALSE,Maricopa,6000000262,6000002766
height,17064,74.47,MAC Field Scanner Field Plot 171 Season 2,FALSE,Maricopa,6000000262,6000002767
height,17064,81.741,MAC Field Scanner Field Plot 185 Season 2,FALSE,Maricopa,6000000263,6000002781
height,17064,81.08,MAC Field Scanner Field Plot 184 Season 2,FALSE,Maricopa,6000000263,6000002780
height,17064,78.436,MAC Field Scanner Field Plot 179 Season 2,FALSE,Maricopa,6000000410,6000002775
height,17064,85.046,MAC Field Scanner Field Plot 178 Season 2,FALSE,Maricopa,6000000410,6000002774
height,17064,81.08,MAC Field Scanner Field Plot 159 Season 2,FALSE,Maricopa,6000000268,6000002755
height,17064,75.131,MAC Field Scanner Field Plot 232 Season 2,FALSE,Maricopa,6000000281,6000002828
height,17064,77.775,MAC Field Scanner Field Plot 233 Season 2,FALSE,Maricopa,6000000281,6000002829
height,17064,73.148,MAC Field Scanner Field Plot 249 Season 2,FALSE,Maricopa,6000000300,6000002845
height,17064,70.504,MAC Field Scanner Field Plot 248 Season 2,FALSE,Maricopa,6000000300,6000002844
height,17064,67.86,MAC Field Scanner Field Plot 221 Season 2,FALSE,Maricopa,6000000303,6000002817
height,17064,63.233,MAC Field Scanner Field Plot 220 Season 2,FALSE,Maricopa,6000000303,6000002816
height,17064,74.47,MAC Field Scanner Field Plot 247 Season 2,FALSE,Maricopa,6000000317,6000002843
height,17064,76.453,MAC Field Scanner Field Plot 246 Season 2,FALSE,Maricopa,6000000317,6000002842
height,17064,77.114,MAC Field Scanner Field Plot 245 Season 2,FALSE,Maricopa,6000000320,6000002841
height,17064,77.775,MAC Field Scanner Field Plot 244 Season 2,FALSE,Maricopa,6000000320,6000002840
height,17064,69.843,MAC Field Scanner Field Plot 255 Season 2,FALSE,Maricopa,6000000338,6000002851
height,17064,66.538,MAC Field Scanner Field Plot 254 Season 2,FALSE,Maricopa,6000000338,6000002850
height,17064,70.504,MAC Field Scanner Field Plot 228 Season 2,FALSE,Maricopa,6000000379,6000002824
height,17064,73.809,MAC Field Scanner Field Plot 229 Season 2,FALSE,Maricopa,6000000379,6000002825
height,17064,75.792,MAC Field Scanner Field Plot 230 Season 2,FALSE,Maricopa,6000000382,6000002826
height,17064,77.114,MAC Field Scanner Field Plot 231 Season 2,FALSE,Maricopa,6000000382,6000002827
height,17064,67.86,MAC Field Scanner Field Plot 217 Season 2,FALSE,Maricopa,6000000386,6000002813
height,17064,70.504,MAC Field Scanner Field Plot 216 Season 2,FALSE,Maricopa,6000000386,6000002812
height,17064,73.809,MAC Field Scanner Field Plot 202 Season 2,FALSE,Maricopa,6000000387,6000002798
height,17064,73.809,MAC Field Scanner Field Plot 203 Season 2,FALSE,Maricopa,6000000387,6000002799
height,17064,77.775,MAC Field Scanner Field Plot 213 Season 2,FALSE,Maricopa,6000000249,6000002809
height,17064,73.809,MAC Field Scanner Field Plot 212 Season 2,FALSE,Maricopa,6000000249,6000002808
height,17064,77.775,MAC Field Scanner Field Plot 215 Season 2,FALSE,Maricopa,6000000257,6000002811
height,17064,75.792,MAC Field Scanner Field Plot 214 Season 2,FALSE,Maricopa,6000000257,6000002810
height,17064,81.08,MAC Field Scanner Field Plot 211 Season 2,FALSE,Maricopa,6000000259,6000002807
height,17064,76.453,MAC Field Scanner Field Plot 210 Season 2,FALSE,Maricopa,6000000259,6000002806
height,17064,81.741,MAC Field Scanner Field Plot 234 Season 2,FALSE,Maricopa,6000000273,6000002830
height,17064,80.419,MAC Field Scanner Field Plot 235 Season 2,FALSE,Maricopa,6000000273,6000002831
height,17064,68.521,MAC Field Scanner Field Plot 268 Season 2,FALSE,Maricopa,6000000280,6000002864
height,17064,71.165,MAC Field Scanner Field Plot 269 Season 2,FALSE,Maricopa,6000000280,6000002865
height,17064,69.182,MAC Field Scanner Field Plot 302 Season 2,FALSE,Maricopa,6000000284,6000002898
height,17064,68.521,MAC Field Scanner Field Plot 303 Season 2,FALSE,Maricopa,6000000284,6000002899
height,17064,79.758,MAC Field Scanner Field Plot 262 Season 2,FALSE,Maricopa,6000000290,6000002858
height,17064,78.436,MAC Field Scanner Field Plot 263 Season 2,FALSE,Maricopa,6000000290,6000002859
height,17064,74.47,MAC Field Scanner Field Plot 264 Season 2,FALSE,Maricopa,6000000305,6000002860
height,17064,76.453,MAC Field Scanner Field Plot 265 Season 2,FALSE,Maricopa,6000000305,6000002861
height,17064,80.419,MAC Field Scanner Field Plot 307 Season 2,FALSE,Maricopa,6000000306,6000002903
height,17064,79.758,MAC Field Scanner Field Plot 306 Season 2,FALSE,Maricopa,6000000306,6000002902
height,17064,77.114,MAC Field Scanner Field Plot 266 Season 2,FALSE,Maricopa,6000000307,6000002862
height,17064,77.775,MAC Field Scanner Field Plot 267 Season 2,FALSE,Maricopa,6000000307,6000002863
height,17064,72.487,MAC Field Scanner Field Plot 290 Season 2,FALSE,Maricopa,6000000316,6000002886
height,17064,66.538,MAC Field Scanner Field Plot 291 Season 2,FALSE,Maricopa,6000000316,6000002887
height,17064,72.487,MAC Field Scanner Field Plot 281 Season 2,FALSE,Maricopa,6000000380,6000002877
height,17064,72.487,MAC Field Scanner Field Plot 280 Season 2,FALSE,Maricopa,6000000380,6000002876
height,17064,83.724,MAC Field Scanner Field Plot 296 Season 2,FALSE,Maricopa,6000000381,6000002892
height,17064,81.08,MAC Field Scanner Field Plot 297 Season 2,FALSE,Maricopa,6000000381,6000002893
height,17064,75.131,MAC Field Scanner Field Plot 279 Season 2,FALSE,Maricopa,6000000383,6000002875
height,17064,73.809,MAC Field Scanner Field Plot 278 Season 2,FALSE,Maricopa,6000000383,6000002874
height,17064,80.419,MAC Field Scanner Field Plot 260 Season 2,FALSE,Maricopa,6000000248,6000002856
height,17064,81.08,MAC Field Scanner Field Plot 261 Season 2,FALSE,Maricopa,6000000248,6000002857
height,17064,86.368,MAC Field Scanner Field Plot 309 Season 2,FALSE,Maricopa,6000000390,6000002905
height,17064,83.063,MAC Field Scanner Field Plot 308 Season 2,FALSE,Maricopa,6000000390,6000002904
height,17064,75.131,MAC Field Scanner Field Plot 270 Season 2,FALSE,Maricopa,6000000394,6000002866
height,17064,73.809,MAC Field Scanner Field Plot 271 Season 2,FALSE,Maricopa,6000000394,6000002867
height,17064,79.758,MAC Field Scanner Field Plot 298 Season 2,FALSE,Maricopa,6000000398,6000002894
height,17064,77.775,MAC Field Scanner Field Plot 299 Season 2,FALSE,Maricopa,6000000398,6000002895
height,17064,74.47,MAC Field Scanner Field Plot 283 Season 2,FALSE,Maricopa,6000000253,6000002879
height,17064,69.182,MAC Field Scanner Field Plot 282 Season 2,FALSE,Maricopa,6000000253,6000002878
height,17064,68.521,MAC Field Scanner Field Plot 314 Season 2,FALSE,Maricopa,6000000279,6000002910
height,17064,75.792,MAC Field Scanner Field Plot 345 Season 2,FALSE,Maricopa,6000000287,6000002941
height,17064,73.148,MAC Field Scanner Field Plot 344 Season 2,FALSE,Maricopa,6000000287,6000002940
height,17064,77.114,MAC Field Scanner Field Plot 358 Season 2,FALSE,Maricopa,6000000297,6000002954
height,17064,73.809,MAC Field Scanner Field Plot 359 Season 2,FALSE,Maricopa,6000000297,6000002955
height,17064,70.504,MAC Field Scanner Field Plot 326 Season 2,FALSE,Maricopa,6000000301,6000002922
height,17064,70.504,MAC Field Scanner Field Plot 327 Season 2,FALSE,Maricopa,6000000301,6000002923
height,17064,71.165,MAC Field Scanner Field Plot 351 Season 2,FALSE,Maricopa,6000000309,6000002947
height,17064,68.521,MAC Field Scanner Field Plot 350 Season 2,FALSE,Maricopa,6000000309,6000002946
height,17064,68.521,MAC Field Scanner Field Plot 347 Season 2,FALSE,Maricopa,6000000311,6000002943
height,17064,72.487,MAC Field Scanner Field Plot 346 Season 2,FALSE,Maricopa,6000000311,6000002942
height,17064,75.792,MAC Field Scanner Field Plot 319 Season 2,FALSE,Maricopa,6000000395,6000002915
height,17064,71.165,MAC Field Scanner Field Plot 318 Season 2,FALSE,Maricopa,6000000395,6000002914
height,17064,73.148,MAC Field Scanner Field Plot 324 Season 2,FALSE,Maricopa,6000000399,6000002920
height,17064,74.47,MAC Field Scanner Field Plot 325 Season 2,FALSE,Maricopa,6000000399,6000002921
height,17064,79.758,MAC Field Scanner Field Plot 360 Season 2,FALSE,Maricopa,6000000405,6000002956
height,17064,77.114,MAC Field Scanner Field Plot 361 Season 2,FALSE,Maricopa,6000000405,6000002957
height,17064,84.385,MAC Field Scanner Field Plot 364 Season 2,FALSE,Maricopa,6000000407,6000002960
height,17064,83.063,MAC Field Scanner Field Plot 365 Season 2,FALSE,Maricopa,6000000407,6000002961
height,17064,80.419,MAC Field Scanner Field Plot 322 Season 2,FALSE,Maricopa,6000000408,6000002918
height,17064,78.436,MAC Field Scanner Field Plot 323 Season 2,FALSE,Maricopa,6000000408,6000002919
height,17064,81.08,MAC Field Scanner Field Plot 343 Season 2,FALSE,Maricopa,6000000409,6000002939
height,17064,81.741,MAC Field Scanner Field Plot 342 Season 2,FALSE,Maricopa,6000000409,6000002938
height,17064,77.114,MAC Field Scanner Field Plot 328 Season 2,FALSE,Maricopa,6000000269,6000002924
height,17064,75.792,MAC Field Scanner Field Plot 329 Season 2,FALSE,Maricopa,6000000269,6000002925
height,17064,69.843,MAC Field Scanner Field Plot 356 Season 2,FALSE,Maricopa,6000000271,6000002952
height,17064,71.826,MAC Field Scanner Field Plot 357 Season 2,FALSE,Maricopa,6000000271,6000002953
height,17064,63.894,MAC Field Scanner Field Plot 362 Season 2,FALSE,Maricopa,6000000272,6000002958
height,17064,71.165,MAC Field Scanner Field Plot 409 Season 2,FALSE,Maricopa,6000000283,6000003005
height,17064,73.809,MAC Field Scanner Field Plot 408 Season 2,FALSE,Maricopa,6000000283,6000003004
height,17064,62.572,MAC Field Scanner Field Plot 379 Season 2,FALSE,Maricopa,6000000288,6000002975
height,17064,57.284,MAC Field Scanner Field Plot 378 Season 2,FALSE,Maricopa,6000000288,6000002974
height,17064,79.097,MAC Field Scanner Field Plot 418 Season 2,FALSE,Maricopa,6000000298,6000003014
height,17064,72.487,MAC Field Scanner Field Plot 419 Season 2,FALSE,Maricopa,6000000298,6000003015
height,17064,73.148,MAC Field Scanner Field Plot 386 Season 2,FALSE,Maricopa,6000000308,6000002982
height,17064,68.521,MAC Field Scanner Field Plot 387 Season 2,FALSE,Maricopa,6000000308,6000002983
height,17064,65.877,MAC Field Scanner Field Plot 398 Season 2,FALSE,Maricopa,6000000310,6000002994
height,17064,70.504,MAC Field Scanner Field Plot 399 Season 2,FALSE,Maricopa,6000000310,6000002995
height,17064,72.487,MAC Field Scanner Field Plot 383 Season 2,FALSE,Maricopa,6000000312,6000002979
height,17064,67.86,MAC Field Scanner Field Plot 382 Season 2,FALSE,Maricopa,6000000312,6000002978
height,17064,77.775,MAC Field Scanner Field Plot 390 Season 2,FALSE,Maricopa,6000000318,6000002986
height,17064,75.131,MAC Field Scanner Field Plot 391 Season 2,FALSE,Maricopa,6000000318,6000002987
height,17064,65.216,MAC Field Scanner Field Plot 388 Season 2,FALSE,Maricopa,6000000378,6000002984
height,17064,64.555,MAC Field Scanner Field Plot 389 Season 2,FALSE,Maricopa,6000000378,6000002985
height,17064,79.097,MAC Field Scanner Field Plot 392 Season 2,FALSE,Maricopa,6000000388,6000002988
height,17064,81.741,MAC Field Scanner Field Plot 393 Season 2,FALSE,Maricopa,6000000388,6000002989
height,17064,71.165,MAC Field Scanner Field Plot 405 Season 2,FALSE,Maricopa,6000000250,6000003001
height,17064,74.47,MAC Field Scanner Field Plot 404 Season 2,FALSE,Maricopa,6000000250,6000003e3
height,17064,67.86,MAC Field Scanner Field Plot 371 Season 2,FALSE,Maricopa,6000000412,6000002967
height,17064,70.504,MAC Field Scanner Field Plot 370 Season 2,FALSE,Maricopa,6000000412,6000002966
height,17064,75.792,MAC Field Scanner Field Plot 415 Season 2,FALSE,Maricopa,6000000251,6000003011
height,17064,71.826,MAC Field Scanner Field Plot 414 Season 2,FALSE,Maricopa,6000000251,6000003010
height,17064,81.08,MAC Field Scanner Field Plot 411 Season 2,FALSE,Maricopa,6000000254,6000003007
height,17064,81.08,MAC Field Scanner Field Plot 410 Season 2,FALSE,Maricopa,6000000254,6000003006
height,17064,79.097,MAC Field Scanner Field Plot 420 Season 2,FALSE,Maricopa,6000000267,6000003016
height,17064,76.453,MAC Field Scanner Field Plot 421 Season 2,FALSE,Maricopa,6000000267,6000003017
height,17064,75.792,MAC Field Scanner Field Plot 413 Season 2,FALSE,Maricopa,6000000275,6000003009
height,17064,71.826,MAC Field Scanner Field Plot 412 Season 2,FALSE,Maricopa,6000000275,6000003008
height,17064,67.86,MAC Field Scanner Field Plot 454 Season 2,FALSE,Maricopa,6000000288,6000003050
height,17064,63.894,MAC Field Scanner Field Plot 455 Season 2,FALSE,Maricopa,6000000288,6000003051
height,17064,79.758,MAC Field Scanner Field Plot 443 Season 2,FALSE,Maricopa,6000000302,6000003039
height,17064,76.453,MAC Field Scanner Field Plot 442 Season 2,FALSE,Maricopa,6000000302,6000003038
height,17064,75.792,MAC Field Scanner Field Plot 467 Season 2,FALSE,Maricopa,6000000304,6000003063
height,17064,76.453,MAC Field Scanner Field Plot 466 Season 2,FALSE,Maricopa,6000000304,6000003062
height,17064,86.368,MAC Field Scanner Field Plot 469 Season 2,FALSE,Maricopa,6000000306,6000003065
height,17064,81.08,MAC Field Scanner Field Plot 468 Season 2,FALSE,Maricopa,6000000306,6000003064
height,17064,72.487,MAC Field Scanner Field Plot 437 Season 2,FALSE,Maricopa,6000000309,6000003033
height,17064,70.504,MAC Field Scanner Field Plot 436 Season 2,FALSE,Maricopa,6000000309,6000003032
height,17064,83.724,MAC Field Scanner Field Plot 424 Season 2,FALSE,Maricopa,6000000314,6000003020
height,17064,81.741,MAC Field Scanner Field Plot 425 Season 2,FALSE,Maricopa,6000000314,6000003021
height,17064,92.978,MAC Field Scanner Field Plot 458 Season 2,FALSE,Maricopa,6000000389,6000003054
height,17064,90.334,MAC Field Scanner Field Plot 459 Season 2,FALSE,Maricopa,6000000389,6000003055
height,17064,71.165,MAC Field Scanner Field Plot 430 Season 2,FALSE,Maricopa,6000000391,6000003026
height,17064,71.826,MAC Field Scanner Field Plot 431 Season 2,FALSE,Maricopa,6000000391,6000003027
height,17064,77.775,MAC Field Scanner Field Plot 426 Season 2,FALSE,Maricopa,6000000392,6000003022
height,17064,75.792,MAC Field Scanner Field Plot 427 Season 2,FALSE,Maricopa,6000000392,6000003023
height,17064,72.487,MAC Field Scanner Field Plot 441 Season 2,FALSE,Maricopa,6000000403,6000003037
height,17064,72.487,MAC Field Scanner Field Plot 440 Season 2,FALSE,Maricopa,6000000403,6000003036
height,17064,77.114,MAC Field Scanner Field Plot 428 Season 2,FALSE,Maricopa,6000000264,6000003024
height,17064,79.758,MAC Field Scanner Field Plot 429 Season 2,FALSE,Maricopa,6000000264,6000003025
height,17064,69.182,MAC Field Scanner Field Plot 462 Season 2,FALSE,Maricopa,6000000266,6000003058
height,17064,71.165,MAC Field Scanner Field Plot 463 Season 2,FALSE,Maricopa,6000000266,6000003059
height,17064,77.114,MAC Field Scanner Field Plot 447 Season 2,FALSE,Maricopa,6000000276,6000003043
height,17064,66.538,MAC Field Scanner Field Plot 446 Season 2,FALSE,Maricopa,6000000276,6000003042
height,17064,69.843,MAC Field Scanner Field Plot 518 Season 2,FALSE,Maricopa,6000000279,6000003114
height,17064,71.165,MAC Field Scanner Field Plot 519 Season 2,FALSE,Maricopa,6000000279,6000003115
height,17064,76.453,MAC Field Scanner Field Plot 479 Season 2,FALSE,Maricopa,6000000280,6000003075
height,17064,73.809,MAC Field Scanner Field Plot 478 Season 2,FALSE,Maricopa,6000000280,6000003074
height,17064,79.097,MAC Field Scanner Field Plot 507 Season 2,FALSE,Maricopa,6000000281,6000003103
height,17064,79.097,MAC Field Scanner Field Plot 506 Season 2,FALSE,Maricopa,6000000281,6000003102
height,17064,76.453,MAC Field Scanner Field Plot 505 Season 2,FALSE,Maricopa,6000000297,6000003101
height,17064,77.114,MAC Field Scanner Field Plot 504 Season 2,FALSE,Maricopa,6000000297,6000003100
height,17064,77.114,MAC Field Scanner Field Plot 520 Season 2,FALSE,Maricopa,6000000301,6000003116
height,17064,77.775,MAC Field Scanner Field Plot 521 Season 2,FALSE,Maricopa,6000000301,6000003117
height,17064,83.724,MAC Field Scanner Field Plot 488 Season 2,FALSE,Maricopa,6000000307,6000003084
height,17064,81.741,MAC Field Scanner Field Plot 489 Season 2,FALSE,Maricopa,6000000307,6000003085
height,17064,70.504,MAC Field Scanner Field Plot 516 Season 2,FALSE,Maricopa,6000000315,6000003112
height,17064,71.165,MAC Field Scanner Field Plot 517 Season 2,FALSE,Maricopa,6000000315,6000003113
height,17064,69.843,MAC Field Scanner Field Plot 503 Season 2,FALSE,Maricopa,6000000386,6000003099
height,17064,69.843,MAC Field Scanner Field Plot 502 Season 2,FALSE,Maricopa,6000000386,6000003098
height,17064,75.131,MAC Field Scanner Field Plot 486 Season 2,FALSE,Maricopa,6000000391,6000003082
height,17064,76.453,MAC Field Scanner Field Plot 487 Season 2,FALSE,Maricopa,6000000391,6000003083
height,17064,69.182,MAC Field Scanner Field Plot 492 Season 2,FALSE,Maricopa,6000000393,6000003088
height,17064,68.521,MAC Field Scanner Field Plot 493 Season 2,FALSE,Maricopa,6000000393,6000003089
height,17064,75.792,MAC Field Scanner Field Plot 509 Season 2,FALSE,Maricopa,6000000395,6000003105
height,17064,75.792,MAC Field Scanner Field Plot 508 Season 2,FALSE,Maricopa,6000000395,6000003104
height,17064,70.504,MAC Field Scanner Field Plot 494 Season 2,FALSE,Maricopa,6000000412,6000003090
height,17064,71.826,MAC Field Scanner Field Plot 495 Season 2,FALSE,Maricopa,6000000412,6000003091
height,17064,68.521,MAC Field Scanner Field Plot 499 Season 2,FALSE,Maricopa,6000000253,6000003095
height,17064,83.724,MAC Field Scanner Field Plot 575 Season 2,FALSE,Maricopa,6000000287,6000003171
height,17064,75.792,MAC Field Scanner Field Plot 574 Season 2,FALSE,Maricopa,6000000287,6000003170
height,17064,78.436,MAC Field Scanner Field Plot 548 Season 2,FALSE,Maricopa,6000000292,6000003144
height,17064,79.097,MAC Field Scanner Field Plot 549 Season 2,FALSE,Maricopa,6000000292,6000003145
height,17064,69.182,MAC Field Scanner Field Plot 550 Season 2,FALSE,Maricopa,6000000303,6000003146
height,17064,63.233,MAC Field Scanner Field Plot 551 Season 2,FALSE,Maricopa,6000000303,6000003147
height,17064,87.029,MAC Field Scanner Field Plot 571 Season 2,FALSE,Maricopa,6000000241,6000003167
height,17064,85.707,MAC Field Scanner Field Plot 570 Season 2,FALSE,Maricopa,6000000241,6000003166
height,17064,81.08,MAC Field Scanner Field Plot 584 Season 2,FALSE,Maricopa,6000000318,6000003180
height,17064,81.08,MAC Field Scanner Field Plot 585 Season 2,FALSE,Maricopa,6000000318,6000003181
height,17064,80.419,MAC Field Scanner Field Plot 539 Season 2,FALSE,Maricopa,6000000320,6000003135
height,17064,78.436,MAC Field Scanner Field Plot 538 Season 2,FALSE,Maricopa,6000000320,6000003134
height,17064,75.131,MAC Field Scanner Field Plot 562 Season 2,FALSE,Maricopa,6000000376,6000003158
height,17064,71.826,MAC Field Scanner Field Plot 556 Season 2,FALSE,Maricopa,6000000379,6000003152
height,17064,71.165,MAC Field Scanner Field Plot 557 Season 2,FALSE,Maricopa,6000000379,6000003153
height,17064,74.47,MAC Field Scanner Field Plot 558 Season 2,FALSE,Maricopa,6000000248,6000003154
height,17064,79.097,MAC Field Scanner Field Plot 559 Season 2,FALSE,Maricopa,6000000248,6000003155
height,17064,76.453,MAC Field Scanner Field Plot 543 Season 2,FALSE,Maricopa,6000000392,6000003139
height,17064,73.809,MAC Field Scanner Field Plot 542 Season 2,FALSE,Maricopa,6000000392,6000003138
height,17064,60.589,MAC Field Scanner Field Plot 554 Season 2,FALSE,Maricopa,6000000255,6000003150
height,17064,65.877,MAC Field Scanner Field Plot 555 Season 2,FALSE,Maricopa,6000000255,6000003151
height,17064,75.131,MAC Field Scanner Field Plot 578 Season 2,FALSE,Maricopa,6000000271,6000003174
height,17064,71.826,MAC Field Scanner Field Plot 579 Season 2,FALSE,Maricopa,6000000271,6000003175
height,17064,74.47,MAC Field Scanner Field Plot 565 Season 2,FALSE,Maricopa,6000000275,6000003161
height,17064,74.47,MAC Field Scanner Field Plot 564 Season 2,FALSE,Maricopa,6000000275,6000003160
height,17064,73.148,MAC Field Scanner Field Plot 589 Season 2,FALSE,Maricopa,6000000277,6000003185
height,17064,76.453,MAC Field Scanner Field Plot 601 Season 2,FALSE,Maricopa,6000000283,6000003197
height,17064,76.453,MAC Field Scanner Field Plot 600 Season 2,FALSE,Maricopa,6000000283,6000003196
height,17064,71.165,MAC Field Scanner Field Plot 642 Season 2,FALSE,Maricopa,6000000285,6000003238
height,17064,59.267,MAC Field Scanner Field Plot 643 Season 2,FALSE,Maricopa,6000000285,6000003239
height,17064,79.758,MAC Field Scanner Field Plot 614 Season 2,FALSE,Maricopa,6000000289,6000003210
height,17064,77.114,MAC Field Scanner Field Plot 615 Season 2,FALSE,Maricopa,6000000289,6000003211
height,17064,71.165,MAC Field Scanner Field Plot 637 Season 2,FALSE,Maricopa,6000000291,6000003233
height,17064,71.826,MAC Field Scanner Field Plot 636 Season 2,FALSE,Maricopa,6000000291,6000003232
height,17064,70.504,MAC Field Scanner Field Plot 627 Season 2,FALSE,Maricopa,6000000300,6000003223
height,17064,69.843,MAC Field Scanner Field Plot 626 Season 2,FALSE,Maricopa,6000000300,6000003222
height,17064,69.182,MAC Field Scanner Field Plot 605 Season 2,FALSE,Maricopa,6000000316,6000003201
height,17064,69.843,MAC Field Scanner Field Plot 604 Season 2,FALSE,Maricopa,6000000316,6000003200
height,17064,79.758,MAC Field Scanner Field Plot 629 Season 2,FALSE,Maricopa,6000000319,6000003225
height,17064,79.758,MAC Field Scanner Field Plot 628 Season 2,FALSE,Maricopa,6000000319,6000003224
height,17064,75.131,MAC Field Scanner Field Plot 595 Season 2,FALSE,Maricopa,6000000331,6000003191
height,17064,73.809,MAC Field Scanner Field Plot 594 Season 2,FALSE,Maricopa,6000000331,6000003190
height,17064,77.775,MAC Field Scanner Field Plot 607 Season 2,FALSE,Maricopa,6000000377,6000003203
height,17064,77.114,MAC Field Scanner Field Plot 606 Season 2,FALSE,Maricopa,6000000377,6000003202
height,17064,81.08,MAC Field Scanner Field Plot 631 Season 2,FALSE,Maricopa,6000000381,6000003227
height,17064,82.402,MAC Field Scanner Field Plot 630 Season 2,FALSE,Maricopa,6000000381,6000003226
height,17064,80.419,MAC Field Scanner Field Plot 633 Season 2,FALSE,Maricopa,6000000388,6000003229
height,17064,78.436,MAC Field Scanner Field Plot 632 Season 2,FALSE,Maricopa,6000000388,6000003228
height,17064,79.097,MAC Field Scanner Field Plot 597 Season 2,FALSE,Maricopa,6000000396,6000003193
height,17064,73.809,MAC Field Scanner Field Plot 596 Season 2,FALSE,Maricopa,6000000396,6000003192
height,17064,73.148,MAC Field Scanner Field Plot 620 Season 2,FALSE,Maricopa,6000000400,6000003216
height,17064,71.826,MAC Field Scanner Field Plot 621 Season 2,FALSE,Maricopa,6000000400,6000003217
height,17064,81.08,MAC Field Scanner Field Plot 635 Season 2,FALSE,Maricopa,6000000258,6000003231
height,17064,80.419,MAC Field Scanner Field Plot 634 Season 2,FALSE,Maricopa,6000000258,6000003230
height,17064,77.114,MAC Field Scanner Field Plot 622 Season 2,FALSE,Maricopa,6000000409,6000003218
height,17064,75.792,MAC Field Scanner Field Plot 654 Season 2,FALSE,Maricopa,6000000282,6000003250
height,17064,75.792,MAC Field Scanner Field Plot 655 Season 2,FALSE,Maricopa,6000000282,6000003251
height,17064,77.114,MAC Field Scanner Field Plot 678 Season 2,FALSE,Maricopa,6000000305,6000003274
height,17064,73.148,MAC Field Scanner Field Plot 679 Season 2,FALSE,Maricopa,6000000305,6000003275
height,17064,70.504,MAC Field Scanner Field Plot 682 Season 2,FALSE,Maricopa,6000000308,6000003278
height,17064,69.182,MAC Field Scanner Field Plot 683 Season 2,FALSE,Maricopa,6000000308,6000003279
height,17064,74.47,MAC Field Scanner Field Plot 674 Season 2,FALSE,Maricopa,6000000311,6000003270
height,17064,61.911,MAC Field Scanner Field Plot 675 Season 2,FALSE,Maricopa,6000000311,6000003271
height,17064,81.741,MAC Field Scanner Field Plot 686 Season 2,FALSE,Maricopa,6000000313,6000003282
height,17064,79.758,MAC Field Scanner Field Plot 687 Season 2,FALSE,Maricopa,6000000313,6000003283
height,17064,81.08,MAC Field Scanner Field Plot 695 Season 2,FALSE,Maricopa,6000000314,6000003291
height,17064,81.08,MAC Field Scanner Field Plot 694 Season 2,FALSE,Maricopa,6000000314,6000003290
height,17064,64.555,MAC Field Scanner Field Plot 665 Season 2,FALSE,Maricopa,6000000378,6000003261
height,17064,64.555,MAC Field Scanner Field Plot 664 Season 2,FALSE,Maricopa,6000000378,6000003260
height,17064,69.843,MAC Field Scanner Field Plot 667 Season 2,FALSE,Maricopa,6000000380,6000003263
height,17064,68.521,MAC Field Scanner Field Plot 666 Season 2,FALSE,Maricopa,6000000380,6000003262
height,17064,75.131,MAC Field Scanner Field Plot 693 Season 2,FALSE,Maricopa,6000000382,6000003289
height,17064,76.453,MAC Field Scanner Field Plot 692 Season 2,FALSE,Maricopa,6000000382,6000003288
height,17064,83.063,MAC Field Scanner Field Plot 644 Season 2,FALSE,Maricopa,6000000390,6000003240
height,17064,78.436,MAC Field Scanner Field Plot 645 Season 2,FALSE,Maricopa,6000000390,6000003241
height,17064,72.487,MAC Field Scanner Field Plot 659 Season 2,FALSE,Maricopa,6000000250,6000003255
height,17064,73.148,MAC Field Scanner Field Plot 658 Season 2,FALSE,Maricopa,6000000250,6000003254
height,17064,69.843,MAC Field Scanner Field Plot 661 Season 2,FALSE,Maricopa,6000000252,6000003257
height,17064,70.504,MAC Field Scanner Field Plot 660 Season 2,FALSE,Maricopa,6000000252,6000003256
height,17064,79.758,MAC Field Scanner Field Plot 663 Season 2,FALSE,Maricopa,6000000263,6000003259
height,17064,76.453,MAC Field Scanner Field Plot 662 Season 2,FALSE,Maricopa,6000000263,6000003258
height,17064,74.47,MAC Field Scanner Field Plot 652 Season 2,FALSE,Maricopa,6000000264,6000003248
height,17064,77.114,MAC Field Scanner Field Plot 653 Season 2,FALSE,Maricopa,6000000264,6000003249
height,17064,81.741,MAC Field Scanner Field Plot 699 Season 2,FALSE,Maricopa,6000000408,6000003295
height,17064,72.487,MAC Field Scanner Field Plot 702 Season 2,FALSE,Maricopa,6000000278,6000003298
height,17064,74.47,MAC Field Scanner Field Plot 712 Season 2,FALSE,Maricopa,6000000293,6000003308
height,17064,72.487,MAC Field Scanner Field Plot 713 Season 2,FALSE,Maricopa,6000000293,6000003309
height,17064,63.894,MAC Field Scanner Field Plot 742 Season 2,FALSE,Maricopa,6000000295,6000003338
height,17064,66.538,MAC Field Scanner Field Plot 743 Season 2,FALSE,Maricopa,6000000295,6000003339
height,17064,67.86,MAC Field Scanner Field Plot 710 Season 2,FALSE,Maricopa,6000000298,6000003306
height,17064,69.182,MAC Field Scanner Field Plot 711 Season 2,FALSE,Maricopa,6000000298,6000003307
height,17064,71.826,MAC Field Scanner Field Plot 725 Season 2,FALSE,Maricopa,6000000299,6000003321
height,17064,69.182,MAC Field Scanner Field Plot 724 Season 2,FALSE,Maricopa,6000000299,6000003320
height,17064,66.538,MAC Field Scanner Field Plot 718 Season 2,FALSE,Maricopa,6000000312,6000003314
height,17064,61.25,MAC Field Scanner Field Plot 719 Season 2,FALSE,Maricopa,6000000312,6000003315
height,17064,71.165,MAC Field Scanner Field Plot 703 Season 2,FALSE,Maricopa,6000000278,6000003299
height,17064,77.114,MAC Field Scanner Field Plot 714 Season 2,FALSE,Maricopa,6000000385,6000003310
height,17064,77.775,MAC Field Scanner Field Plot 715 Season 2,FALSE,Maricopa,6000000385,6000003311
height,17064,71.165,MAC Field Scanner Field Plot 701 Season 2,FALSE,Maricopa,6000000387,6000003297
height,17064,72.487,MAC Field Scanner Field Plot 700 Season 2,FALSE,Maricopa,6000000387,6000003296
height,17064,78.436,MAC Field Scanner Field Plot 735 Season 2,FALSE,Maricopa,6000000249,6000003331
height,17064,75.792,MAC Field Scanner Field Plot 734 Season 2,FALSE,Maricopa,6000000249,6000003330
height,17064,79.758,MAC Field Scanner Field Plot 740 Season 2,FALSE,Maricopa,6000000394,6000003336
height,17064,75.131,MAC Field Scanner Field Plot 741 Season 2,FALSE,Maricopa,6000000394,6000003337
height,17064,73.809,MAC Field Scanner Field Plot 729 Season 2,FALSE,Maricopa,6000000399,6000003325
height,17064,73.148,MAC Field Scanner Field Plot 728 Season 2,FALSE,Maricopa,6000000399,6000003324
height,17064,75.131,MAC Field Scanner Field Plot 727 Season 2,FALSE,Maricopa,6000000251,6000003323
height,17064,73.809,MAC Field Scanner Field Plot 726 Season 2,FALSE,Maricopa,6000000251,6000003322
height,17064,79.097,MAC Field Scanner Field Plot 755 Season 2,FALSE,Maricopa,6000000254,6000003351
height,17064,70.504,MAC Field Scanner Field Plot 795 Season 2,FALSE,Maricopa,6000000286,6000003391
height,17064,72.487,MAC Field Scanner Field Plot 794 Season 2,FALSE,Maricopa,6000000286,6000003390
height,17064,77.114,MAC Field Scanner Field Plot 765 Season 2,FALSE,Maricopa,6000000290,6000003361
height,17064,76.453,MAC Field Scanner Field Plot 764 Season 2,FALSE,Maricopa,6000000290,6000003360
height,17064,76.453,MAC Field Scanner Field Plot 802 Season 2,FALSE,Maricopa,6000000294,6000003398
height,17064,73.809,MAC Field Scanner Field Plot 803 Season 2,FALSE,Maricopa,6000000294,6000003399
height,17064,72.487,MAC Field Scanner Field Plot 787 Season 2,FALSE,Maricopa,6000000317,6000003383
height,17064,68.521,MAC Field Scanner Field Plot 786 Season 2,FALSE,Maricopa,6000000317,6000003382
height,17064,74.47,MAC Field Scanner Field Plot 791 Season 2,FALSE,Maricopa,6000000383,6000003387
height,17064,72.487,MAC Field Scanner Field Plot 790 Season 2,FALSE,Maricopa,6000000383,6000003386
height,17064,75.792,MAC Field Scanner Field Plot 799 Season 2,FALSE,Maricopa,6000000384,6000003395
height,17064,75.131,MAC Field Scanner Field Plot 798 Season 2,FALSE,Maricopa,6000000384,6000003394
height,17064,77.775,MAC Field Scanner Field Plot 804 Season 2,FALSE,Maricopa,6000000397,6000003400
height,17064,80.419,MAC Field Scanner Field Plot 805 Season 2,FALSE,Maricopa,6000000397,6000003401
height,17064,79.097,MAC Field Scanner Field Plot 759 Season 2,FALSE,Maricopa,6000000398,6000003355
height,17064,78.436,MAC Field Scanner Field Plot 758 Season 2,FALSE,Maricopa,6000000398,6000003354
height,17064,72.487,MAC Field Scanner Field Plot 797 Season 2,FALSE,Maricopa,6000000401,6000003393
height,17064,71.826,MAC Field Scanner Field Plot 796 Season 2,FALSE,Maricopa,6000000401,6000003392
height,17064,69.843,MAC Field Scanner Field Plot 757 Season 2,FALSE,Maricopa,6000000402,6000003353
height,17064,69.182,MAC Field Scanner Field Plot 756 Season 2,FALSE,Maricopa,6000000402,6000003352
height,17064,78.436,MAC Field Scanner Field Plot 806 Season 2,FALSE,Maricopa,6000000405,6000003402
height,17064,79.758,MAC Field Scanner Field Plot 807 Season 2,FALSE,Maricopa,6000000405,6000003403
height,17064,73.148,MAC Field Scanner Field Plot 770 Season 2,FALSE,Maricopa,6000000260,6000003366
height,17064,71.826,MAC Field Scanner Field Plot 771 Season 2,FALSE,Maricopa,6000000260,6000003367
height,17064,73.809,MAC Field Scanner Field Plot 761 Season 2,FALSE,Maricopa,6000000406,6000003357
height,17064,69.182,MAC Field Scanner Field Plot 827 Season 2,FALSE,Maricopa,6000000284,6000003423
height,17064,65.877,MAC Field Scanner Field Plot 826 Season 2,FALSE,Maricopa,6000000284,6000003422
height,17064,71.826,MAC Field Scanner Field Plot 812 Season 2,FALSE,Maricopa,6000000296,6000003408
height,17064,69.182,MAC Field Scanner Field Plot 813 Season 2,FALSE,Maricopa,6000000296,6000003409
height,17064,64.555,MAC Field Scanner Field Plot 810 Season 2,FALSE,Maricopa,6000000325,6000003406
height,17064,57.284,MAC Field Scanner Field Plot 811 Season 2,FALSE,Maricopa,6000000325,6000003407
height,17064,58.606,MAC Field Scanner Field Plot 814 Season 2,FALSE,Maricopa,6000000330,6000003410
height,17064,68.521,MAC Field Scanner Field Plot 815 Season 2,FALSE,Maricopa,6000000330,6000003411
height,17064,73.809,MAC Field Scanner Field Plot 825 Season 2,FALSE,Maricopa,6000000354,6000003421
height,17064,77.775,MAC Field Scanner Field Plot 824 Season 2,FALSE,Maricopa,6000000354,6000003420
height,17064,83.063,MAC Field Scanner Field Plot 823 Season 2,FALSE,Maricopa,6000000365,6000003419
height,17064,82.402,MAC Field Scanner Field Plot 822 Season 2,FALSE,Maricopa,6000000365,6000003418
height,17064,75.792,MAC Field Scanner Field Plot 831 Season 2,FALSE,Maricopa,6000000259,6000003427
height,17064,76.453,MAC Field Scanner Field Plot 830 Season 2,FALSE,Maricopa,6000000259,6000003426
height,17064,70.504,MAC Field Scanner Field Plot 821 Season 2,FALSE,Maricopa,6000000262,6000003417
height,17066,80.419,MAC Field Scanner Field Plot 678 Season 2,FALSE,Maricopa,6000000305,6000003274
height,17066,63.233,MAC Field Scanner Field Plot 665 Season 2,FALSE,Maricopa,6000000378,6000003261
height,17066,64.555,MAC Field Scanner Field Plot 664 Season 2,FALSE,Maricopa,6000000378,6000003260
height,17066,72.487,MAC Field Scanner Field Plot 667 Season 2,FALSE,Maricopa,6000000380,6000003263
height,17066,70.504,MAC Field Scanner Field Plot 666 Season 2,FALSE,Maricopa,6000000380,6000003262
height,17066,73.809,MAC Field Scanner Field Plot 659 Season 2,FALSE,Maricopa,6000000250,6000003255
height,17066,73.148,MAC Field Scanner Field Plot 658 Season 2,FALSE,Maricopa,6000000250,6000003254
height,17066,73.148,MAC Field Scanner Field Plot 661 Season 2,FALSE,Maricopa,6000000252,6000003257
height,17066,73.148,MAC Field Scanner Field Plot 660 Season 2,FALSE,Maricopa,6000000252,6000003256
height,17066,74.47,MAC Field Scanner Field Plot 702 Season 2,FALSE,Maricopa,6000000278,6000003298
height,17066,77.114,MAC Field Scanner Field Plot 712 Season 2,FALSE,Maricopa,6000000293,6000003308
height,17066,73.809,MAC Field Scanner Field Plot 713 Season 2,FALSE,Maricopa,6000000293,6000003309
height,17066,69.182,MAC Field Scanner Field Plot 710 Season 2,FALSE,Maricopa,6000000298,6000003306
height,17066,71.826,MAC Field Scanner Field Plot 711 Season 2,FALSE,Maricopa,6000000298,6000003307
height,17066,72.487,MAC Field Scanner Field Plot 725 Season 2,FALSE,Maricopa,6000000299,6000003321
height,17066,69.843,MAC Field Scanner Field Plot 724 Season 2,FALSE,Maricopa,6000000299,6000003320
height,17066,72.487,MAC Field Scanner Field Plot 682 Season 2,FALSE,Maricopa,6000000308,6000003278
height,17066,71.165,MAC Field Scanner Field Plot 683 Season 2,FALSE,Maricopa,6000000308,6000003279
height,17066,69.182,MAC Field Scanner Field Plot 718 Season 2,FALSE,Maricopa,6000000312,6000003314
height,17066,61.25,MAC Field Scanner Field Plot 719 Season 2,FALSE,Maricopa,6000000312,6000003315
height,17066,83.063,MAC Field Scanner Field Plot 686 Season 2,FALSE,Maricopa,6000000313,6000003282
height,17066,82.402,MAC Field Scanner Field Plot 687 Season 2,FALSE,Maricopa,6000000313,6000003283
height,17066,82.402,MAC Field Scanner Field Plot 695 Season 2,FALSE,Maricopa,6000000314,6000003291
height,17066,83.063,MAC Field Scanner Field Plot 694 Season 2,FALSE,Maricopa,6000000314,6000003290
height,17066,77.114,MAC Field Scanner Field Plot 703 Season 2,FALSE,Maricopa,6000000278,6000003299
height,17066,76.453,MAC Field Scanner Field Plot 693 Season 2,FALSE,Maricopa,6000000382,6000003289
height,17066,77.114,MAC Field Scanner Field Plot 692 Season 2,FALSE,Maricopa,6000000382,6000003288
height,17066,78.436,MAC Field Scanner Field Plot 714 Season 2,FALSE,Maricopa,6000000385,6000003310
height,17066,79.097,MAC Field Scanner Field Plot 715 Season 2,FALSE,Maricopa,6000000385,6000003311
height,17066,74.47,MAC Field Scanner Field Plot 701 Season 2,FALSE,Maricopa,6000000387,6000003297
height,17066,75.131,MAC Field Scanner Field Plot 700 Season 2,FALSE,Maricopa,6000000387,6000003296
height,17066,81.741,MAC Field Scanner Field Plot 735 Season 2,FALSE,Maricopa,6000000249,6000003331
height,17066,77.775,MAC Field Scanner Field Plot 734 Season 2,FALSE,Maricopa,6000000249,6000003330
height,17066,77.775,MAC Field Scanner Field Plot 729 Season 2,FALSE,Maricopa,6000000399,6000003325
height,17066,76.453,MAC Field Scanner Field Plot 728 Season 2,FALSE,Maricopa,6000000399,6000003324
height,17066,77.775,MAC Field Scanner Field Plot 727 Season 2,FALSE,Maricopa,6000000251,6000003323
height,17066,81.08,MAC Field Scanner Field Plot 765 Season 2,FALSE,Maricopa,6000000290,6000003361
height,17066,79.758,MAC Field Scanner Field Plot 764 Season 2,FALSE,Maricopa,6000000290,6000003360
height,17066,65.877,MAC Field Scanner Field Plot 742 Season 2,FALSE,Maricopa,6000000295,6000003338
height,17066,69.182,MAC Field Scanner Field Plot 743 Season 2,FALSE,Maricopa,6000000295,6000003339
height,17066,72.487,MAC Field Scanner Field Plot 787 Season 2,FALSE,Maricopa,6000000317,6000003383
height,17066,68.521,MAC Field Scanner Field Plot 786 Season 2,FALSE,Maricopa,6000000317,6000003382
height,17066,77.775,MAC Field Scanner Field Plot 791 Season 2,FALSE,Maricopa,6000000383,6000003387
height,17066,74.47,MAC Field Scanner Field Plot 790 Season 2,FALSE,Maricopa,6000000383,6000003386
height,17066,79.758,MAC Field Scanner Field Plot 740 Season 2,FALSE,Maricopa,6000000394,6000003336
height,17066,77.114,MAC Field Scanner Field Plot 741 Season 2,FALSE,Maricopa,6000000394,6000003337
height,17066,81.741,MAC Field Scanner Field Plot 759 Season 2,FALSE,Maricopa,6000000398,6000003355
height,17066,80.419,MAC Field Scanner Field Plot 758 Season 2,FALSE,Maricopa,6000000398,6000003354
height,17066,70.504,MAC Field Scanner Field Plot 757 Season 2,FALSE,Maricopa,6000000402,6000003353
height,17066,69.182,MAC Field Scanner Field Plot 756 Season 2,FALSE,Maricopa,6000000402,6000003352
height,17066,81.08,MAC Field Scanner Field Plot 755 Season 2,FALSE,Maricopa,6000000254,6000003351
height,17066,79.097,MAC Field Scanner Field Plot 754 Season 2,FALSE,Maricopa,6000000254,6000003350
height,17066,77.114,MAC Field Scanner Field Plot 770 Season 2,FALSE,Maricopa,6000000260,6000003366
height,17066,75.131,MAC Field Scanner Field Plot 771 Season 2,FALSE,Maricopa,6000000260,6000003367
height,17066,75.131,MAC Field Scanner Field Plot 748 Season 2,FALSE,Maricopa,6000000261,6000003344
height,17066,73.809,MAC Field Scanner Field Plot 749 Season 2,FALSE,Maricopa,6000000261,6000003345
height,17066,73.809,MAC Field Scanner Field Plot 761 Season 2,FALSE,Maricopa,6000000406,6000003357
height,17066,75.792,MAC Field Scanner Field Plot 760 Season 2,FALSE,Maricopa,6000000406,6000003356
height,17066,80.419,MAC Field Scanner Field Plot 767 Season 2,FALSE,Maricopa,6000000273,6000003363
height,17066,79.097,MAC Field Scanner Field Plot 766 Season 2,FALSE,Maricopa,6000000273,6000003362
height,17066,69.182,MAC Field Scanner Field Plot 827 Season 2,FALSE,Maricopa,6000000284,6000003423
height,17066,66.538,MAC Field Scanner Field Plot 826 Season 2,FALSE,Maricopa,6000000284,6000003422
height,17066,71.165,MAC Field Scanner Field Plot 795 Season 2,FALSE,Maricopa,6000000286,6000003391
height,17066,72.487,MAC Field Scanner Field Plot 794 Season 2,FALSE,Maricopa,6000000286,6000003390
height,17066,82.402,MAC Field Scanner Field Plot 802 Season 2,FALSE,Maricopa,6000000294,6000003398
height,17066,76.453,MAC Field Scanner Field Plot 803 Season 2,FALSE,Maricopa,6000000294,6000003399
height,17066,71.826,MAC Field Scanner Field Plot 812 Season 2,FALSE,Maricopa,6000000296,6000003408
height,17066,69.182,MAC Field Scanner Field Plot 813 Season 2,FALSE,Maricopa,6000000296,6000003409
height,17066,70.504,MAC Field Scanner Field Plot 829 Season 2,FALSE,Maricopa,6000000310,6000003425
height,17066,70.504,MAC Field Scanner Field Plot 828 Season 2,FALSE,Maricopa,6000000310,6000003424
height,17066,76.453,MAC Field Scanner Field Plot 793 Season 2,FALSE,Maricopa,6000000323,6000003389
height,17066,75.792,MAC Field Scanner Field Plot 792 Season 2,FALSE,Maricopa,6000000323,6000003388
height,17066,65.877,MAC Field Scanner Field Plot 810 Season 2,FALSE,Maricopa,6000000325,6000003406
height,17066,57.945,MAC Field Scanner Field Plot 811 Season 2,FALSE,Maricopa,6000000325,6000003407
height,17066,61.25,MAC Field Scanner Field Plot 814 Season 2,FALSE,Maricopa,6000000330,6000003410
height,17066,71.165,MAC Field Scanner Field Plot 815 Season 2,FALSE,Maricopa,6000000330,6000003411
height,17066,75.131,MAC Field Scanner Field Plot 825 Season 2,FALSE,Maricopa,6000000354,6000003421
height,17066,78.436,MAC Field Scanner Field Plot 824 Season 2,FALSE,Maricopa,6000000354,6000003420
height,17066,85.707,MAC Field Scanner Field Plot 823 Season 2,FALSE,Maricopa,6000000365,6000003419
height,17066,79.758,MAC Field Scanner Field Plot 799 Season 2,FALSE,Maricopa,6000000384,6000003395
height,17066,76.453,MAC Field Scanner Field Plot 798 Season 2,FALSE,Maricopa,6000000384,6000003394
height,17066,79.758,MAC Field Scanner Field Plot 804 Season 2,FALSE,Maricopa,6000000397,6000003400
height,17066,81.741,MAC Field Scanner Field Plot 805 Season 2,FALSE,Maricopa,6000000397,6000003401
height,17066,73.809,MAC Field Scanner Field Plot 797 Season 2,FALSE,Maricopa,6000000401,6000003393
height,17066,72.487,MAC Field Scanner Field Plot 796 Season 2,FALSE,Maricopa,6000000401,6000003392
height,17066,79.097,MAC Field Scanner Field Plot 831 Season 2,FALSE,Maricopa,6000000259,6000003427
height,17066,78.436,MAC Field Scanner Field Plot 830 Season 2,FALSE,Maricopa,6000000259,6000003426
height,17066,81.741,MAC Field Scanner Field Plot 806 Season 2,FALSE,Maricopa,6000000405,6000003402
height,17067,72.487,MAC Field Scanner Field Plot 44 Season 2,FALSE,Maricopa,6000000293,6000002640
height,17067,73.148,MAC Field Scanner Field Plot 45 Season 2,FALSE,Maricopa,6000000293,6000002641
height,17067,79.097,MAC Field Scanner Field Plot 55 Season 2,FALSE,Maricopa,6000000294,6000002651
height,17067,81.08,MAC Field Scanner Field Plot 54 Season 2,FALSE,Maricopa,6000000294,6000002650
height,17067,89.673,MAC Field Scanner Field Plot 63 Season 2,FALSE,Maricopa,6000000241,6000002659
height,17067,85.046,MAC Field Scanner Field Plot 62 Season 2,FALSE,Maricopa,6000000241,6000002658
height,17067,71.826,MAC Field Scanner Field Plot 35 Season 2,FALSE,Maricopa,6000000278,6000002631
height,17067,89.673,MAC Field Scanner Field Plot 29 Season 2,FALSE,Maricopa,6000000415,6000002625
height,17067,94.961,MAC Field Scanner Field Plot 28 Season 2,FALSE,Maricopa,6000000415,6000002624
height,17067,74.47,MAC Field Scanner Field Plot 57 Season 2,FALSE,Maricopa,6000000333,6000002653
height,17067,76.453,MAC Field Scanner Field Plot 56 Season 2,FALSE,Maricopa,6000000333,6000002652
height,17067,70.504,MAC Field Scanner Field Plot 51 Season 2,FALSE,Maricopa,6000000334,6000002647
height,17067,71.826,MAC Field Scanner Field Plot 50 Season 2,FALSE,Maricopa,6000000334,6000002646
height,17067,76.453,MAC Field Scanner Field Plot 59 Season 2,FALSE,Maricopa,6000000349,6000002655
height,17067,78.436,MAC Field Scanner Field Plot 58 Season 2,FALSE,Maricopa,6000000349,6000002654
height,17067,72.487,MAC Field Scanner Field Plot 40 Season 2,FALSE,Maricopa,6000000356,6000002636
height,17067,73.148,MAC Field Scanner Field Plot 41 Season 2,FALSE,Maricopa,6000000356,6000002637
height,17067,75.131,MAC Field Scanner Field Plot 42 Season 2,FALSE,Maricopa,6000000384,6000002638
height,17067,78.436,MAC Field Scanner Field Plot 43 Season 2,FALSE,Maricopa,6000000384,6000002639
height,17067,73.809,MAC Field Scanner Field Plot 53 Season 2,FALSE,Maricopa,6000000401,6000002649
height,17067,73.148,MAC Field Scanner Field Plot 52 Season 2,FALSE,Maricopa,6000000401,6000002648
height,17067,84.385,MAC Field Scanner Field Plot 66 Season 2,FALSE,Maricopa,6000000255,6000002662
height,17067,67.86,MAC Field Scanner Field Plot 67 Season 2,FALSE,Maricopa,6000000255,6000002663
height,17067,80.419,MAC Field Scanner Field Plot 46 Season 2,FALSE,Maricopa,6000000258,6000002642
height,17067,80.419,MAC Field Scanner Field Plot 47 Season 2,FALSE,Maricopa,6000000258,6000002643
height,17067,75.792,MAC Field Scanner Field Plot 61 Season 2,FALSE,Maricopa,6000000274,6000002657
height,17067,81.08,MAC Field Scanner Field Plot 60 Season 2,FALSE,Maricopa,6000000274,6000002656
height,17067,81.08,MAC Field Scanner Field Plot 78 Season 2,FALSE,Maricopa,6000000282,6000002674
height,17067,79.758,MAC Field Scanner Field Plot 79 Season 2,FALSE,Maricopa,6000000282,6000002675
height,17067,82.402,MAC Field Scanner Field Plot 121 Season 2,FALSE,Maricopa,6000000289,6000002717
height,17067,80.419,MAC Field Scanner Field Plot 120 Season 2,FALSE,Maricopa,6000000289,6000002716
height,17067,68.521,MAC Field Scanner Field Plot 72 Season 2,FALSE,Maricopa,6000000291,6000002668
height,17067,71.826,MAC Field Scanner Field Plot 73 Season 2,FALSE,Maricopa,6000000291,6000002669
height,17067,80.419,MAC Field Scanner Field Plot 98 Season 2,FALSE,Maricopa,6000000295,6000002694
height,17067,65.877,MAC Field Scanner Field Plot 99 Season 2,FALSE,Maricopa,6000000295,6000002695
height,17067,76.453,MAC Field Scanner Field Plot 70 Season 2,FALSE,Maricopa,6000000296,6000002666
height,17067,78.436,MAC Field Scanner Field Plot 71 Season 2,FALSE,Maricopa,6000000296,6000002667
height,17067,87.029,MAC Field Scanner Field Plot 87 Season 2,FALSE,Maricopa,6000000313,6000002683
height,17067,84.385,MAC Field Scanner Field Plot 86 Season 2,FALSE,Maricopa,6000000313,6000002682
height,17067,74.47,MAC Field Scanner Field Plot 108 Season 2,FALSE,Maricopa,6000000315,6000002704
height,17067,69.182,MAC Field Scanner Field Plot 109 Season 2,FALSE,Maricopa,6000000315,6000002705
height,17067,82.402,MAC Field Scanner Field Plot 119 Season 2,FALSE,Maricopa,6000000319,6000002715
height,17067,85.046,MAC Field Scanner Field Plot 118 Season 2,FALSE,Maricopa,6000000319,6000002714
height,17067,77.775,MAC Field Scanner Field Plot 123 Season 2,FALSE,Maricopa,6000000389,6000002719
height,17067,77.114,MAC Field Scanner Field Plot 122 Season 2,FALSE,Maricopa,6000000389,6000002718
height,17067,81.08,MAC Field Scanner Field Plot 106 Season 2,FALSE,Maricopa,6000000397,6000002702
height,17067,85.046,MAC Field Scanner Field Plot 107 Season 2,FALSE,Maricopa,6000000397,6000002703
height,17067,74.47,MAC Field Scanner Field Plot 83 Season 2,FALSE,Maricopa,6000000400,6000002679
height,17067,75.131,MAC Field Scanner Field Plot 82 Season 2,FALSE,Maricopa,6000000400,6000002678
height,17067,61.911,MAC Field Scanner Field Plot 74 Season 2,FALSE,Maricopa,6000000256,6000002670
height,17067,62.572,MAC Field Scanner Field Plot 75 Season 2,FALSE,Maricopa,6000000256,6000002671
height,17067,79.758,MAC Field Scanner Field Plot 76 Season 2,FALSE,Maricopa,6000000260,6000002672
height,17067,80.419,MAC Field Scanner Field Plot 77 Season 2,FALSE,Maricopa,6000000260,6000002673
height,17067,75.131,MAC Field Scanner Field Plot 102 Season 2,FALSE,Maricopa,6000000406,6000002698
height,17067,76.453,MAC Field Scanner Field Plot 103 Season 2,FALSE,Maricopa,6000000406,6000002699
height,17067,73.148,MAC Field Scanner Field Plot 100 Season 2,FALSE,Maricopa,6000000265,6000002696
height,17067,74.47,MAC Field Scanner Field Plot 101 Season 2,FALSE,Maricopa,6000000265,6000002697
height,17067,50.674,MAC Field Scanner Field Plot 110 Season 2,FALSE,Maricopa,6000000276,6000002706
height,17067,63.233,MAC Field Scanner Field Plot 172 Season 2,FALSE,Maricopa,6000000285,6000002768
height,17067,59.267,MAC Field Scanner Field Plot 173 Season 2,FALSE,Maricopa,6000000285,6000002769
height,17067,74.47,MAC Field Scanner Field Plot 166 Season 2,FALSE,Maricopa,6000000286,6000002762
height,17067,75.131,MAC Field Scanner Field Plot 167 Season 2,FALSE,Maricopa,6000000286,6000002763
height,17067,81.741,MAC Field Scanner Field Plot 164 Season 2,FALSE,Maricopa,6000000302,6000002760
height,17067,80.419,MAC Field Scanner Field Plot 165 Season 2,FALSE,Maricopa,6000000302,6000002761
height,17067,77.775,MAC Field Scanner Field Plot 140 Season 2,FALSE,Maricopa,6000000377,6000002736
height,17067,77.114,MAC Field Scanner Field Plot 141 Season 2,FALSE,Maricopa,6000000377,6000002737
height,17067,77.775,MAC Field Scanner Field Plot 181 Season 2,FALSE,Maricopa,6000000385,6000002777
height,17067,78.436,MAC Field Scanner Field Plot 180 Season 2,FALSE,Maricopa,6000000385,6000002776
height,17067,79.097,MAC Field Scanner Field Plot 127 Season 2,FALSE,Maricopa,6000000393,6000002723
height,17067,69.843,MAC Field Scanner Field Plot 126 Season 2,FALSE,Maricopa,6000000393,6000002722
height,17067,79.097,MAC Field Scanner Field Plot 149 Season 2,FALSE,Maricopa,6000000396,6000002745
height,17067,77.775,MAC Field Scanner Field Plot 148 Season 2,FALSE,Maricopa,6000000396,6000002744
height,17067,84.385,MAC Field Scanner Field Plot 162 Season 2,FALSE,Maricopa,6000000402,6000002758
height,17067,69.182,MAC Field Scanner Field Plot 163 Season 2,FALSE,Maricopa,6000000402,6000002759
height,17067,71.165,MAC Field Scanner Field Plot 151 Season 2,FALSE,Maricopa,6000000403,6000002747
height,17067,70.504,MAC Field Scanner Field Plot 150 Season 2,FALSE,Maricopa,6000000403,6000002746
height,17067,71.826,MAC Field Scanner Field Plot 142 Season 2,FALSE,Maricopa,6000000252,6000002738
height,17067,77.114,MAC Field Scanner Field Plot 143 Season 2,FALSE,Maricopa,6000000252,6000002739
height,17067,75.792,MAC Field Scanner Field Plot 132 Season 2,FALSE,Maricopa,6000000261,6000002728
height,17067,77.775,MAC Field Scanner Field Plot 232 Season 2,FALSE,Maricopa,6000000281,6000002828
height,17067,80.419,MAC Field Scanner Field Plot 233 Season 2,FALSE,Maricopa,6000000281,6000002829
height,17067,82.402,MAC Field Scanner Field Plot 198 Season 2,FALSE,Maricopa,6000000292,6000002794
height,17067,76.453,MAC Field Scanner Field Plot 199 Season 2,FALSE,Maricopa,6000000292,6000002795
height,17067,71.826,MAC Field Scanner Field Plot 189 Season 2,FALSE,Maricopa,6000000299,6000002785
height,17067,73.148,MAC Field Scanner Field Plot 188 Season 2,FALSE,Maricopa,6000000299,6000002784
height,17067,75.131,MAC Field Scanner Field Plot 221 Season 2,FALSE,Maricopa,6000000303,6000002817
height,17067,65.877,MAC Field Scanner Field Plot 220 Season 2,FALSE,Maricopa,6000000303,6000002816
height,17067,80.419,MAC Field Scanner Field Plot 187 Season 2,FALSE,Maricopa,6000000304,6000002783
height,17067,78.436,MAC Field Scanner Field Plot 186 Season 2,FALSE,Maricopa,6000000304,6000002782
height,17067,78.436,MAC Field Scanner Field Plot 183 Season 2,FALSE,Maricopa,6000000327,6000002779
height,17067,77.775,MAC Field Scanner Field Plot 182 Season 2,FALSE,Maricopa,6000000327,6000002778
height,17067,73.148,MAC Field Scanner Field Plot 228 Season 2,FALSE,Maricopa,6000000379,6000002824
height,17067,74.47,MAC Field Scanner Field Plot 229 Season 2,FALSE,Maricopa,6000000379,6000002825
height,17067,76.453,MAC Field Scanner Field Plot 230 Season 2,FALSE,Maricopa,6000000382,6000002826
height,17067,78.436,MAC Field Scanner Field Plot 231 Season 2,FALSE,Maricopa,6000000382,6000002827
height,17067,68.521,MAC Field Scanner Field Plot 217 Season 2,FALSE,Maricopa,6000000386,6000002813
height,17067,71.165,MAC Field Scanner Field Plot 216 Season 2,FALSE,Maricopa,6000000386,6000002812
height,17067,75.131,MAC Field Scanner Field Plot 202 Season 2,FALSE,Maricopa,6000000387,6000002798
height,17067,75.792,MAC Field Scanner Field Plot 203 Season 2,FALSE,Maricopa,6000000387,6000002799
height,17067,79.097,MAC Field Scanner Field Plot 213 Season 2,FALSE,Maricopa,6000000249,6000002809
height,17067,76.453,MAC Field Scanner Field Plot 212 Season 2,FALSE,Maricopa,6000000249,6000002808
height,17067,79.097,MAC Field Scanner Field Plot 215 Season 2,FALSE,Maricopa,6000000257,6000002811
height,17067,76.453,MAC Field Scanner Field Plot 214 Season 2,FALSE,Maricopa,6000000257,6000002810
height,17067,81.08,MAC Field Scanner Field Plot 211 Season 2,FALSE,Maricopa,6000000259,6000002807
height,17067,77.775,MAC Field Scanner Field Plot 210 Season 2,FALSE,Maricopa,6000000259,6000002806
height,17067,83.063,MAC Field Scanner Field Plot 185 Season 2,FALSE,Maricopa,6000000263,6000002781
height,17067,69.182,MAC Field Scanner Field Plot 268 Season 2,FALSE,Maricopa,6000000280,6000002864
height,17067,71.826,MAC Field Scanner Field Plot 269 Season 2,FALSE,Maricopa,6000000280,6000002865
height,17067,81.741,MAC Field Scanner Field Plot 262 Season 2,FALSE,Maricopa,6000000290,6000002858
height,17067,82.402,MAC Field Scanner Field Plot 263 Season 2,FALSE,Maricopa,6000000290,6000002859
height,17067,75.131,MAC Field Scanner Field Plot 249 Season 2,FALSE,Maricopa,6000000300,6000002845
height,17067,72.487,MAC Field Scanner Field Plot 248 Season 2,FALSE,Maricopa,6000000300,6000002844
height,17067,78.436,MAC Field Scanner Field Plot 264 Season 2,FALSE,Maricopa,6000000305,6000002860
height,17067,79.758,MAC Field Scanner Field Plot 265 Season 2,FALSE,Maricopa,6000000305,6000002861
height,17067,77.114,MAC Field Scanner Field Plot 266 Season 2,FALSE,Maricopa,6000000307,6000002862
height,17067,78.436,MAC Field Scanner Field Plot 267 Season 2,FALSE,Maricopa,6000000307,6000002863
height,17067,76.453,MAC Field Scanner Field Plot 290 Season 2,FALSE,Maricopa,6000000316,6000002886
height,17067,69.843,MAC Field Scanner Field Plot 291 Season 2,FALSE,Maricopa,6000000316,6000002887
height,17067,75.131,MAC Field Scanner Field Plot 247 Season 2,FALSE,Maricopa,6000000317,6000002843
height,17067,75.792,MAC Field Scanner Field Plot 246 Season 2,FALSE,Maricopa,6000000317,6000002842
height,17067,79.758,MAC Field Scanner Field Plot 245 Season 2,FALSE,Maricopa,6000000320,6000002841
height,17067,79.758,MAC Field Scanner Field Plot 244 Season 2,FALSE,Maricopa,6000000320,6000002840
height,17067,73.809,MAC Field Scanner Field Plot 281 Season 2,FALSE,Maricopa,6000000380,6000002877
height,17067,72.487,MAC Field Scanner Field Plot 280 Season 2,FALSE,Maricopa,6000000380,6000002876
height,17067,78.436,MAC Field Scanner Field Plot 279 Season 2,FALSE,Maricopa,6000000383,6000002875
height,17067,77.114,MAC Field Scanner Field Plot 278 Season 2,FALSE,Maricopa,6000000383,6000002874
height,17067,77.775,MAC Field Scanner Field Plot 260 Season 2,FALSE,Maricopa,6000000248,6000002856
height,17067,72.487,MAC Field Scanner Field Plot 261 Season 2,FALSE,Maricopa,6000000248,6000002857
height,17067,76.453,MAC Field Scanner Field Plot 270 Season 2,FALSE,Maricopa,6000000394,6000002866
height,17067,75.131,MAC Field Scanner Field Plot 271 Season 2,FALSE,Maricopa,6000000394,6000002867
height,17067,77.775,MAC Field Scanner Field Plot 283 Season 2,FALSE,Maricopa,6000000253,6000002879
height,17067,74.47,MAC Field Scanner Field Plot 282 Season 2,FALSE,Maricopa,6000000253,6000002878
height,17067,69.843,MAC Field Scanner Field Plot 314 Season 2,FALSE,Maricopa,6000000279,6000002910
height,17067,71.165,MAC Field Scanner Field Plot 302 Season 2,FALSE,Maricopa,6000000284,6000002898
height,17067,68.521,MAC Field Scanner Field Plot 303 Season 2,FALSE,Maricopa,6000000284,6000002899
height,17067,78.436,MAC Field Scanner Field Plot 345 Season 2,FALSE,Maricopa,6000000287,6000002941
height,17067,75.792,MAC Field Scanner Field Plot 344 Season 2,FALSE,Maricopa,6000000287,6000002940
height,17067,71.826,MAC Field Scanner Field Plot 326 Season 2,FALSE,Maricopa,6000000301,6000002922
height,17067,73.148,MAC Field Scanner Field Plot 327 Season 2,FALSE,Maricopa,6000000301,6000002923
height,17067,84.385,MAC Field Scanner Field Plot 307 Season 2,FALSE,Maricopa,6000000306,6000002903
height,17067,81.741,MAC Field Scanner Field Plot 306 Season 2,FALSE,Maricopa,6000000306,6000002902
height,17067,72.487,MAC Field Scanner Field Plot 347 Season 2,FALSE,Maricopa,6000000311,6000002943
height,17067,77.775,MAC Field Scanner Field Plot 346 Season 2,FALSE,Maricopa,6000000311,6000002942
height,17067,87.029,MAC Field Scanner Field Plot 296 Season 2,FALSE,Maricopa,6000000381,6000002892
height,17067,84.385,MAC Field Scanner Field Plot 297 Season 2,FALSE,Maricopa,6000000381,6000002893
height,17067,81.08,MAC Field Scanner Field Plot 309 Season 2,FALSE,Maricopa,6000000390,6000002905
height,17067,81.741,MAC Field Scanner Field Plot 308 Season 2,FALSE,Maricopa,6000000390,6000002904
height,17067,79.758,MAC Field Scanner Field Plot 319 Season 2,FALSE,Maricopa,6000000395,6000002915
height,17067,73.809,MAC Field Scanner Field Plot 318 Season 2,FALSE,Maricopa,6000000395,6000002914
height,17067,83.063,MAC Field Scanner Field Plot 298 Season 2,FALSE,Maricopa,6000000398,6000002894
height,17067,82.402,MAC Field Scanner Field Plot 299 Season 2,FALSE,Maricopa,6000000398,6000002895
height,17067,75.792,MAC Field Scanner Field Plot 324 Season 2,FALSE,Maricopa,6000000399,6000002920
height,17067,76.453,MAC Field Scanner Field Plot 325 Season 2,FALSE,Maricopa,6000000399,6000002921
height,17067,83.724,MAC Field Scanner Field Plot 322 Season 2,FALSE,Maricopa,6000000408,6000002918
height,17067,83.063,MAC Field Scanner Field Plot 323 Season 2,FALSE,Maricopa,6000000408,6000002919
height,17067,85.046,MAC Field Scanner Field Plot 343 Season 2,FALSE,Maricopa,6000000409,6000002939
height,17067,83.063,MAC Field Scanner Field Plot 342 Season 2,FALSE,Maricopa,6000000409,6000002938
height,17067,79.758,MAC Field Scanner Field Plot 328 Season 2,FALSE,Maricopa,6000000269,6000002924
height,17067,81.08,MAC Field Scanner Field Plot 329 Season 2,FALSE,Maricopa,6000000269,6000002925
height,17067,65.216,MAC Field Scanner Field Plot 379 Season 2,FALSE,Maricopa,6000000288,6000002975
height,17067,61.25,MAC Field Scanner Field Plot 378 Season 2,FALSE,Maricopa,6000000288,6000002974
height,17067,77.775,MAC Field Scanner Field Plot 358 Season 2,FALSE,Maricopa,6000000297,6000002954
height,17067,75.131,MAC Field Scanner Field Plot 359 Season 2,FALSE,Maricopa,6000000297,6000002955
height,17067,81.08,MAC Field Scanner Field Plot 386 Season 2,FALSE,Maricopa,6000000308,6000002982
height,17067,71.826,MAC Field Scanner Field Plot 387 Season 2,FALSE,Maricopa,6000000308,6000002983
height,17067,77.775,MAC Field Scanner Field Plot 351 Season 2,FALSE,Maricopa,6000000309,6000002947
height,17067,71.826,MAC Field Scanner Field Plot 350 Season 2,FALSE,Maricopa,6000000309,6000002946
height,17067,68.521,MAC Field Scanner Field Plot 398 Season 2,FALSE,Maricopa,6000000310,6000002994
height,17067,72.487,MAC Field Scanner Field Plot 399 Season 2,FALSE,Maricopa,6000000310,6000002995
height,17067,77.114,MAC Field Scanner Field Plot 383 Season 2,FALSE,Maricopa,6000000312,6000002979
height,17067,71.165,MAC Field Scanner Field Plot 382 Season 2,FALSE,Maricopa,6000000312,6000002978
height,17067,82.402,MAC Field Scanner Field Plot 390 Season 2,FALSE,Maricopa,6000000318,6000002986
height,17067,79.758,MAC Field Scanner Field Plot 391 Season 2,FALSE,Maricopa,6000000318,6000002987
height,17067,66.538,MAC Field Scanner Field Plot 388 Season 2,FALSE,Maricopa,6000000378,6000002984
height,17067,66.538,MAC Field Scanner Field Plot 389 Season 2,FALSE,Maricopa,6000000378,6000002985
height,17067,85.707,MAC Field Scanner Field Plot 392 Season 2,FALSE,Maricopa,6000000388,6000002988
height,17067,87.69,MAC Field Scanner Field Plot 393 Season 2,FALSE,Maricopa,6000000388,6000002989
height,17067,71.165,MAC Field Scanner Field Plot 371 Season 2,FALSE,Maricopa,6000000412,6000002967
height,17067,73.148,MAC Field Scanner Field Plot 370 Season 2,FALSE,Maricopa,6000000412,6000002966
height,17067,85.046,MAC Field Scanner Field Plot 360 Season 2,FALSE,Maricopa,6000000405,6000002956
height,17067,82.402,MAC Field Scanner Field Plot 361 Season 2,FALSE,Maricopa,6000000405,6000002957
height,17067,87.029,MAC Field Scanner Field Plot 364 Season 2,FALSE,Maricopa,6000000407,6000002960
height,17067,86.368,MAC Field Scanner Field Plot 365 Season 2,FALSE,Maricopa,6000000407,6000002961
height,17067,74.47,MAC Field Scanner Field Plot 356 Season 2,FALSE,Maricopa,6000000271,6000002952
height,17067,75.131,MAC Field Scanner Field Plot 357 Season 2,FALSE,Maricopa,6000000271,6000002953
height,17067,67.86,MAC Field Scanner Field Plot 362 Season 2,FALSE,Maricopa,6000000272,6000002958
height,17067,67.86,MAC Field Scanner Field Plot 363 Season 2,FALSE,Maricopa,6000000272,6000002959
height,17067,73.809,MAC Field Scanner Field Plot 409 Season 2,FALSE,Maricopa,6000000283,6000003005
height,17067,77.114,MAC Field Scanner Field Plot 408 Season 2,FALSE,Maricopa,6000000283,6000003004
height,17067,69.182,MAC Field Scanner Field Plot 454 Season 2,FALSE,Maricopa,6000000288,6000003050
height,17067,67.86,MAC Field Scanner Field Plot 455 Season 2,FALSE,Maricopa,6000000288,6000003051
height,17067,85.707,MAC Field Scanner Field Plot 418 Season 2,FALSE,Maricopa,6000000298,6000003014
height,17067,74.47,MAC Field Scanner Field Plot 419 Season 2,FALSE,Maricopa,6000000298,6000003015
height,17067,83.063,MAC Field Scanner Field Plot 443 Season 2,FALSE,Maricopa,6000000302,6000003039
height,17067,79.758,MAC Field Scanner Field Plot 442 Season 2,FALSE,Maricopa,6000000302,6000003038
height,17067,75.131,MAC Field Scanner Field Plot 437 Season 2,FALSE,Maricopa,6000000309,6000003033
height,17067,73.148,MAC Field Scanner Field Plot 436 Season 2,FALSE,Maricopa,6000000309,6000003032
height,17067,85.707,MAC Field Scanner Field Plot 424 Season 2,FALSE,Maricopa,6000000314,6000003020
height,17067,83.724,MAC Field Scanner Field Plot 425 Season 2,FALSE,Maricopa,6000000314,6000003021
height,17067,73.148,MAC Field Scanner Field Plot 430 Season 2,FALSE,Maricopa,6000000391,6000003026
height,17067,73.148,MAC Field Scanner Field Plot 431 Season 2,FALSE,Maricopa,6000000391,6000003027
height,17067,80.419,MAC Field Scanner Field Plot 426 Season 2,FALSE,Maricopa,6000000392,6000003022
height,17067,77.775,MAC Field Scanner Field Plot 427 Season 2,FALSE,Maricopa,6000000392,6000003023
height,17067,73.148,MAC Field Scanner Field Plot 405 Season 2,FALSE,Maricopa,6000000250,6000003001
height,17067,74.47,MAC Field Scanner Field Plot 404 Season 2,FALSE,Maricopa,6000000250,6000003e3
height,17067,73.809,MAC Field Scanner Field Plot 441 Season 2,FALSE,Maricopa,6000000403,6000003037
height,17067,73.148,MAC Field Scanner Field Plot 440 Season 2,FALSE,Maricopa,6000000403,6000003036
height,17067,82.402,MAC Field Scanner Field Plot 415 Season 2,FALSE,Maricopa,6000000251,6000003011
height,17067,75.792,MAC Field Scanner Field Plot 414 Season 2,FALSE,Maricopa,6000000251,6000003010
height,17067,84.385,MAC Field Scanner Field Plot 411 Season 2,FALSE,Maricopa,6000000254,6000003007
height,17067,84.385,MAC Field Scanner Field Plot 410 Season 2,FALSE,Maricopa,6000000254,6000003006
height,17067,81.08,MAC Field Scanner Field Plot 428 Season 2,FALSE,Maricopa,6000000264,6000003024
height,17067,82.402,MAC Field Scanner Field Plot 479 Season 2,FALSE,Maricopa,6000000280,6000003075
height,17067,76.453,MAC Field Scanner Field Plot 478 Season 2,FALSE,Maricopa,6000000280,6000003074
height,17067,81.741,MAC Field Scanner Field Plot 507 Season 2,FALSE,Maricopa,6000000281,6000003103
height,17067,81.08,MAC Field Scanner Field Plot 506 Season 2,FALSE,Maricopa,6000000281,6000003102
height,17067,77.114,MAC Field Scanner Field Plot 505 Season 2,FALSE,Maricopa,6000000297,6000003101
height,17067,77.775,MAC Field Scanner Field Plot 504 Season 2,FALSE,Maricopa,6000000297,6000003100
height,17067,77.114,MAC Field Scanner Field Plot 467 Season 2,FALSE,Maricopa,6000000304,6000003063
height,17067,77.114,MAC Field Scanner Field Plot 466 Season 2,FALSE,Maricopa,6000000304,6000003062
height,17067,87.69,MAC Field Scanner Field Plot 469 Season 2,FALSE,Maricopa,6000000306,6000003065
height,17067,83.724,MAC Field Scanner Field Plot 468 Season 2,FALSE,Maricopa,6000000306,6000003064
height,17067,84.385,MAC Field Scanner Field Plot 488 Season 2,FALSE,Maricopa,6000000307,6000003084
height,17067,83.063,MAC Field Scanner Field Plot 489 Season 2,FALSE,Maricopa,6000000307,6000003085
height,17067,70.504,MAC Field Scanner Field Plot 503 Season 2,FALSE,Maricopa,6000000386,6000003099
height,17067,71.165,MAC Field Scanner Field Plot 502 Season 2,FALSE,Maricopa,6000000386,6000003098
height,17067,79.097,MAC Field Scanner Field Plot 458 Season 2,FALSE,Maricopa,6000000389,6000003054
height,17067,77.775,MAC Field Scanner Field Plot 459 Season 2,FALSE,Maricopa,6000000389,6000003055
height,17067,78.436,MAC Field Scanner Field Plot 486 Season 2,FALSE,Maricopa,6000000391,6000003082
height,17067,78.436,MAC Field Scanner Field Plot 487 Season 2,FALSE,Maricopa,6000000391,6000003083
height,17067,71.165,MAC Field Scanner Field Plot 492 Season 2,FALSE,Maricopa,6000000393,6000003088
height,17067,70.504,MAC Field Scanner Field Plot 493 Season 2,FALSE,Maricopa,6000000393,6000003089
height,17067,77.775,MAC Field Scanner Field Plot 509 Season 2,FALSE,Maricopa,6000000395,6000003105
height,17067,79.097,MAC Field Scanner Field Plot 508 Season 2,FALSE,Maricopa,6000000395,6000003104
height,17067,73.809,MAC Field Scanner Field Plot 494 Season 2,FALSE,Maricopa,6000000412,6000003090
height,17067,74.47,MAC Field Scanner Field Plot 495 Season 2,FALSE,Maricopa,6000000412,6000003091
height,17067,71.165,MAC Field Scanner Field Plot 499 Season 2,FALSE,Maricopa,6000000253,6000003095
height,17067,71.826,MAC Field Scanner Field Plot 498 Season 2,FALSE,Maricopa,6000000253,6000003094
height,17067,92.978,MAC Field Scanner Field Plot 482 Season 2,FALSE,Maricopa,6000000407,6000003078
height,17067,70.504,MAC Field Scanner Field Plot 518 Season 2,FALSE,Maricopa,6000000279,6000003114
height,17067,72.487,MAC Field Scanner Field Plot 519 Season 2,FALSE,Maricopa,6000000279,6000003115
height,17067,80.419,MAC Field Scanner Field Plot 548 Season 2,FALSE,Maricopa,6000000292,6000003144
height,17067,82.402,MAC Field Scanner Field Plot 549 Season 2,FALSE,Maricopa,6000000292,6000003145
height,17067,78.436,MAC Field Scanner Field Plot 520 Season 2,FALSE,Maricopa,6000000301,6000003116
height,17067,80.419,MAC Field Scanner Field Plot 521 Season 2,FALSE,Maricopa,6000000301,6000003117
height,17067,71.165,MAC Field Scanner Field Plot 550 Season 2,FALSE,Maricopa,6000000303,6000003146
height,17067,65.216,MAC Field Scanner Field Plot 551 Season 2,FALSE,Maricopa,6000000303,6000003147
height,17067,72.487,MAC Field Scanner Field Plot 516 Season 2,FALSE,Maricopa,6000000315,6000003112
height,17067,73.148,MAC Field Scanner Field Plot 517 Season 2,FALSE,Maricopa,6000000315,6000003113
height,17067,83.724,MAC Field Scanner Field Plot 539 Season 2,FALSE,Maricopa,6000000320,6000003135
height,17067,81.741,MAC Field Scanner Field Plot 538 Season 2,FALSE,Maricopa,6000000320,6000003134
height,17067,79.097,MAC Field Scanner Field Plot 562 Season 2,FALSE,Maricopa,6000000376,6000003158
height,17067,71.826,MAC Field Scanner Field Plot 556 Season 2,FALSE,Maricopa,6000000379,6000003152
height,17067,71.826,MAC Field Scanner Field Plot 557 Season 2,FALSE,Maricopa,6000000379,6000003153
height,17067,69.843,MAC Field Scanner Field Plot 558 Season 2,FALSE,Maricopa,6000000248,6000003154
height,17067,79.097,MAC Field Scanner Field Plot 559 Season 2,FALSE,Maricopa,6000000248,6000003155
height,17067,80.419,MAC Field Scanner Field Plot 543 Season 2,FALSE,Maricopa,6000000392,6000003139
height,17067,77.114,MAC Field Scanner Field Plot 542 Season 2,FALSE,Maricopa,6000000392,6000003138
height,17067,61.25,MAC Field Scanner Field Plot 554 Season 2,FALSE,Maricopa,6000000255,6000003150
height,17067,66.538,MAC Field Scanner Field Plot 555 Season 2,FALSE,Maricopa,6000000255,6000003151
height,17067,81.08,MAC Field Scanner Field Plot 533 Season 2,FALSE,Maricopa,6000000410,6000003129
height,17067,80.419,MAC Field Scanner Field Plot 532 Season 2,FALSE,Maricopa,6000000410,6000003128
height,17067,80.419,MAC Field Scanner Field Plot 514 Season 2,FALSE,Maricopa,6000000267,6000003110
height,17067,77.114,MAC Field Scanner Field Plot 515 Season 2,FALSE,Maricopa,6000000267,6000003111
height,17067,81.08,MAC Field Scanner Field Plot 526 Season 2,FALSE,Maricopa,6000000268,6000003122
height,17067,73.809,MAC Field Scanner Field Plot 527 Season 2,FALSE,Maricopa,6000000268,6000003123
height,17067,75.131,MAC Field Scanner Field Plot 565 Season 2,FALSE,Maricopa,6000000275,6000003161
height,17067,75.131,MAC Field Scanner Field Plot 564 Season 2,FALSE,Maricopa,6000000275,6000003160
height,17067,73.809,MAC Field Scanner Field Plot 589 Season 2,FALSE,Maricopa,6000000277,6000003185
height,17067,77.775,MAC Field Scanner Field Plot 601 Season 2,FALSE,Maricopa,6000000283,6000003197
height,17067,78.436,MAC Field Scanner Field Plot 600 Season 2,FALSE,Maricopa,6000000283,6000003196
height,17067,87.029,MAC Field Scanner Field Plot 575 Season 2,FALSE,Maricopa,6000000287,6000003171
height,17067,77.775,MAC Field Scanner Field Plot 574 Season 2,FALSE,Maricopa,6000000287,6000003170
height,17067,81.08,MAC Field Scanner Field Plot 614 Season 2,FALSE,Maricopa,6000000289,6000003210
height,17067,79.758,MAC Field Scanner Field Plot 615 Season 2,FALSE,Maricopa,6000000289,6000003211
height,17067,89.012,MAC Field Scanner Field Plot 571 Season 2,FALSE,Maricopa,6000000241,6000003167
height,17067,87.69,MAC Field Scanner Field Plot 570 Season 2,FALSE,Maricopa,6000000241,6000003166
height,17067,71.165,MAC Field Scanner Field Plot 605 Season 2,FALSE,Maricopa,6000000316,6000003201
height,17067,71.165,MAC Field Scanner Field Plot 604 Season 2,FALSE,Maricopa,6000000316,6000003200
height,17067,84.385,MAC Field Scanner Field Plot 584 Season 2,FALSE,Maricopa,6000000318,6000003180
height,17067,83.724,MAC Field Scanner Field Plot 585 Season 2,FALSE,Maricopa,6000000318,6000003181
height,17067,77.114,MAC Field Scanner Field Plot 595 Season 2,FALSE,Maricopa,6000000331,6000003191
height,17067,75.792,MAC Field Scanner Field Plot 594 Season 2,FALSE,Maricopa,6000000331,6000003190
height,17067,83.063,MAC Field Scanner Field Plot 607 Season 2,FALSE,Maricopa,6000000377,6000003203
height,17067,79.758,MAC Field Scanner Field Plot 606 Season 2,FALSE,Maricopa,6000000377,6000003202
height,17067,85.707,MAC Field Scanner Field Plot 597 Season 2,FALSE,Maricopa,6000000396,6000003193
height,17067,77.775,MAC Field Scanner Field Plot 596 Season 2,FALSE,Maricopa,6000000396,6000003192
height,17067,74.47,MAC Field Scanner Field Plot 620 Season 2,FALSE,Maricopa,6000000400,6000003216
height,17067,73.809,MAC Field Scanner Field Plot 621 Season 2,FALSE,Maricopa,6000000400,6000003217
height,17067,80.419,MAC Field Scanner Field Plot 622 Season 2,FALSE,Maricopa,6000000409,6000003218
height,17067,76.453,MAC Field Scanner Field Plot 623 Season 2,FALSE,Maricopa,6000000409,6000003219
height,17067,78.436,MAC Field Scanner Field Plot 618 Season 2,FALSE,Maricopa,6000000265,6000003214
height,17067,75.792,MAC Field Scanner Field Plot 619 Season 2,FALSE,Maricopa,6000000265,6000003215
height,17067,83.724,MAC Field Scanner Field Plot 578 Season 2,FALSE,Maricopa,6000000271,6000003174
height,17067,74.47,MAC Field Scanner Field Plot 579 Season 2,FALSE,Maricopa,6000000271,6000003175
height,17067,73.809,MAC Field Scanner Field Plot 588 Season 2,FALSE,Maricopa,6000000277,6000003184
height,17067,78.436,MAC Field Scanner Field Plot 654 Season 2,FALSE,Maricopa,6000000282,6000003250
height,17067,76.453,MAC Field Scanner Field Plot 655 Season 2,FALSE,Maricopa,6000000282,6000003251
height,17067,83.063,MAC Field Scanner Field Plot 642 Season 2,FALSE,Maricopa,6000000285,6000003238
height,17067,61.911,MAC Field Scanner Field Plot 643 Season 2,FALSE,Maricopa,6000000285,6000003239
height,17067,72.487,MAC Field Scanner Field Plot 637 Season 2,FALSE,Maricopa,6000000291,6000003233
height,17067,72.487,MAC Field Scanner Field Plot 636 Season 2,FALSE,Maricopa,6000000291,6000003232
height,17067,71.165,MAC Field Scanner Field Plot 627 Season 2,FALSE,Maricopa,6000000300,6000003223
height,17067,71.165,MAC Field Scanner Field Plot 626 Season 2,FALSE,Maricopa,6000000300,6000003222
height,17067,82.402,MAC Field Scanner Field Plot 629 Season 2,FALSE,Maricopa,6000000319,6000003225
height,17067,82.402,MAC Field Scanner Field Plot 628 Season 2,FALSE,Maricopa,6000000319,6000003224
height,17067,64.555,MAC Field Scanner Field Plot 665 Season 2,FALSE,Maricopa,6000000378,6000003261
height,17067,64.555,MAC Field Scanner Field Plot 664 Season 2,FALSE,Maricopa,6000000378,6000003260
height,17067,70.504,MAC Field Scanner Field Plot 667 Season 2,FALSE,Maricopa,6000000380,6000003263
height,17067,68.521,MAC Field Scanner Field Plot 666 Season 2,FALSE,Maricopa,6000000380,6000003262
height,17067,85.046,MAC Field Scanner Field Plot 631 Season 2,FALSE,Maricopa,6000000381,6000003227
height,17067,85.707,MAC Field Scanner Field Plot 630 Season 2,FALSE,Maricopa,6000000381,6000003226
height,17067,88.351,MAC Field Scanner Field Plot 633 Season 2,FALSE,Maricopa,6000000388,6000003229
height,17067,85.046,MAC Field Scanner Field Plot 632 Season 2,FALSE,Maricopa,6000000388,6000003228
height,17067,83.063,MAC Field Scanner Field Plot 644 Season 2,FALSE,Maricopa,6000000390,6000003240
height,17067,80.419,MAC Field Scanner Field Plot 645 Season 2,FALSE,Maricopa,6000000390,6000003241
height,17067,73.148,MAC Field Scanner Field Plot 659 Season 2,FALSE,Maricopa,6000000250,6000003255
height,17068,71.165,MAC Field Scanner Field Plot 518 Season 2,FALSE,Maricopa,6000000279,6000003114
height,17068,73.148,MAC Field Scanner Field Plot 519 Season 2,FALSE,Maricopa,6000000279,6000003115
height,17068,75.792,MAC Field Scanner Field Plot 507 Season 2,FALSE,Maricopa,6000000281,6000003103
height,17068,72.487,MAC Field Scanner Field Plot 506 Season 2,FALSE,Maricopa,6000000281,6000003102
height,17068,82.402,MAC Field Scanner Field Plot 548 Season 2,FALSE,Maricopa,6000000292,6000003144
height,17068,83.724,MAC Field Scanner Field Plot 549 Season 2,FALSE,Maricopa,6000000292,6000003145
height,17068,75.131,MAC Field Scanner Field Plot 505 Season 2,FALSE,Maricopa,6000000297,6000003101
height,17068,76.453,MAC Field Scanner Field Plot 504 Season 2,FALSE,Maricopa,6000000297,6000003100
height,17068,79.758,MAC Field Scanner Field Plot 520 Season 2,FALSE,Maricopa,6000000301,6000003116
height,17068,81.08,MAC Field Scanner Field Plot 521 Season 2,FALSE,Maricopa,6000000301,6000003117
height,17068,72.487,MAC Field Scanner Field Plot 550 Season 2,FALSE,Maricopa,6000000303,6000003146
height,17068,65.877,MAC Field Scanner Field Plot 551 Season 2,FALSE,Maricopa,6000000303,6000003147
height,17068,73.809,MAC Field Scanner Field Plot 516 Season 2,FALSE,Maricopa,6000000315,6000003112
height,17068,75.131,MAC Field Scanner Field Plot 517 Season 2,FALSE,Maricopa,6000000315,6000003113
height,17068,85.046,MAC Field Scanner Field Plot 539 Season 2,FALSE,Maricopa,6000000320,6000003135
height,17068,83.063,MAC Field Scanner Field Plot 538 Season 2,FALSE,Maricopa,6000000320,6000003134
height,17068,71.826,MAC Field Scanner Field Plot 503 Season 2,FALSE,Maricopa,6000000386,6000003099
height,17068,73.148,MAC Field Scanner Field Plot 502 Season 2,FALSE,Maricopa,6000000386,6000003098
height,17068,81.741,MAC Field Scanner Field Plot 543 Season 2,FALSE,Maricopa,6000000392,6000003139
height,17068,79.097,MAC Field Scanner Field Plot 542 Season 2,FALSE,Maricopa,6000000392,6000003138
height,17068,74.47,MAC Field Scanner Field Plot 509 Season 2,FALSE,Maricopa,6000000395,6000003105
height,17068,73.809,MAC Field Scanner Field Plot 508 Season 2,FALSE,Maricopa,6000000395,6000003104
height,17068,82.402,MAC Field Scanner Field Plot 533 Season 2,FALSE,Maricopa,6000000410,6000003129
height,17068,83.063,MAC Field Scanner Field Plot 532 Season 2,FALSE,Maricopa,6000000410,6000003128
height,17068,81.741,MAC Field Scanner Field Plot 514 Season 2,FALSE,Maricopa,6000000267,6000003110
height,17068,77.775,MAC Field Scanner Field Plot 515 Season 2,FALSE,Maricopa,6000000267,6000003111
height,17068,83.724,MAC Field Scanner Field Plot 526 Season 2,FALSE,Maricopa,6000000268,6000003122
height,17068,77.114,MAC Field Scanner Field Plot 527 Season 2,FALSE,Maricopa,6000000268,6000003123
height,17068,74.47,MAC Field Scanner Field Plot 589 Season 2,FALSE,Maricopa,6000000277,6000003185
height,17068,79.758,MAC Field Scanner Field Plot 601 Season 2,FALSE,Maricopa,6000000283,6000003197
height,17068,80.419,MAC Field Scanner Field Plot 600 Season 2,FALSE,Maricopa,6000000283,6000003196
height,17068,89.012,MAC Field Scanner Field Plot 575 Season 2,FALSE,Maricopa,6000000287,6000003171
height,17068,78.436,MAC Field Scanner Field Plot 574 Season 2,FALSE,Maricopa,6000000287,6000003170
height,17068,90.995,MAC Field Scanner Field Plot 571 Season 2,FALSE,Maricopa,6000000241,6000003167
height,17068,89.012,MAC Field Scanner Field Plot 570 Season 2,FALSE,Maricopa,6000000241,6000003166
height,17068,72.487,MAC Field Scanner Field Plot 605 Season 2,FALSE,Maricopa,6000000316,6000003201
height,17068,71.826,MAC Field Scanner Field Plot 604 Season 2,FALSE,Maricopa,6000000316,6000003200
height,17068,85.707,MAC Field Scanner Field Plot 584 Season 2,FALSE,Maricopa,6000000318,6000003180
height,17068,84.385,MAC Field Scanner Field Plot 585 Season 2,FALSE,Maricopa,6000000318,6000003181
height,17068,77.775,MAC Field Scanner Field Plot 595 Season 2,FALSE,Maricopa,6000000331,6000003191
height,17068,76.453,MAC Field Scanner Field Plot 594 Season 2,FALSE,Maricopa,6000000331,6000003190
height,17068,81.08,MAC Field Scanner Field Plot 562 Season 2,FALSE,Maricopa,6000000376,6000003158
height,17068,85.707,MAC Field Scanner Field Plot 607 Season 2,FALSE,Maricopa,6000000377,6000003203
height,17068,81.08,MAC Field Scanner Field Plot 606 Season 2,FALSE,Maricopa,6000000377,6000003202
height,17068,72.487,MAC Field Scanner Field Plot 556 Season 2,FALSE,Maricopa,6000000379,6000003152
height,17068,73.148,MAC Field Scanner Field Plot 557 Season 2,FALSE,Maricopa,6000000379,6000003153
height,17068,71.165,MAC Field Scanner Field Plot 558 Season 2,FALSE,Maricopa,6000000248,6000003154
height,17068,80.419,MAC Field Scanner Field Plot 559 Season 2,FALSE,Maricopa,6000000248,6000003155
height,17068,89.012,MAC Field Scanner Field Plot 597 Season 2,FALSE,Maricopa,6000000396,6000003193
height,17068,79.758,MAC Field Scanner Field Plot 596 Season 2,FALSE,Maricopa,6000000396,6000003192
height,17068,61.911,MAC Field Scanner Field Plot 554 Season 2,FALSE,Maricopa,6000000255,6000003150
height,17068,67.199,MAC Field Scanner Field Plot 555 Season 2,FALSE,Maricopa,6000000255,6000003151
height,17068,85.707,MAC Field Scanner Field Plot 578 Season 2,FALSE,Maricopa,6000000271,6000003174
height,17068,75.792,MAC Field Scanner Field Plot 579 Season 2,FALSE,Maricopa,6000000271,6000003175
height,17068,75.131,MAC Field Scanner Field Plot 565 Season 2,FALSE,Maricopa,6000000275,6000003161
height,17068,77.114,MAC Field Scanner Field Plot 564 Season 2,FALSE,Maricopa,6000000275,6000003160
height,17068,74.47,MAC Field Scanner Field Plot 588 Season 2,FALSE,Maricopa,6000000277,6000003184
height,17068,79.758,MAC Field Scanner Field Plot 654 Season 2,FALSE,Maricopa,6000000282,6000003250
height,17068,78.436,MAC Field Scanner Field Plot 655 Season 2,FALSE,Maricopa,6000000282,6000003251
height,17068,85.046,MAC Field Scanner Field Plot 642 Season 2,FALSE,Maricopa,6000000285,6000003238
height,17068,65.216,MAC Field Scanner Field Plot 643 Season 2,FALSE,Maricopa,6000000285,6000003239
height,17068,82.402,MAC Field Scanner Field Plot 614 Season 2,FALSE,Maricopa,6000000289,6000003210
height,17068,79.758,MAC Field Scanner Field Plot 615 Season 2,FALSE,Maricopa,6000000289,6000003211
height,17068,73.809,MAC Field Scanner Field Plot 637 Season 2,FALSE,Maricopa,6000000291,6000003233
height,17068,75.131,MAC Field Scanner Field Plot 636 Season 2,FALSE,Maricopa,6000000291,6000003232
height,17068,71.826,MAC Field Scanner Field Plot 627 Season 2,FALSE,Maricopa,6000000300,6000003223
height,17068,71.165,MAC Field Scanner Field Plot 626 Season 2,FALSE,Maricopa,6000000300,6000003222
height,17068,82.402,MAC Field Scanner Field Plot 629 Season 2,FALSE,Maricopa,6000000319,6000003225
height,17068,83.063,MAC Field Scanner Field Plot 628 Season 2,FALSE,Maricopa,6000000319,6000003224
height,17068,64.555,MAC Field Scanner Field Plot 665 Season 2,FALSE,Maricopa,6000000378,6000003261
height,17068,65.216,MAC Field Scanner Field Plot 664 Season 2,FALSE,Maricopa,6000000378,6000003260
height,17068,85.707,MAC Field Scanner Field Plot 631 Season 2,FALSE,Maricopa,6000000381,6000003227
height,17068,86.368,MAC Field Scanner Field Plot 630 Season 2,FALSE,Maricopa,6000000381,6000003226
height,17068,90.995,MAC Field Scanner Field Plot 633 Season 2,FALSE,Maricopa,6000000388,6000003229
height,17068,89.012,MAC Field Scanner Field Plot 632 Season 2,FALSE,Maricopa,6000000388,6000003228
height,17068,84.385,MAC Field Scanner Field Plot 644 Season 2,FALSE,Maricopa,6000000390,6000003240
height,17068,81.08,MAC Field Scanner Field Plot 645 Season 2,FALSE,Maricopa,6000000390,6000003241
height,17068,75.792,MAC Field Scanner Field Plot 620 Season 2,FALSE,Maricopa,6000000400,6000003216
height,17068,75.131,MAC Field Scanner Field Plot 621 Season 2,FALSE,Maricopa,6000000400,6000003217
height,17068,75.131,MAC Field Scanner Field Plot 659 Season 2,FALSE,Maricopa,6000000250,6000003255
height,17068,74.47,MAC Field Scanner Field Plot 658 Season 2,FALSE,Maricopa,6000000250,6000003254
height,17068,74.47,MAC Field Scanner Field Plot 661 Season 2,FALSE,Maricopa,6000000252,6000003257
height,17068,75.131,MAC Field Scanner Field Plot 702 Season 2,FALSE,Maricopa,6000000278,6000003298
height,17068,78.436,MAC Field Scanner Field Plot 712 Season 2,FALSE,Maricopa,6000000293,6000003308
height,17068,75.131,MAC Field Scanner Field Plot 713 Season 2,FALSE,Maricopa,6000000293,6000003309
height,17068,70.504,MAC Field Scanner Field Plot 710 Season 2,FALSE,Maricopa,6000000298,6000003306
height,17068,73.148,MAC Field Scanner Field Plot 711 Season 2,FALSE,Maricopa,6000000298,6000003307
height,17068,82.402,MAC Field Scanner Field Plot 678 Season 2,FALSE,Maricopa,6000000305,6000003274
height,17068,79.758,MAC Field Scanner Field Plot 679 Season 2,FALSE,Maricopa,6000000305,6000003275
height,17068,73.809,MAC Field Scanner Field Plot 682 Season 2,FALSE,Maricopa,6000000308,6000003278
height,17068,72.487,MAC Field Scanner Field Plot 683 Season 2,FALSE,Maricopa,6000000308,6000003279
height,17068,82.402,MAC Field Scanner Field Plot 674 Season 2,FALSE,Maricopa,6000000311,6000003270
height,17068,67.199,MAC Field Scanner Field Plot 675 Season 2,FALSE,Maricopa,6000000311,6000003271
height,17068,70.504,MAC Field Scanner Field Plot 718 Season 2,FALSE,Maricopa,6000000312,6000003314
height,17068,61.911,MAC Field Scanner Field Plot 719 Season 2,FALSE,Maricopa,6000000312,6000003315
height,17068,83.063,MAC Field Scanner Field Plot 686 Season 2,FALSE,Maricopa,6000000313,6000003282
height,17068,82.402,MAC Field Scanner Field Plot 687 Season 2,FALSE,Maricopa,6000000313,6000003283
height,17068,78.436,MAC Field Scanner Field Plot 703 Season 2,FALSE,Maricopa,6000000278,6000003299
height,17068,73.148,MAC Field Scanner Field Plot 667 Season 2,FALSE,Maricopa,6000000380,6000003263
height,17068,71.165,MAC Field Scanner Field Plot 666 Season 2,FALSE,Maricopa,6000000380,6000003262
height,17068,77.114,MAC Field Scanner Field Plot 693 Season 2,FALSE,Maricopa,6000000382,6000003289
height,17068,77.775,MAC Field Scanner Field Plot 692 Season 2,FALSE,Maricopa,6000000382,6000003288
height,17068,79.097,MAC Field Scanner Field Plot 714 Season 2,FALSE,Maricopa,6000000385,6000003310
height,17068,79.758,MAC Field Scanner Field Plot 715 Season 2,FALSE,Maricopa,6000000385,6000003311
height,17068,75.792,MAC Field Scanner Field Plot 701 Season 2,FALSE,Maricopa,6000000387,6000003297
height,17068,77.775,MAC Field Scanner Field Plot 700 Season 2,FALSE,Maricopa,6000000387,6000003296
height,17068,59.267,MAC Field Scanner Field Plot 708 Season 2,FALSE,Maricopa,6000000256,6000003304
height,17068,55.962,MAC Field Scanner Field Plot 709 Season 2,FALSE,Maricopa,6000000256,6000003305
height,17068,75.792,MAC Field Scanner Field Plot 716 Season 2,FALSE,Maricopa,6000000257,6000003312
height,17068,76.453,MAC Field Scanner Field Plot 717 Season 2,FALSE,Maricopa,6000000257,6000003313
height,17068,83.724,MAC Field Scanner Field Plot 699 Season 2,FALSE,Maricopa,6000000408,6000003295
height,17068,84.385,MAC Field Scanner Field Plot 765 Season 2,FALSE,Maricopa,6000000290,6000003361
height,17068,83.063,MAC Field Scanner Field Plot 764 Season 2,FALSE,Maricopa,6000000290,6000003360
height,17068,67.199,MAC Field Scanner Field Plot 742 Season 2,FALSE,Maricopa,6000000295,6000003338
height,17068,71.165,MAC Field Scanner Field Plot 743 Season 2,FALSE,Maricopa,6000000295,6000003339
height,17068,74.47,MAC Field Scanner Field Plot 725 Season 2,FALSE,Maricopa,6000000299,6000003321
height,17068,71.165,MAC Field Scanner Field Plot 724 Season 2,FALSE,Maricopa,6000000299,6000003320
height,17068,82.402,MAC Field Scanner Field Plot 735 Season 2,FALSE,Maricopa,6000000249,6000003331
height,17068,79.097,MAC Field Scanner Field Plot 734 Season 2,FALSE,Maricopa,6000000249,6000003330
height,17068,80.419,MAC Field Scanner Field Plot 740 Season 2,FALSE,Maricopa,6000000394,6000003336
height,17068,78.436,MAC Field Scanner Field Plot 741 Season 2,FALSE,Maricopa,6000000394,6000003337
height,17068,84.385,MAC Field Scanner Field Plot 759 Season 2,FALSE,Maricopa,6000000398,6000003355
height,17068,83.063,MAC Field Scanner Field Plot 758 Season 2,FALSE,Maricopa,6000000398,6000003354
height,17068,78.436,MAC Field Scanner Field Plot 729 Season 2,FALSE,Maricopa,6000000399,6000003325
height,17068,77.775,MAC Field Scanner Field Plot 728 Season 2,FALSE,Maricopa,6000000399,6000003324
height,17068,71.165,MAC Field Scanner Field Plot 757 Season 2,FALSE,Maricopa,6000000402,6000003353
height,17068,71.165,MAC Field Scanner Field Plot 756 Season 2,FALSE,Maricopa,6000000402,6000003352
height,17068,79.758,MAC Field Scanner Field Plot 727 Season 2,FALSE,Maricopa,6000000251,6000003323
height,17068,79.097,MAC Field Scanner Field Plot 726 Season 2,FALSE,Maricopa,6000000251,6000003322
height,17068,82.402,MAC Field Scanner Field Plot 755 Season 2,FALSE,Maricopa,6000000254,6000003351
height,17068,79.758,MAC Field Scanner Field Plot 754 Season 2,FALSE,Maricopa,6000000254,6000003350
height,17068,78.436,MAC Field Scanner Field Plot 770 Season 2,FALSE,Maricopa,6000000260,6000003366
height,17068,77.775,MAC Field Scanner Field Plot 771 Season 2,FALSE,Maricopa,6000000260,6000003367
height,17068,76.453,MAC Field Scanner Field Plot 748 Season 2,FALSE,Maricopa,6000000261,6000003344
height,17068,71.826,MAC Field Scanner Field Plot 827 Season 2,FALSE,Maricopa,6000000284,6000003423
height,17068,70.504,MAC Field Scanner Field Plot 826 Season 2,FALSE,Maricopa,6000000284,6000003422
height,17068,73.148,MAC Field Scanner Field Plot 795 Season 2,FALSE,Maricopa,6000000286,6000003391
height,17068,74.47,MAC Field Scanner Field Plot 794 Season 2,FALSE,Maricopa,6000000286,6000003390
height,17068,83.063,MAC Field Scanner Field Plot 802 Season 2,FALSE,Maricopa,6000000294,6000003398
height,17068,78.436,MAC Field Scanner Field Plot 803 Season 2,FALSE,Maricopa,6000000294,6000003399
height,17068,73.148,MAC Field Scanner Field Plot 812 Season 2,FALSE,Maricopa,6000000296,6000003408
height,17068,71.826,MAC Field Scanner Field Plot 813 Season 2,FALSE,Maricopa,6000000296,6000003409
height,17068,73.148,MAC Field Scanner Field Plot 829 Season 2,FALSE,Maricopa,6000000310,6000003425
height,17068,73.148,MAC Field Scanner Field Plot 828 Season 2,FALSE,Maricopa,6000000310,6000003424
height,17068,73.809,MAC Field Scanner Field Plot 787 Season 2,FALSE,Maricopa,6000000317,6000003383
height,17068,71.165,MAC Field Scanner Field Plot 786 Season 2,FALSE,Maricopa,6000000317,6000003382
height,17068,81.08,MAC Field Scanner Field Plot 791 Season 2,FALSE,Maricopa,6000000383,6000003387
height,17068,77.775,MAC Field Scanner Field Plot 790 Season 2,FALSE,Maricopa,6000000383,6000003386
height,17068,80.419,MAC Field Scanner Field Plot 799 Season 2,FALSE,Maricopa,6000000384,6000003395
height,17068,77.775,MAC Field Scanner Field Plot 798 Season 2,FALSE,Maricopa,6000000384,6000003394
height,17068,80.419,MAC Field Scanner Field Plot 804 Season 2,FALSE,Maricopa,6000000397,6000003400
height,17068,83.724,MAC Field Scanner Field Plot 805 Season 2,FALSE,Maricopa,6000000397,6000003401
height,17068,75.792,MAC Field Scanner Field Plot 797 Season 2,FALSE,Maricopa,6000000401,6000003393
height,17068,74.47,MAC Field Scanner Field Plot 796 Season 2,FALSE,Maricopa,6000000401,6000003392
height,17068,80.419,MAC Field Scanner Field Plot 831 Season 2,FALSE,Maricopa,6000000259,6000003427
height,17068,79.758,MAC Field Scanner Field Plot 830 Season 2,FALSE,Maricopa,6000000259,6000003426
height,17068,84.385,MAC Field Scanner Field Plot 806 Season 2,FALSE,Maricopa,6000000405,6000003402
height,17068,87.029,MAC Field Scanner Field Plot 807 Season 2,FALSE,Maricopa,6000000405,6000003403
height,17068,74.47,MAC Field Scanner Field Plot 821 Season 2,FALSE,Maricopa,6000000262,6000003417
height,17068,71.165,MAC Field Scanner Field Plot 820 Season 2,FALSE,Maricopa,6000000262,6000003416
height,17068,79.758,MAC Field Scanner Field Plot 808 Season 2,FALSE,Maricopa,6000000269,6000003404
height,17068,79.758,MAC Field Scanner Field Plot 809 Season 2,FALSE,Maricopa,6000000269,6000003405
height,17068,67.86,MAC Field Scanner Field Plot 819 Season 2,FALSE,Maricopa,6000000274,6000003415
height,17068,81.741,MAC Field Scanner Field Plot 818 Season 2,FALSE,Maricopa,6000000274,6000003414
height,17069,73.809,MAC Field Scanner Field Plot 44 Season 2,FALSE,Maricopa,6000000293,6000002640
height,17069,74.47,MAC Field Scanner Field Plot 45 Season 2,FALSE,Maricopa,6000000293,6000002641
height,17069,79.758,MAC Field Scanner Field Plot 55 Season 2,FALSE,Maricopa,6000000294,6000002651
height,17069,82.402,MAC Field Scanner Field Plot 54 Season 2,FALSE,Maricopa,6000000294,6000002650
height,17069,73.148,MAC Field Scanner Field Plot 35 Season 2,FALSE,Maricopa,6000000278,6000002631
height,17069,93.639,MAC Field Scanner Field Plot 29 Season 2,FALSE,Maricopa,6000000415,6000002625
height,17069,94.3,MAC Field Scanner Field Plot 28 Season 2,FALSE,Maricopa,6000000415,6000002624
height,17069,71.826,MAC Field Scanner Field Plot 51 Season 2,FALSE,Maricopa,6000000334,6000002647
height,17069,73.809,MAC Field Scanner Field Plot 50 Season 2,FALSE,Maricopa,6000000334,6000002646
height,17069,73.809,MAC Field Scanner Field Plot 40 Season 2,FALSE,Maricopa,6000000356,6000002636
height,17069,75.792,MAC Field Scanner Field Plot 41 Season 2,FALSE,Maricopa,6000000356,6000002637
height,17069,71.165,MAC Field Scanner Field Plot 36 Season 2,FALSE,Maricopa,6000000367,6000002632
height,17069,75.131,MAC Field Scanner Field Plot 37 Season 2,FALSE,Maricopa,6000000367,6000002633
height,17069,76.453,MAC Field Scanner Field Plot 42 Season 2,FALSE,Maricopa,6000000384,6000002638
height,17069,80.419,MAC Field Scanner Field Plot 43 Season 2,FALSE,Maricopa,6000000384,6000002639
height,17069,75.792,MAC Field Scanner Field Plot 53 Season 2,FALSE,Maricopa,6000000401,6000002649
height,17069,73.809,MAC Field Scanner Field Plot 52 Season 2,FALSE,Maricopa,6000000401,6000002648
height,17069,80.419,MAC Field Scanner Field Plot 46 Season 2,FALSE,Maricopa,6000000258,6000002642
height,17069,80.419,MAC Field Scanner Field Plot 47 Season 2,FALSE,Maricopa,6000000258,6000002643
height,17069,82.402,MAC Field Scanner Field Plot 78 Season 2,FALSE,Maricopa,6000000282,6000002674
height,17069,81.741,MAC Field Scanner Field Plot 79 Season 2,FALSE,Maricopa,6000000282,6000002675
height,17069,69.182,MAC Field Scanner Field Plot 72 Season 2,FALSE,Maricopa,6000000291,6000002668
height,17069,73.148,MAC Field Scanner Field Plot 73 Season 2,FALSE,Maricopa,6000000291,6000002669
height,17069,83.724,MAC Field Scanner Field Plot 98 Season 2,FALSE,Maricopa,6000000295,6000002694
height,17069,67.199,MAC Field Scanner Field Plot 99 Season 2,FALSE,Maricopa,6000000295,6000002695
height,17069,77.775,MAC Field Scanner Field Plot 70 Season 2,FALSE,Maricopa,6000000296,6000002666
height,17069,78.436,MAC Field Scanner Field Plot 71 Season 2,FALSE,Maricopa,6000000296,6000002667
height,17069,90.995,MAC Field Scanner Field Plot 63 Season 2,FALSE,Maricopa,6000000241,6000002659
height,17069,86.368,MAC Field Scanner Field Plot 62 Season 2,FALSE,Maricopa,6000000241,6000002658
height,17069,87.69,MAC Field Scanner Field Plot 87 Season 2,FALSE,Maricopa,6000000313,6000002683
height,17069,85.046,MAC Field Scanner Field Plot 86 Season 2,FALSE,Maricopa,6000000313,6000002682
height,17069,76.453,MAC Field Scanner Field Plot 108 Season 2,FALSE,Maricopa,6000000315,6000002704
height,17069,71.165,MAC Field Scanner Field Plot 109 Season 2,FALSE,Maricopa,6000000315,6000002705
height,17069,82.402,MAC Field Scanner Field Plot 106 Season 2,FALSE,Maricopa,6000000397,6000002702
height,17069,86.368,MAC Field Scanner Field Plot 107 Season 2,FALSE,Maricopa,6000000397,6000002703
height,17069,75.131,MAC Field Scanner Field Plot 83 Season 2,FALSE,Maricopa,6000000400,6000002679
height,17069,75.792,MAC Field Scanner Field Plot 82 Season 2,FALSE,Maricopa,6000000400,6000002678
height,17069,86.368,MAC Field Scanner Field Plot 66 Season 2,FALSE,Maricopa,6000000255,6000002662
height,17069,69.182,MAC Field Scanner Field Plot 67 Season 2,FALSE,Maricopa,6000000255,6000002663
height,17069,62.572,MAC Field Scanner Field Plot 74 Season 2,FALSE,Maricopa,6000000256,6000002670
height,17069,63.894,MAC Field Scanner Field Plot 75 Season 2,FALSE,Maricopa,6000000256,6000002671
height,17069,81.741,MAC Field Scanner Field Plot 76 Season 2,FALSE,Maricopa,6000000260,6000002672
height,17069,82.402,MAC Field Scanner Field Plot 77 Season 2,FALSE,Maricopa,6000000260,6000002673
height,17069,75.792,MAC Field Scanner Field Plot 102 Season 2,FALSE,Maricopa,6000000406,6000002698
height,17069,77.114,MAC Field Scanner Field Plot 103 Season 2,FALSE,Maricopa,6000000406,6000002699
height,17069,74.47,MAC Field Scanner Field Plot 100 Season 2,FALSE,Maricopa,6000000265,6000002696
height,17069,75.792,MAC Field Scanner Field Plot 101 Season 2,FALSE,Maricopa,6000000265,6000002697
height,17069,77.775,MAC Field Scanner Field Plot 61 Season 2,FALSE,Maricopa,6000000274,6000002657
height,17069,83.724,MAC Field Scanner Field Plot 121 Season 2,FALSE,Maricopa,6000000289,6000002717
height,17069,81.741,MAC Field Scanner Field Plot 120 Season 2,FALSE,Maricopa,6000000289,6000002716
height,17069,82.402,MAC Field Scanner Field Plot 164 Season 2,FALSE,Maricopa,6000000302,6000002760
height,17069,81.741,MAC Field Scanner Field Plot 165 Season 2,FALSE,Maricopa,6000000302,6000002761
height,17069,83.724,MAC Field Scanner Field Plot 119 Season 2,FALSE,Maricopa,6000000319,6000002715
height,17069,85.707,MAC Field Scanner Field Plot 118 Season 2,FALSE,Maricopa,6000000319,6000002714
height,17069,79.097,MAC Field Scanner Field Plot 140 Season 2,FALSE,Maricopa,6000000377,6000002736
height,17069,79.097,MAC Field Scanner Field Plot 141 Season 2,FALSE,Maricopa,6000000377,6000002737
height,17069,77.775,MAC Field Scanner Field Plot 123 Season 2,FALSE,Maricopa,6000000389,6000002719
height,17069,78.436,MAC Field Scanner Field Plot 122 Season 2,FALSE,Maricopa,6000000389,6000002718
height,17069,81.741,MAC Field Scanner Field Plot 127 Season 2,FALSE,Maricopa,6000000393,6000002723
height,17069,70.504,MAC Field Scanner Field Plot 126 Season 2,FALSE,Maricopa,6000000393,6000002722
height,17069,81.741,MAC Field Scanner Field Plot 149 Season 2,FALSE,Maricopa,6000000396,6000002745
height,17069,81.741,MAC Field Scanner Field Plot 148 Season 2,FALSE,Maricopa,6000000396,6000002744
height,17069,85.707,MAC Field Scanner Field Plot 162 Season 2,FALSE,Maricopa,6000000402,6000002758
height,17069,69.843,MAC Field Scanner Field Plot 163 Season 2,FALSE,Maricopa,6000000402,6000002759
height,17069,71.826,MAC Field Scanner Field Plot 151 Season 2,FALSE,Maricopa,6000000403,6000002747
height,17069,71.165,MAC Field Scanner Field Plot 150 Season 2,FALSE,Maricopa,6000000403,6000002746
height,17069,73.809,MAC Field Scanner Field Plot 142 Season 2,FALSE,Maricopa,6000000252,6000002738
height,17069,77.775,MAC Field Scanner Field Plot 143 Season 2,FALSE,Maricopa,6000000252,6000002739
height,17069,77.114,MAC Field Scanner Field Plot 132 Season 2,FALSE,Maricopa,6000000261,6000002728
height,17069,75.792,MAC Field Scanner Field Plot 133 Season 2,FALSE,Maricopa,6000000261,6000002729
height,17069,70.504,MAC Field Scanner Field Plot 138 Season 2,FALSE,Maricopa,6000000266,6000002734
height,17069,74.47,MAC Field Scanner Field Plot 139 Season 2,FALSE,Maricopa,6000000266,6000002735
height,17069,66.538,MAC Field Scanner Field Plot 172 Season 2,FALSE,Maricopa,6000000285,6000002768
height,17069,63.233,MAC Field Scanner Field Plot 173 Season 2,FALSE,Maricopa,6000000285,6000002769
height,17069,75.131,MAC Field Scanner Field Plot 166 Season 2,FALSE,Maricopa,6000000286,6000002762
height,17069,76.453,MAC Field Scanner Field Plot 167 Season 2,FALSE,Maricopa,6000000286,6000002763
height,17069,84.385,MAC Field Scanner Field Plot 198 Season 2,FALSE,Maricopa,6000000292,6000002794
height,17069,79.097,MAC Field Scanner Field Plot 199 Season 2,FALSE,Maricopa,6000000292,6000002795
height,17069,73.809,MAC Field Scanner Field Plot 189 Season 2,FALSE,Maricopa,6000000299,6000002785
height,17069,74.47,MAC Field Scanner Field Plot 188 Season 2,FALSE,Maricopa,6000000299,6000002784
height,17069,76.453,MAC Field Scanner Field Plot 221 Season 2,FALSE,Maricopa,6000000303,6000002817
height,17069,65.877,MAC Field Scanner Field Plot 220 Season 2,FALSE,Maricopa,6000000303,6000002816
height,17069,81.741,MAC Field Scanner Field Plot 187 Season 2,FALSE,Maricopa,6000000304,6000002783
height,17069,79.758,MAC Field Scanner Field Plot 186 Season 2,FALSE,Maricopa,6000000304,6000002782
height,17069,77.775,MAC Field Scanner Field Plot 181 Season 2,FALSE,Maricopa,6000000385,6000002777
height,17069,78.436,MAC Field Scanner Field Plot 180 Season 2,FALSE,Maricopa,6000000385,6000002776
height,17069,69.843,MAC Field Scanner Field Plot 217 Season 2,FALSE,Maricopa,6000000386,6000002813
height,17069,72.487,MAC Field Scanner Field Plot 216 Season 2,FALSE,Maricopa,6000000386,6000002812
height,17069,77.114,MAC Field Scanner Field Plot 202 Season 2,FALSE,Maricopa,6000000387,6000002798
height,17069,79.097,MAC Field Scanner Field Plot 203 Season 2,FALSE,Maricopa,6000000387,6000002799
height,17069,80.419,MAC Field Scanner Field Plot 213 Season 2,FALSE,Maricopa,6000000249,6000002809
height,17069,78.436,MAC Field Scanner Field Plot 212 Season 2,FALSE,Maricopa,6000000249,6000002808
height,17069,81.08,MAC Field Scanner Field Plot 215 Season 2,FALSE,Maricopa,6000000257,6000002811
height,17069,77.114,MAC Field Scanner Field Plot 214 Season 2,FALSE,Maricopa,6000000257,6000002810
height,17069,83.063,MAC Field Scanner Field Plot 211 Season 2,FALSE,Maricopa,6000000259,6000002807
height,17069,81.08,MAC Field Scanner Field Plot 210 Season 2,FALSE,Maricopa,6000000259,6000002806
height,17069,79.097,MAC Field Scanner Field Plot 170 Season 2,FALSE,Maricopa,6000000262,6000002766
height,17069,76.453,MAC Field Scanner Field Plot 171 Season 2,FALSE,Maricopa,6000000262,6000002767
height,17069,85.707,MAC Field Scanner Field Plot 185 Season 2,FALSE,Maricopa,6000000263,6000002781
height,17069,70.504,MAC Field Scanner Field Plot 268 Season 2,FALSE,Maricopa,6000000280,6000002864
height,17069,73.148,MAC Field Scanner Field Plot 269 Season 2,FALSE,Maricopa,6000000280,6000002865
height,17069,78.436,MAC Field Scanner Field Plot 232 Season 2,FALSE,Maricopa,6000000281,6000002828
height,17069,81.08,MAC Field Scanner Field Plot 233 Season 2,FALSE,Maricopa,6000000281,6000002829
height,17069,84.385,MAC Field Scanner Field Plot 262 Season 2,FALSE,Maricopa,6000000290,6000002858
height,17069,86.368,MAC Field Scanner Field Plot 263 Season 2,FALSE,Maricopa,6000000290,6000002859
height,17069,75.131,MAC Field Scanner Field Plot 249 Season 2,FALSE,Maricopa,6000000300,6000002845
height,17069,73.148,MAC Field Scanner Field Plot 248 Season 2,FALSE,Maricopa,6000000300,6000002844
height,17069,81.08,MAC Field Scanner Field Plot 264 Season 2,FALSE,Maricopa,6000000305,6000002860
height,17069,81.741,MAC Field Scanner Field Plot 265 Season 2,FALSE,Maricopa,6000000305,6000002861
height,17069,79.097,MAC Field Scanner Field Plot 266 Season 2,FALSE,Maricopa,6000000307,6000002862
height,17069,79.758,MAC Field Scanner Field Plot 267 Season 2,FALSE,Maricopa,6000000307,6000002863
height,17069,77.114,MAC Field Scanner Field Plot 247 Season 2,FALSE,Maricopa,6000000317,6000002843
height,17069,77.114,MAC Field Scanner Field Plot 246 Season 2,FALSE,Maricopa,6000000317,6000002842
height,17069,81.08,MAC Field Scanner Field Plot 245 Season 2,FALSE,Maricopa,6000000320,6000002841
height,17069,82.402,MAC Field Scanner Field Plot 244 Season 2,FALSE,Maricopa,6000000320,6000002840
height,17069,78.436,MAC Field Scanner Field Plot 277 Season 2,FALSE,Maricopa,6000000321,6000002873
height,17069,78.436,MAC Field Scanner Field Plot 276 Season 2,FALSE,Maricopa,6000000321,6000002872
height,17069,75.131,MAC Field Scanner Field Plot 228 Season 2,FALSE,Maricopa,6000000379,6000002824
height,17069,75.792,MAC Field Scanner Field Plot 229 Season 2,FALSE,Maricopa,6000000379,6000002825
height,17069,77.114,MAC Field Scanner Field Plot 230 Season 2,FALSE,Maricopa,6000000382,6000002826
height,17069,79.758,MAC Field Scanner Field Plot 231 Season 2,FALSE,Maricopa,6000000382,6000002827
height,17069,78.436,MAC Field Scanner Field Plot 260 Season 2,FALSE,Maricopa,6000000248,6000002856
height,17069,73.148,MAC Field Scanner Field Plot 261 Season 2,FALSE,Maricopa,6000000248,6000002857
height,17069,77.775,MAC Field Scanner Field Plot 270 Season 2,FALSE,Maricopa,6000000394,6000002866
height,17069,75.792,MAC Field Scanner Field Plot 271 Season 2,FALSE,Maricopa,6000000394,6000002867
height,17069,84.385,MAC Field Scanner Field Plot 234 Season 2,FALSE,Maricopa,6000000273,6000002830
height,17069,81.741,MAC Field Scanner Field Plot 235 Season 2,FALSE,Maricopa,6000000273,6000002831
height,17069,70.504,MAC Field Scanner Field Plot 314 Season 2,FALSE,Maricopa,6000000279,6000002910
height,17069,72.487,MAC Field Scanner Field Plot 302 Season 2,FALSE,Maricopa,6000000284,6000002898
height,17069,69.843,MAC Field Scanner Field Plot 303 Season 2,FALSE,Maricopa,6000000284,6000002899
height,17069,74.47,MAC Field Scanner Field Plot 326 Season 2,FALSE,Maricopa,6000000301,6000002922
height,17069,75.792,MAC Field Scanner Field Plot 327 Season 2,FALSE,Maricopa,6000000301,6000002923
height,17069,85.707,MAC Field Scanner Field Plot 307 Season 2,FALSE,Maricopa,6000000306,6000002903
height,17069,82.402,MAC Field Scanner Field Plot 306 Season 2,FALSE,Maricopa,6000000306,6000002902
height,17069,79.097,MAC Field Scanner Field Plot 290 Season 2,FALSE,Maricopa,6000000316,6000002886
height,17069,71.165,MAC Field Scanner Field Plot 291 Season 2,FALSE,Maricopa,6000000316,6000002887
height,17069,75.792,MAC Field Scanner Field Plot 281 Season 2,FALSE,Maricopa,6000000380,6000002877
height,17069,75.131,MAC Field Scanner Field Plot 280 Season 2,FALSE,Maricopa,6000000380,6000002876
height,17069,89.012,MAC Field Scanner Field Plot 296 Season 2,FALSE,Maricopa,6000000381,6000002892
height,17069,85.707,MAC Field Scanner Field Plot 297 Season 2,FALSE,Maricopa,6000000381,6000002893
height,17069,81.741,MAC Field Scanner Field Plot 279 Season 2,FALSE,Maricopa,6000000383,6000002875
height,17069,78.436,MAC Field Scanner Field Plot 278 Season 2,FALSE,Maricopa,6000000383,6000002874
height,17069,81.741,MAC Field Scanner Field Plot 309 Season 2,FALSE,Maricopa,6000000390,6000002905
height,17069,84.385,MAC Field Scanner Field Plot 308 Season 2,FALSE,Maricopa,6000000390,6000002904
height,17069,80.419,MAC Field Scanner Field Plot 319 Season 2,FALSE,Maricopa,6000000395,6000002915
height,17069,75.131,MAC Field Scanner Field Plot 318 Season 2,FALSE,Maricopa,6000000395,6000002914
height,17069,84.385,MAC Field Scanner Field Plot 298 Season 2,FALSE,Maricopa,6000000398,6000002894
height,17069,83.724,MAC Field Scanner Field Plot 299 Season 2,FALSE,Maricopa,6000000398,6000002895
height,17069,75.792,MAC Field Scanner Field Plot 324 Season 2,FALSE,Maricopa,6000000399,6000002920
height,17069,77.775,MAC Field Scanner Field Plot 325 Season 2,FALSE,Maricopa,6000000399,6000002921
height,17069,79.758,MAC Field Scanner Field Plot 283 Season 2,FALSE,Maricopa,6000000253,6000002879
height,17069,76.453,MAC Field Scanner Field Plot 282 Season 2,FALSE,Maricopa,6000000253,6000002878
height,17069,84.385,MAC Field Scanner Field Plot 322 Season 2,FALSE,Maricopa,6000000408,6000002918
height,17069,79.758,MAC Field Scanner Field Plot 345 Season 2,FALSE,Maricopa,6000000287,6000002941
height,17069,77.775,MAC Field Scanner Field Plot 344 Season 2,FALSE,Maricopa,6000000287,6000002940
height,17069,65.877,MAC Field Scanner Field Plot 379 Season 2,FALSE,Maricopa,6000000288,6000002975
height,17069,62.572,MAC Field Scanner Field Plot 378 Season 2,FALSE,Maricopa,6000000288,6000002974
height,17069,78.436,MAC Field Scanner Field Plot 358 Season 2,FALSE,Maricopa,6000000297,6000002954
height,17069,75.792,MAC Field Scanner Field Plot 359 Season 2,FALSE,Maricopa,6000000297,6000002955
height,17069,83.724,MAC Field Scanner Field Plot 386 Season 2,FALSE,Maricopa,6000000308,6000002982
height,17069,73.148,MAC Field Scanner Field Plot 387 Season 2,FALSE,Maricopa,6000000308,6000002983
height,17069,79.097,MAC Field Scanner Field Plot 351 Season 2,FALSE,Maricopa,6000000309,6000002947
height,17069,73.809,MAC Field Scanner Field Plot 350 Season 2,FALSE,Maricopa,6000000309,6000002946
height,17069,75.131,MAC Field Scanner Field Plot 347 Season 2,FALSE,Maricopa,6000000311,6000002943
height,17069,79.758,MAC Field Scanner Field Plot 346 Season 2,FALSE,Maricopa,6000000311,6000002942
height,17069,77.775,MAC Field Scanner Field Plot 383 Season 2,FALSE,Maricopa,6000000312,6000002979
height,17069,72.487,MAC Field Scanner Field Plot 382 Season 2,FALSE,Maricopa,6000000312,6000002978
height,17069,73.148,MAC Field Scanner Field Plot 371 Season 2,FALSE,Maricopa,6000000412,6000002967
height,17069,75.131,MAC Field Scanner Field Plot 370 Season 2,FALSE,Maricopa,6000000412,6000002966
height,17069,87.69,MAC Field Scanner Field Plot 360 Season 2,FALSE,Maricopa,6000000405,6000002956
height,17069,85.046,MAC Field Scanner Field Plot 361 Season 2,FALSE,Maricopa,6000000405,6000002957
height,17069,89.012,MAC Field Scanner Field Plot 364 Season 2,FALSE,Maricopa,6000000407,6000002960
height,17069,87.69,MAC Field Scanner Field Plot 365 Season 2,FALSE,Maricopa,6000000407,6000002961
height,17069,87.029,MAC Field Scanner Field Plot 343 Season 2,FALSE,Maricopa,6000000409,6000002939
height,17069,84.385,MAC Field Scanner Field Plot 342 Season 2,FALSE,Maricopa,6000000409,6000002938
height,17069,75.792,MAC Field Scanner Field Plot 356 Season 2,FALSE,Maricopa,6000000271,6000002952
height,17069,76.453,MAC Field Scanner Field Plot 357 Season 2,FALSE,Maricopa,6000000271,6000002953
height,17069,70.504,MAC Field Scanner Field Plot 362 Season 2,FALSE,Maricopa,6000000272,6000002958
height,17069,70.504,MAC Field Scanner Field Plot 363 Season 2,FALSE,Maricopa,6000000272,6000002959
height,17069,75.792,MAC Field Scanner Field Plot 409 Season 2,FALSE,Maricopa,6000000283,6000003005
height,17069,79.097,MAC Field Scanner Field Plot 408 Season 2,FALSE,Maricopa,6000000283,6000003004
height,17069,89.012,MAC Field Scanner Field Plot 418 Season 2,FALSE,Maricopa,6000000298,6000003014
height,17069,74.47,MAC Field Scanner Field Plot 419 Season 2,FALSE,Maricopa,6000000298,6000003015
height,17069,83.724,MAC Field Scanner Field Plot 443 Season 2,FALSE,Maricopa,6000000302,6000003039
height,17069,81.08,MAC Field Scanner Field Plot 442 Season 2,FALSE,Maricopa,6000000302,6000003038
height,17069,77.114,MAC Field Scanner Field Plot 437 Season 2,FALSE,Maricopa,6000000309,6000003033
height,17069,74.47,MAC Field Scanner Field Plot 436 Season 2,FALSE,Maricopa,6000000309,6000003032
height,17069,70.504,MAC Field Scanner Field Plot 398 Season 2,FALSE,Maricopa,6000000310,6000002994
height,17069,73.809,MAC Field Scanner Field Plot 399 Season 2,FALSE,Maricopa,6000000310,6000002995
height,17069,85.707,MAC Field Scanner Field Plot 424 Season 2,FALSE,Maricopa,6000000314,6000003020
height,17069,84.385,MAC Field Scanner Field Plot 425 Season 2,FALSE,Maricopa,6000000314,6000003021
height,17069,83.063,MAC Field Scanner Field Plot 390 Season 2,FALSE,Maricopa,6000000318,6000002986
height,17069,82.402,MAC Field Scanner Field Plot 391 Season 2,FALSE,Maricopa,6000000318,6000002987
height,17069,68.521,MAC Field Scanner Field Plot 388 Season 2,FALSE,Maricopa,6000000378,6000002984
height,17069,68.521,MAC Field Scanner Field Plot 389 Season 2,FALSE,Maricopa,6000000378,6000002985
height,17069,88.351,MAC Field Scanner Field Plot 392 Season 2,FALSE,Maricopa,6000000388,6000002988
height,17069,90.995,MAC Field Scanner Field Plot 393 Season 2,FALSE,Maricopa,6000000388,6000002989
height,17069,73.809,MAC Field Scanner Field Plot 430 Season 2,FALSE,Maricopa,6000000391,6000003026
height,17069,74.47,MAC Field Scanner Field Plot 431 Season 2,FALSE,Maricopa,6000000391,6000003027
height,17069,82.402,MAC Field Scanner Field Plot 426 Season 2,FALSE,Maricopa,6000000392,6000003022
height,17069,79.758,MAC Field Scanner Field Plot 427 Season 2,FALSE,Maricopa,6000000392,6000003023
height,17069,73.809,MAC Field Scanner Field Plot 405 Season 2,FALSE,Maricopa,6000000250,6000003001
height,17069,75.792,MAC Field Scanner Field Plot 404 Season 2,FALSE,Maricopa,6000000250,6000003e3
height,17069,74.47,MAC Field Scanner Field Plot 441 Season 2,FALSE,Maricopa,6000000403,6000003037
height,17069,73.809,MAC Field Scanner Field Plot 440 Season 2,FALSE,Maricopa,6000000403,6000003036
height,17069,84.385,MAC Field Scanner Field Plot 415 Season 2,FALSE,Maricopa,6000000251,6000003011
height,17069,84.385,MAC Field Scanner Field Plot 479 Season 2,FALSE,Maricopa,6000000280,6000003075
height,17069,77.114,MAC Field Scanner Field Plot 478 Season 2,FALSE,Maricopa,6000000280,6000003074
height,17069,70.504,MAC Field Scanner Field Plot 454 Season 2,FALSE,Maricopa,6000000288,6000003050
height,17069,69.182,MAC Field Scanner Field Plot 455 Season 2,FALSE,Maricopa,6000000288,6000003051
height,17069,77.114,MAC Field Scanner Field Plot 467 Season 2,FALSE,Maricopa,6000000304,6000003063
height,17069,78.436,MAC Field Scanner Field Plot 466 Season 2,FALSE,Maricopa,6000000304,6000003062
height,17069,88.351,MAC Field Scanner Field Plot 469 Season 2,FALSE,Maricopa,6000000306,6000003065
height,17069,85.046,MAC Field Scanner Field Plot 468 Season 2,FALSE,Maricopa,6000000306,6000003064
height,17069,85.046,MAC Field Scanner Field Plot 488 Season 2,FALSE,Maricopa,6000000307,6000003084
height,17069,84.385,MAC Field Scanner Field Plot 489 Season 2,FALSE,Maricopa,6000000307,6000003085
height,17069,80.419,MAC Field Scanner Field Plot 458 Season 2,FALSE,Maricopa,6000000389,6000003054
height,17069,79.758,MAC Field Scanner Field Plot 459 Season 2,FALSE,Maricopa,6000000389,6000003055
height,17069,79.758,MAC Field Scanner Field Plot 486 Season 2,FALSE,Maricopa,6000000391,6000003082
height,17069,79.758,MAC Field Scanner Field Plot 487 Season 2,FALSE,Maricopa,6000000391,6000003083
height,17069,71.826,MAC Field Scanner Field Plot 492 Season 2,FALSE,Maricopa,6000000393,6000003088
height,17069,71.826,MAC Field Scanner Field Plot 493 Season 2,FALSE,Maricopa,6000000393,6000003089
height,17069,75.792,MAC Field Scanner Field Plot 494 Season 2,FALSE,Maricopa,6000000412,6000003090
height,17069,75.792,MAC Field Scanner Field Plot 495 Season 2,FALSE,Maricopa,6000000412,6000003091
height,17069,73.148,MAC Field Scanner Field Plot 499 Season 2,FALSE,Maricopa,6000000253,6000003095
height,17069,73.148,MAC Field Scanner Field Plot 498 Season 2,FALSE,Maricopa,6000000253,6000003094
height,17069,94.3,MAC Field Scanner Field Plot 482 Season 2,FALSE,Maricopa,6000000407,6000003078
height,17069,92.317,MAC Field Scanner Field Plot 483 Season 2,FALSE,Maricopa,6000000407,6000003079
height,17069,71.826,MAC Field Scanner Field Plot 462 Season 2,FALSE,Maricopa,6000000266,6000003058
height,17069,73.148,MAC Field Scanner Field Plot 463 Season 2,FALSE,Maricopa,6000000266,6000003059
height,17069,89.012,MAC Field Scanner Field Plot 447 Season 2,FALSE,Maricopa,6000000276,6000003043
height,17069,71.165,MAC Field Scanner Field Plot 446 Season 2,FALSE,Maricopa,6000000276,6000003042
height,17069,83.724,MAC Field Scanner Field Plot 507 Season 2,FALSE,Maricopa,6000000281,6000003103
height,17069,83.724,MAC Field Scanner Field Plot 506 Season 2,FALSE,Maricopa,6000000281,6000003102
height,17069,80.419,MAC Field Scanner Field Plot 654 Season 2,FALSE,Maricopa,6000000282,6000003250
height,17069,78.436,MAC Field Scanner Field Plot 655 Season 2,FALSE,Maricopa,6000000282,6000003251
height,17069,85.707,MAC Field Scanner Field Plot 642 Season 2,FALSE,Maricopa,6000000285,6000003238
height,17069,66.538,MAC Field Scanner Field Plot 643 Season 2,FALSE,Maricopa,6000000285,6000003239
height,17069,78.436,MAC Field Scanner Field Plot 637 Season 2,FALSE,Maricopa,6000000291,6000003233
height,17069,78.436,MAC Field Scanner Field Plot 636 Season 2,FALSE,Maricopa,6000000291,6000003232
height,17069,79.097,MAC Field Scanner Field Plot 505 Season 2,FALSE,Maricopa,6000000297,6000003101
height,17069,78.436,MAC Field Scanner Field Plot 504 Season 2,FALSE,Maricopa,6000000297,6000003100
height,17069,73.148,MAC Field Scanner Field Plot 627 Season 2,FALSE,Maricopa,6000000300,6000003223
height,17069,70.504,MAC Field Scanner Field Plot 626 Season 2,FALSE,Maricopa,6000000300,6000003222
height,17069,81.741,MAC Field Scanner Field Plot 629 Season 2,FALSE,Maricopa,6000000319,6000003225
height,17069,83.063,MAC Field Scanner Field Plot 628 Season 2,FALSE,Maricopa,6000000319,6000003224
height,17069,65.216,MAC Field Scanner Field Plot 665 Season 2,FALSE,Maricopa,6000000378,6000003261
height,17069,65.216,MAC Field Scanner Field Plot 664 Season 2,FALSE,Maricopa,6000000378,6000003260
height,17069,71.165,MAC Field Scanner Field Plot 666 Season 2,FALSE,Maricopa,6000000380,6000003262
height,17069,85.707,MAC Field Scanner Field Plot 631 Season 2,FALSE,Maricopa,6000000381,6000003227
height,17069,87.029,MAC Field Scanner Field Plot 630 Season 2,FALSE,Maricopa,6000000381,6000003226
height,17069,71.826,MAC Field Scanner Field Plot 503 Season 2,FALSE,Maricopa,6000000386,6000003099
height,17069,70.504,MAC Field Scanner Field Plot 502 Season 2,FALSE,Maricopa,6000000386,6000003098
height,17069,90.334,MAC Field Scanner Field Plot 633 Season 2,FALSE,Maricopa,6000000388,6000003229
height,17069,87.69,MAC Field Scanner Field Plot 632 Season 2,FALSE,Maricopa,6000000388,6000003228
height,17069,76.453,MAC Field Scanner Field Plot 702 Season 2,FALSE,Maricopa,6000000278,6000003298
height,17069,79.758,MAC Field Scanner Field Plot 712 Season 2,FALSE,Maricopa,6000000293,6000003308
height,17069,75.792,MAC Field Scanner Field Plot 713 Season 2,FALSE,Maricopa,6000000293,6000003309
height,17069,71.826,MAC Field Scanner Field Plot 710 Season 2,FALSE,Maricopa,6000000298,6000003306
height,17069,73.809,MAC Field Scanner Field Plot 711 Season 2,FALSE,Maricopa,6000000298,6000003307
height,17069,83.063,MAC Field Scanner Field Plot 678 Season 2,FALSE,Maricopa,6000000305,6000003274
height,17069,81.08,MAC Field Scanner Field Plot 679 Season 2,FALSE,Maricopa,6000000305,6000003275
height,17069,74.47,MAC Field Scanner Field Plot 682 Season 2,FALSE,Maricopa,6000000308,6000003278
height,17069,73.148,MAC Field Scanner Field Plot 683 Season 2,FALSE,Maricopa,6000000308,6000003279
height,17069,81.741,MAC Field Scanner Field Plot 674 Season 2,FALSE,Maricopa,6000000311,6000003270
height,17069,68.521,MAC Field Scanner Field Plot 675 Season 2,FALSE,Maricopa,6000000311,6000003271
height,17069,70.504,MAC Field Scanner Field Plot 718 Season 2,FALSE,Maricopa,6000000312,6000003314
height,17069,63.894,MAC Field Scanner Field Plot 719 Season 2,FALSE,Maricopa,6000000312,6000003315
height,17069,83.063,MAC Field Scanner Field Plot 686 Season 2,FALSE,Maricopa,6000000313,6000003282
height,17069,77.775,MAC Field Scanner Field Plot 703 Season 2,FALSE,Maricopa,6000000278,6000003299
height,17069,73.148,MAC Field Scanner Field Plot 667 Season 2,FALSE,Maricopa,6000000380,6000003263
height,17069,77.775,MAC Field Scanner Field Plot 693 Season 2,FALSE,Maricopa,6000000382,6000003289
height,17069,78.436,MAC Field Scanner Field Plot 692 Season 2,FALSE,Maricopa,6000000382,6000003288
height,17069,79.097,MAC Field Scanner Field Plot 714 Season 2,FALSE,Maricopa,6000000385,6000003310
height,17069,79.758,MAC Field Scanner Field Plot 715 Season 2,FALSE,Maricopa,6000000385,6000003311
height,17069,77.114,MAC Field Scanner Field Plot 701 Season 2,FALSE,Maricopa,6000000387,6000003297
height,17069,78.436,MAC Field Scanner Field Plot 700 Season 2,FALSE,Maricopa,6000000387,6000003296
height,17069,59.928,MAC Field Scanner Field Plot 708 Season 2,FALSE,Maricopa,6000000256,6000003304
height,17069,56.623,MAC Field Scanner Field Plot 709 Season 2,FALSE,Maricopa,6000000256,6000003305
height,17069,76.453,MAC Field Scanner Field Plot 716 Season 2,FALSE,Maricopa,6000000257,6000003312
height,17069,77.114,MAC Field Scanner Field Plot 717 Season 2,FALSE,Maricopa,6000000257,6000003313
height,17069,85.046,MAC Field Scanner Field Plot 699 Season 2,FALSE,Maricopa,6000000408,6000003295
height,17069,83.063,MAC Field Scanner Field Plot 698 Season 2,FALSE,Maricopa,6000000408,6000003294
height,17069,73.148,MAC Field Scanner Field Plot 684 Season 2,FALSE,Maricopa,6000000270,6000003280
height,17069,85.707,MAC Field Scanner Field Plot 765 Season 2,FALSE,Maricopa,6000000290,6000003361
height,17069,84.385,MAC Field Scanner Field Plot 764 Season 2,FALSE,Maricopa,6000000290,6000003360
height,17069,68.521,MAC Field Scanner Field Plot 742 Season 2,FALSE,Maricopa,6000000295,6000003338
height,17069,71.826,MAC Field Scanner Field Plot 743 Season 2,FALSE,Maricopa,6000000295,6000003339
height,17069,76.453,MAC Field Scanner Field Plot 725 Season 2,FALSE,Maricopa,6000000299,6000003321
height,17069,71.826,MAC Field Scanner Field Plot 724 Season 2,FALSE,Maricopa,6000000299,6000003320
height,17069,82.402,MAC Field Scanner Field Plot 735 Season 2,FALSE,Maricopa,6000000249,6000003331
height,17069,79.758,MAC Field Scanner Field Plot 734 Season 2,FALSE,Maricopa,6000000249,6000003330
height,17069,81.08,MAC Field Scanner Field Plot 740 Season 2,FALSE,Maricopa,6000000394,6000003336
height,17069,79.097,MAC Field Scanner Field Plot 741 Season 2,FALSE,Maricopa,6000000394,6000003337
height,17069,85.046,MAC Field Scanner Field Plot 759 Season 2,FALSE,Maricopa,6000000398,6000003355
height,17069,84.385,MAC Field Scanner Field Plot 758 Season 2,FALSE,Maricopa,6000000398,6000003354
height,17069,78.436,MAC Field Scanner Field Plot 729 Season 2,FALSE,Maricopa,6000000399,6000003325
height,17069,78.436,MAC Field Scanner Field Plot 728 Season 2,FALSE,Maricopa,6000000399,6000003324
height,17069,71.826,MAC Field Scanner Field Plot 757 Season 2,FALSE,Maricopa,6000000402,6000003353
height,17069,71.165,MAC Field Scanner Field Plot 756 Season 2,FALSE,Maricopa,6000000402,6000003352
height,17069,81.08,MAC Field Scanner Field Plot 727 Season 2,FALSE,Maricopa,6000000251,6000003323
height,17069,80.419,MAC Field Scanner Field Plot 726 Season 2,FALSE,Maricopa,6000000251,6000003322
height,17069,83.063,MAC Field Scanner Field Plot 755 Season 2,FALSE,Maricopa,6000000254,6000003351
height,17069,79.758,MAC Field Scanner Field Plot 754 Season 2,FALSE,Maricopa,6000000254,6000003350
height,17069,78.436,MAC Field Scanner Field Plot 770 Season 2,FALSE,Maricopa,6000000260,6000003366
height,17069,78.436,MAC Field Scanner Field Plot 771 Season 2,FALSE,Maricopa,6000000260,6000003367
height,17069,77.114,MAC Field Scanner Field Plot 748 Season 2,FALSE,Maricopa,6000000261,6000003344
height,17069,73.148,MAC Field Scanner Field Plot 827 Season 2,FALSE,Maricopa,6000000284,6000003423
height,17069,70.504,MAC Field Scanner Field Plot 826 Season 2,FALSE,Maricopa,6000000284,6000003422
height,17069,74.47,MAC Field Scanner Field Plot 795 Season 2,FALSE,Maricopa,6000000286,6000003391
height,17069,75.131,MAC Field Scanner Field Plot 794 Season 2,FALSE,Maricopa,6000000286,6000003390
height,17069,83.063,MAC Field Scanner Field Plot 802 Season 2,FALSE,Maricopa,6000000294,6000003398
height,17069,79.097,MAC Field Scanner Field Plot 803 Season 2,FALSE,Maricopa,6000000294,6000003399
height,17069,74.47,MAC Field Scanner Field Plot 812 Season 2,FALSE,Maricopa,6000000296,6000003408
height,17069,72.487,MAC Field Scanner Field Plot 813 Season 2,FALSE,Maricopa,6000000296,6000003409
height,17069,75.131,MAC Field Scanner Field Plot 829 Season 2,FALSE,Maricopa,6000000310,6000003425
height,17069,74.47,MAC Field Scanner Field Plot 828 Season 2,FALSE,Maricopa,6000000310,6000003424
height,17069,73.809,MAC Field Scanner Field Plot 787 Season 2,FALSE,Maricopa,6000000317,6000003383
height,17069,71.165,MAC Field Scanner Field Plot 786 Season 2,FALSE,Maricopa,6000000317,6000003382
height,17069,82.402,MAC Field Scanner Field Plot 791 Season 2,FALSE,Maricopa,6000000383,6000003387
height,17069,79.758,MAC Field Scanner Field Plot 790 Season 2,FALSE,Maricopa,6000000383,6000003386
height,17069,80.419,MAC Field Scanner Field Plot 799 Season 2,FALSE,Maricopa,6000000384,6000003395
height,17069,77.775,MAC Field Scanner Field Plot 798 Season 2,FALSE,Maricopa,6000000384,6000003394
height,17069,81.08,MAC Field Scanner Field Plot 804 Season 2,FALSE,Maricopa,6000000397,6000003400
height,17069,84.385,MAC Field Scanner Field Plot 805 Season 2,FALSE,Maricopa,6000000397,6000003401
height,17069,75.792,MAC Field Scanner Field Plot 797 Season 2,FALSE,Maricopa,6000000401,6000003393
height,17069,75.131,MAC Field Scanner Field Plot 796 Season 2,FALSE,Maricopa,6000000401,6000003392
height,17069,81.741,MAC Field Scanner Field Plot 831 Season 2,FALSE,Maricopa,6000000259,6000003427
height,17069,81.741,MAC Field Scanner Field Plot 830 Season 2,FALSE,Maricopa,6000000259,6000003426
height,17069,85.707,MAC Field Scanner Field Plot 806 Season 2,FALSE,Maricopa,6000000405,6000003402
height,17069,88.351,MAC Field Scanner Field Plot 807 Season 2,FALSE,Maricopa,6000000405,6000003403
height,17069,75.131,MAC Field Scanner Field Plot 821 Season 2,FALSE,Maricopa,6000000262,6000003417
height,17069,71.826,MAC Field Scanner Field Plot 820 Season 2,FALSE,Maricopa,6000000262,6000003416
height,17069,80.419,MAC Field Scanner Field Plot 808 Season 2,FALSE,Maricopa,6000000269,6000003404
height,17069,81.08,MAC Field Scanner Field Plot 809 Season 2,FALSE,Maricopa,6000000269,6000003405
height,17069,68.521,MAC Field Scanner Field Plot 819 Season 2,FALSE,Maricopa,6000000274,6000003415
height,17070,74.47,MAC Field Scanner Field Plot 44 Season 2,FALSE,Maricopa,6000000293,6000002640
height,17070,75.792,MAC Field Scanner Field Plot 45 Season 2,FALSE,Maricopa,6000000293,6000002641
height,17070,81.08,MAC Field Scanner Field Plot 55 Season 2,FALSE,Maricopa,6000000294,6000002651
height,17070,83.063,MAC Field Scanner Field Plot 54 Season 2,FALSE,Maricopa,6000000294,6000002650
height,17070,73.148,MAC Field Scanner Field Plot 35 Season 2,FALSE,Maricopa,6000000278,6000002631
height,17070,95.622,MAC Field Scanner Field Plot 29 Season 2,FALSE,Maricopa,6000000415,6000002625
height,17070,96.283,MAC Field Scanner Field Plot 28 Season 2,FALSE,Maricopa,6000000415,6000002624
height,17070,72.487,MAC Field Scanner Field Plot 51 Season 2,FALSE,Maricopa,6000000334,6000002647
height,17070,74.47,MAC Field Scanner Field Plot 50 Season 2,FALSE,Maricopa,6000000334,6000002646
height,17070,74.47,MAC Field Scanner Field Plot 40 Season 2,FALSE,Maricopa,6000000356,6000002636
height,17070,76.453,MAC Field Scanner Field Plot 41 Season 2,FALSE,Maricopa,6000000356,6000002637
height,17070,73.148,MAC Field Scanner Field Plot 36 Season 2,FALSE,Maricopa,6000000367,6000002632
height,17070,77.114,MAC Field Scanner Field Plot 37 Season 2,FALSE,Maricopa,6000000367,6000002633
height,17070,77.114,MAC Field Scanner Field Plot 42 Season 2,FALSE,Maricopa,6000000384,6000002638
height,17070,80.419,MAC Field Scanner Field Plot 43 Season 2,FALSE,Maricopa,6000000384,6000002639
height,17070,76.453,MAC Field Scanner Field Plot 53 Season 2,FALSE,Maricopa,6000000401,6000002649
height,17070,74.47,MAC Field Scanner Field Plot 52 Season 2,FALSE,Maricopa,6000000401,6000002648
height,17070,80.419,MAC Field Scanner Field Plot 46 Season 2,FALSE,Maricopa,6000000258,6000002642
height,17070,81.08,MAC Field Scanner Field Plot 47 Season 2,FALSE,Maricopa,6000000258,6000002643
height,17070,83.063,MAC Field Scanner Field Plot 78 Season 2,FALSE,Maricopa,6000000282,6000002674
height,17070,81.08,MAC Field Scanner Field Plot 79 Season 2,FALSE,Maricopa,6000000282,6000002675
height,17070,69.843,MAC Field Scanner Field Plot 72 Season 2,FALSE,Maricopa,6000000291,6000002668
height,17070,74.47,MAC Field Scanner Field Plot 73 Season 2,FALSE,Maricopa,6000000291,6000002669
height,17070,83.063,MAC Field Scanner Field Plot 98 Season 2,FALSE,Maricopa,6000000295,6000002694
height,17070,68.521,MAC Field Scanner Field Plot 99 Season 2,FALSE,Maricopa,6000000295,6000002695
height,17070,78.436,MAC Field Scanner Field Plot 70 Season 2,FALSE,Maricopa,6000000296,6000002666
height,17070,79.097,MAC Field Scanner Field Plot 71 Season 2,FALSE,Maricopa,6000000296,6000002667
height,17070,90.334,MAC Field Scanner Field Plot 63 Season 2,FALSE,Maricopa,6000000241,6000002659
height,17070,87.029,MAC Field Scanner Field Plot 62 Season 2,FALSE,Maricopa,6000000241,6000002658
height,17070,87.69,MAC Field Scanner Field Plot 87 Season 2,FALSE,Maricopa,6000000313,6000002683
height,17070,85.046,MAC Field Scanner Field Plot 86 Season 2,FALSE,Maricopa,6000000313,6000002682
height,17070,77.775,MAC Field Scanner Field Plot 108 Season 2,FALSE,Maricopa,6000000315,6000002704
height,17070,71.826,MAC Field Scanner Field Plot 109 Season 2,FALSE,Maricopa,6000000315,6000002705
height,17070,83.063,MAC Field Scanner Field Plot 106 Season 2,FALSE,Maricopa,6000000397,6000002702
height,17070,87.69,MAC Field Scanner Field Plot 107 Season 2,FALSE,Maricopa,6000000397,6000002703
height,17070,75.792,MAC Field Scanner Field Plot 83 Season 2,FALSE,Maricopa,6000000400,6000002679
height,17070,75.792,MAC Field Scanner Field Plot 82 Season 2,FALSE,Maricopa,6000000400,6000002678
height,17070,86.368,MAC Field Scanner Field Plot 66 Season 2,FALSE,Maricopa,6000000255,6000002662
height,17070,69.182,MAC Field Scanner Field Plot 67 Season 2,FALSE,Maricopa,6000000255,6000002663
height,17070,63.233,MAC Field Scanner Field Plot 74 Season 2,FALSE,Maricopa,6000000256,6000002670
height,17070,64.555,MAC Field Scanner Field Plot 75 Season 2,FALSE,Maricopa,6000000256,6000002671
height,17070,83.724,MAC Field Scanner Field Plot 76 Season 2,FALSE,Maricopa,6000000260,6000002672
height,17070,84.385,MAC Field Scanner Field Plot 77 Season 2,FALSE,Maricopa,6000000260,6000002673
height,17070,77.114,MAC Field Scanner Field Plot 102 Season 2,FALSE,Maricopa,6000000406,6000002698
height,17070,77.775,MAC Field Scanner Field Plot 103 Season 2,FALSE,Maricopa,6000000406,6000002699
height,17070,75.792,MAC Field Scanner Field Plot 100 Season 2,FALSE,Maricopa,6000000265,6000002696
height,17070,77.114,MAC Field Scanner Field Plot 101 Season 2,FALSE,Maricopa,6000000265,6000002697
height,17070,78.436,MAC Field Scanner Field Plot 61 Season 2,FALSE,Maricopa,6000000274,6000002657
height,17070,84.385,MAC Field Scanner Field Plot 121 Season 2,FALSE,Maricopa,6000000289,6000002717
height,17070,82.402,MAC Field Scanner Field Plot 120 Season 2,FALSE,Maricopa,6000000289,6000002716
height,17070,83.063,MAC Field Scanner Field Plot 164 Season 2,FALSE,Maricopa,6000000302,6000002760
height,17070,81.741,MAC Field Scanner Field Plot 165 Season 2,FALSE,Maricopa,6000000302,6000002761
height,17070,84.385,MAC Field Scanner Field Plot 119 Season 2,FALSE,Maricopa,6000000319,6000002715
height,17070,86.368,MAC Field Scanner Field Plot 118 Season 2,FALSE,Maricopa,6000000319,6000002714
height,17070,79.758,MAC Field Scanner Field Plot 140 Season 2,FALSE,Maricopa,6000000377,6000002736
height,17070,80.419,MAC Field Scanner Field Plot 141 Season 2,FALSE,Maricopa,6000000377,6000002737
height,17070,78.436,MAC Field Scanner Field Plot 123 Season 2,FALSE,Maricopa,6000000389,6000002719
height,17070,79.758,MAC Field Scanner Field Plot 122 Season 2,FALSE,Maricopa,6000000389,6000002718
height,17070,80.419,MAC Field Scanner Field Plot 127 Season 2,FALSE,Maricopa,6000000393,6000002723
height,17070,70.504,MAC Field Scanner Field Plot 126 Season 2,FALSE,Maricopa,6000000393,6000002722
height,17070,83.063,MAC Field Scanner Field Plot 149 Season 2,FALSE,Maricopa,6000000396,6000002745
height,17070,83.063,MAC Field Scanner Field Plot 148 Season 2,FALSE,Maricopa,6000000396,6000002744
height,17070,86.368,MAC Field Scanner Field Plot 162 Season 2,FALSE,Maricopa,6000000402,6000002758
height,17070,69.843,MAC Field Scanner Field Plot 163 Season 2,FALSE,Maricopa,6000000402,6000002759
height,17070,72.487,MAC Field Scanner Field Plot 151 Season 2,FALSE,Maricopa,6000000403,6000002747
height,17070,71.826,MAC Field Scanner Field Plot 150 Season 2,FALSE,Maricopa,6000000403,6000002746
height,17070,74.47,MAC Field Scanner Field Plot 142 Season 2,FALSE,Maricopa,6000000252,6000002738
height,17070,79.097,MAC Field Scanner Field Plot 143 Season 2,FALSE,Maricopa,6000000252,6000002739
height,17070,78.436,MAC Field Scanner Field Plot 132 Season 2,FALSE,Maricopa,6000000261,6000002728
height,17070,77.775,MAC Field Scanner Field Plot 133 Season 2,FALSE,Maricopa,6000000261,6000002729
height,17070,71.165,MAC Field Scanner Field Plot 138 Season 2,FALSE,Maricopa,6000000266,6000002734
height,17070,74.47,MAC Field Scanner Field Plot 139 Season 2,FALSE,Maricopa,6000000266,6000002735
height,17070,67.86,MAC Field Scanner Field Plot 172 Season 2,FALSE,Maricopa,6000000285,6000002768
height,17070,64.555,MAC Field Scanner Field Plot 173 Season 2,FALSE,Maricopa,6000000285,6000002769
height,17070,75.792,MAC Field Scanner Field Plot 166 Season 2,FALSE,Maricopa,6000000286,6000002762
height,17070,77.114,MAC Field Scanner Field Plot 167 Season 2,FALSE,Maricopa,6000000286,6000002763
height,17070,85.707,MAC Field Scanner Field Plot 198 Season 2,FALSE,Maricopa,6000000292,6000002794
height,17070,81.08,MAC Field Scanner Field Plot 199 Season 2,FALSE,Maricopa,6000000292,6000002795
height,17070,75.131,MAC Field Scanner Field Plot 189 Season 2,FALSE,Maricopa,6000000299,6000002785
height,17070,75.792,MAC Field Scanner Field Plot 188 Season 2,FALSE,Maricopa,6000000299,6000002784
height,17070,77.114,MAC Field Scanner Field Plot 221 Season 2,FALSE,Maricopa,6000000303,6000002817
height,17070,66.538,MAC Field Scanner Field Plot 220 Season 2,FALSE,Maricopa,6000000303,6000002816
height,17070,82.402,MAC Field Scanner Field Plot 187 Season 2,FALSE,Maricopa,6000000304,6000002783
height,17070,80.419,MAC Field Scanner Field Plot 186 Season 2,FALSE,Maricopa,6000000304,6000002782
height,17070,79.097,MAC Field Scanner Field Plot 181 Season 2,FALSE,Maricopa,6000000385,6000002777
height,17070,79.758,MAC Field Scanner Field Plot 180 Season 2,FALSE,Maricopa,6000000385,6000002776
height,17070,69.843,MAC Field Scanner Field Plot 217 Season 2,FALSE,Maricopa,6000000386,6000002813
height,17070,73.809,MAC Field Scanner Field Plot 216 Season 2,FALSE,Maricopa,6000000386,6000002812
height,17070,79.097,MAC Field Scanner Field Plot 202 Season 2,FALSE,Maricopa,6000000387,6000002798
height,17070,81.08,MAC Field Scanner Field Plot 203 Season 2,FALSE,Maricopa,6000000387,6000002799
height,17070,81.08,MAC Field Scanner Field Plot 213 Season 2,FALSE,Maricopa,6000000249,6000002809
height,17070,79.758,MAC Field Scanner Field Plot 212 Season 2,FALSE,Maricopa,6000000249,6000002808
height,17070,81.741,MAC Field Scanner Field Plot 215 Season 2,FALSE,Maricopa,6000000257,6000002811
height,17070,77.775,MAC Field Scanner Field Plot 214 Season 2,FALSE,Maricopa,6000000257,6000002810
height,17070,83.724,MAC Field Scanner Field Plot 211 Season 2,FALSE,Maricopa,6000000259,6000002807
height,17070,81.741,MAC Field Scanner Field Plot 210 Season 2,FALSE,Maricopa,6000000259,6000002806
height,17070,79.097,MAC Field Scanner Field Plot 170 Season 2,FALSE,Maricopa,6000000262,6000002766
height,17070,76.453,MAC Field Scanner Field Plot 171 Season 2,FALSE,Maricopa,6000000262,6000002767
height,17070,85.707,MAC Field Scanner Field Plot 185 Season 2,FALSE,Maricopa,6000000263,6000002781
height,17070,70.504,MAC Field Scanner Field Plot 268 Season 2,FALSE,Maricopa,6000000280,6000002864
height,17070,74.47,MAC Field Scanner Field Plot 269 Season 2,FALSE,Maricopa,6000000280,6000002865
height,17070,79.758,MAC Field Scanner Field Plot 232 Season 2,FALSE,Maricopa,6000000281,6000002828
height,17070,82.402,MAC Field Scanner Field Plot 233 Season 2,FALSE,Maricopa,6000000281,6000002829
height,17070,86.368,MAC Field Scanner Field Plot 262 Season 2,FALSE,Maricopa,6000000290,6000002858
height,17070,88.351,MAC Field Scanner Field Plot 263 Season 2,FALSE,Maricopa,6000000290,6000002859
height,17070,75.131,MAC Field Scanner Field Plot 249 Season 2,FALSE,Maricopa,6000000300,6000002845
height,17070,73.148,MAC Field Scanner Field Plot 248 Season 2,FALSE,Maricopa,6000000300,6000002844
height,17070,81.741,MAC Field Scanner Field Plot 264 Season 2,FALSE,Maricopa,6000000305,6000002860
height,17070,83.724,MAC Field Scanner Field Plot 265 Season 2,FALSE,Maricopa,6000000305,6000002861
height,17070,79.758,MAC Field Scanner Field Plot 266 Season 2,FALSE,Maricopa,6000000307,6000002862
height,17070,79.758,MAC Field Scanner Field Plot 267 Season 2,FALSE,Maricopa,6000000307,6000002863
height,17070,77.114,MAC Field Scanner Field Plot 247 Season 2,FALSE,Maricopa,6000000317,6000002843
height,17070,77.114,MAC Field Scanner Field Plot 246 Season 2,FALSE,Maricopa,6000000317,6000002842
height,17070,81.741,MAC Field Scanner Field Plot 245 Season 2,FALSE,Maricopa,6000000320,6000002841
height,17070,83.063,MAC Field Scanner Field Plot 244 Season 2,FALSE,Maricopa,6000000320,6000002840
height,17070,79.097,MAC Field Scanner Field Plot 277 Season 2,FALSE,Maricopa,6000000321,6000002873
height,17070,79.097,MAC Field Scanner Field Plot 276 Season 2,FALSE,Maricopa,6000000321,6000002872
height,17070,75.131,MAC Field Scanner Field Plot 228 Season 2,FALSE,Maricopa,6000000379,6000002824
height,17070,77.114,MAC Field Scanner Field Plot 229 Season 2,FALSE,Maricopa,6000000379,6000002825
height,17070,77.775,MAC Field Scanner Field Plot 230 Season 2,FALSE,Maricopa,6000000382,6000002826
height,17070,80.419,MAC Field Scanner Field Plot 231 Season 2,FALSE,Maricopa,6000000382,6000002827
height,17070,79.097,MAC Field Scanner Field Plot 260 Season 2,FALSE,Maricopa,6000000248,6000002856
height,17070,73.809,MAC Field Scanner Field Plot 261 Season 2,FALSE,Maricopa,6000000248,6000002857
height,17070,78.436,MAC Field Scanner Field Plot 270 Season 2,FALSE,Maricopa,6000000394,6000002866
height,17070,76.453,MAC Field Scanner Field Plot 271 Season 2,FALSE,Maricopa,6000000394,6000002867
height,17070,84.385,MAC Field Scanner Field Plot 234 Season 2,FALSE,Maricopa,6000000273,6000002830
height,17070,82.402,MAC Field Scanner Field Plot 235 Season 2,FALSE,Maricopa,6000000273,6000002831
height,17070,70.504,MAC Field Scanner Field Plot 314 Season 2,FALSE,Maricopa,6000000279,6000002910
height,17070,73.148,MAC Field Scanner Field Plot 302 Season 2,FALSE,Maricopa,6000000284,6000002898
height,17070,70.504,MAC Field Scanner Field Plot 303 Season 2,FALSE,Maricopa,6000000284,6000002899
height,17070,75.131,MAC Field Scanner Field Plot 326 Season 2,FALSE,Maricopa,6000000301,6000002922
height,17070,76.453,MAC Field Scanner Field Plot 327 Season 2,FALSE,Maricopa,6000000301,6000002923
height,17070,85.707,MAC Field Scanner Field Plot 307 Season 2,FALSE,Maricopa,6000000306,6000002903
height,17070,83.724,MAC Field Scanner Field Plot 306 Season 2,FALSE,Maricopa,6000000306,6000002902
height,17070,81.08,MAC Field Scanner Field Plot 290 Season 2,FALSE,Maricopa,6000000316,6000002886
height,17070,71.165,MAC Field Scanner Field Plot 291 Season 2,FALSE,Maricopa,6000000316,6000002887
height,17070,76.453,MAC Field Scanner Field Plot 281 Season 2,FALSE,Maricopa,6000000380,6000002877
height,17070,75.131,MAC Field Scanner Field Plot 280 Season 2,FALSE,Maricopa,6000000380,6000002876
height,17070,89.673,MAC Field Scanner Field Plot 296 Season 2,FALSE,Maricopa,6000000381,6000002892
height,17070,86.368,MAC Field Scanner Field Plot 297 Season 2,FALSE,Maricopa,6000000381,6000002893
height,17070,82.402,MAC Field Scanner Field Plot 279 Season 2,FALSE,Maricopa,6000000383,6000002875
height,17070,79.758,MAC Field Scanner Field Plot 278 Season 2,FALSE,Maricopa,6000000383,6000002874
height,17070,82.402,MAC Field Scanner Field Plot 309 Season 2,FALSE,Maricopa,6000000390,6000002905
height,17070,83.724,MAC Field Scanner Field Plot 308 Season 2,FALSE,Maricopa,6000000390,6000002904
height,17070,80.419,MAC Field Scanner Field Plot 319 Season 2,FALSE,Maricopa,6000000395,6000002915
height,17070,75.131,MAC Field Scanner Field Plot 318 Season 2,FALSE,Maricopa,6000000395,6000002914
height,17070,85.707,MAC Field Scanner Field Plot 298 Season 2,FALSE,Maricopa,6000000398,6000002894
height,17070,85.046,MAC Field Scanner Field Plot 299 Season 2,FALSE,Maricopa,6000000398,6000002895
height,17070,77.114,MAC Field Scanner Field Plot 324 Season 2,FALSE,Maricopa,6000000399,6000002920
height,17070,78.436,MAC Field Scanner Field Plot 325 Season 2,FALSE,Maricopa,6000000399,6000002921
height,17070,81.08,MAC Field Scanner Field Plot 283 Season 2,FALSE,Maricopa,6000000253,6000002879
height,17070,77.775,MAC Field Scanner Field Plot 282 Season 2,FALSE,Maricopa,6000000253,6000002878
height,17070,85.046,MAC Field Scanner Field Plot 322 Season 2,FALSE,Maricopa,6000000408,6000002918
height,17070,79.758,MAC Field Scanner Field Plot 345 Season 2,FALSE,Maricopa,6000000287,6000002941
height,17070,78.436,MAC Field Scanner Field Plot 344 Season 2,FALSE,Maricopa,6000000287,6000002940
height,17070,67.199,MAC Field Scanner Field Plot 379 Season 2,FALSE,Maricopa,6000000288,6000002975
height,17070,63.233,MAC Field Scanner Field Plot 378 Season 2,FALSE,Maricopa,6000000288,6000002974
height,17070,79.097,MAC Field Scanner Field Plot 358 Season 2,FALSE,Maricopa,6000000297,6000002954
height,17070,76.453,MAC Field Scanner Field Plot 359 Season 2,FALSE,Maricopa,6000000297,6000002955
height,17070,83.724,MAC Field Scanner Field Plot 386 Season 2,FALSE,Maricopa,6000000308,6000002982
height,17070,73.148,MAC Field Scanner Field Plot 387 Season 2,FALSE,Maricopa,6000000308,6000002983
height,17070,79.097,MAC Field Scanner Field Plot 351 Season 2,FALSE,Maricopa,6000000309,6000002947
height,17070,74.47,MAC Field Scanner Field Plot 350 Season 2,FALSE,Maricopa,6000000309,6000002946
height,17070,75.792,MAC Field Scanner Field Plot 347 Season 2,FALSE,Maricopa,6000000311,6000002943
height,17070,81.08,MAC Field Scanner Field Plot 346 Season 2,FALSE,Maricopa,6000000311,6000002942
height,17070,77.775,MAC Field Scanner Field Plot 383 Season 2,FALSE,Maricopa,6000000312,6000002979
height,17070,72.487,MAC Field Scanner Field Plot 382 Season 2,FALSE,Maricopa,6000000312,6000002978
height,17070,73.809,MAC Field Scanner Field Plot 371 Season 2,FALSE,Maricopa,6000000412,6000002967
height,17070,75.792,MAC Field Scanner Field Plot 370 Season 2,FALSE,Maricopa,6000000412,6000002966
height,17070,89.012,MAC Field Scanner Field Plot 360 Season 2,FALSE,Maricopa,6000000405,6000002956
height,17070,86.368,MAC Field Scanner Field Plot 361 Season 2,FALSE,Maricopa,6000000405,6000002957
height,17070,89.012,MAC Field Scanner Field Plot 364 Season 2,FALSE,Maricopa,6000000407,6000002960
height,17070,88.351,MAC Field Scanner Field Plot 365 Season 2,FALSE,Maricopa,6000000407,6000002961
height,17070,87.69,MAC Field Scanner Field Plot 343 Season 2,FALSE,Maricopa,6000000409,6000002939
height,17070,85.046,MAC Field Scanner Field Plot 342 Season 2,FALSE,Maricopa,6000000409,6000002938
height,17070,77.114,MAC Field Scanner Field Plot 356 Season 2,FALSE,Maricopa,6000000271,6000002952
height,17070,77.114,MAC Field Scanner Field Plot 357 Season 2,FALSE,Maricopa,6000000271,6000002953
height,17070,71.165,MAC Field Scanner Field Plot 362 Season 2,FALSE,Maricopa,6000000272,6000002958
height,17070,71.165,MAC Field Scanner Field Plot 363 Season 2,FALSE,Maricopa,6000000272,6000002959
height,17070,76.453,MAC Field Scanner Field Plot 409 Season 2,FALSE,Maricopa,6000000283,6000003005
height,17070,80.419,MAC Field Scanner Field Plot 408 Season 2,FALSE,Maricopa,6000000283,6000003004
height,17070,89.012,MAC Field Scanner Field Plot 418 Season 2,FALSE,Maricopa,6000000298,6000003014
height,17070,75.131,MAC Field Scanner Field Plot 419 Season 2,FALSE,Maricopa,6000000298,6000003015
height,17070,84.385,MAC Field Scanner Field Plot 443 Season 2,FALSE,Maricopa,6000000302,6000003039
height,17070,81.741,MAC Field Scanner Field Plot 442 Season 2,FALSE,Maricopa,6000000302,6000003038
height,17070,77.775,MAC Field Scanner Field Plot 437 Season 2,FALSE,Maricopa,6000000309,6000003033
height,17070,75.792,MAC Field Scanner Field Plot 436 Season 2,FALSE,Maricopa,6000000309,6000003032
height,17070,71.826,MAC Field Scanner Field Plot 398 Season 2,FALSE,Maricopa,6000000310,6000002994
height,17070,75.131,MAC Field Scanner Field Plot 399 Season 2,FALSE,Maricopa,6000000310,6000002995
height,17070,86.368,MAC Field Scanner Field Plot 424 Season 2,FALSE,Maricopa,6000000314,6000003020
height,17070,85.046,MAC Field Scanner Field Plot 425 Season 2,FALSE,Maricopa,6000000314,6000003021
height,17070,83.724,MAC Field Scanner Field Plot 390 Season 2,FALSE,Maricopa,6000000318,6000002986
height,17070,83.063,MAC Field Scanner Field Plot 391 Season 2,FALSE,Maricopa,6000000318,6000002987
height,17070,69.182,MAC Field Scanner Field Plot 388 Season 2,FALSE,Maricopa,6000000378,6000002984
height,17070,69.182,MAC Field Scanner Field Plot 389 Season 2,FALSE,Maricopa,6000000378,6000002985
height,17070,90.995,MAC Field Scanner Field Plot 392 Season 2,FALSE,Maricopa,6000000388,6000002988
height,17070,92.978,MAC Field Scanner Field Plot 393 Season 2,FALSE,Maricopa,6000000388,6000002989
height,17070,74.47,MAC Field Scanner Field Plot 430 Season 2,FALSE,Maricopa,6000000391,6000003026
height,17070,75.131,MAC Field Scanner Field Plot 431 Season 2,FALSE,Maricopa,6000000391,6000003027
height,17070,84.385,MAC Field Scanner Field Plot 426 Season 2,FALSE,Maricopa,6000000392,6000003022
height,17070,81.08,MAC Field Scanner Field Plot 427 Season 2,FALSE,Maricopa,6000000392,6000003023
height,17070,75.131,MAC Field Scanner Field Plot 405 Season 2,FALSE,Maricopa,6000000250,6000003001
height,17070,76.453,MAC Field Scanner Field Plot 404 Season 2,FALSE,Maricopa,6000000250,6000003e3
height,17070,74.47,MAC Field Scanner Field Plot 441 Season 2,FALSE,Maricopa,6000000403,6000003037
height,17070,73.809,MAC Field Scanner Field Plot 440 Season 2,FALSE,Maricopa,6000000403,6000003036
height,17070,84.385,MAC Field Scanner Field Plot 415 Season 2,FALSE,Maricopa,6000000251,6000003011
height,17070,84.385,MAC Field Scanner Field Plot 479 Season 2,FALSE,Maricopa,6000000280,6000003075
height,17070,77.775,MAC Field Scanner Field Plot 478 Season 2,FALSE,Maricopa,6000000280,6000003074
height,17070,70.504,MAC Field Scanner Field Plot 454 Season 2,FALSE,Maricopa,6000000288,6000003050
height,17070,69.843,MAC Field Scanner Field Plot 455 Season 2,FALSE,Maricopa,6000000288,6000003051
height,17070,77.775,MAC Field Scanner Field Plot 467 Season 2,FALSE,Maricopa,6000000304,6000003063
height,17070,80.419,MAC Field Scanner Field Plot 466 Season 2,FALSE,Maricopa,6000000304,6000003062
height,17070,89.673,MAC Field Scanner Field Plot 469 Season 2,FALSE,Maricopa,6000000306,6000003065
height,17070,86.368,MAC Field Scanner Field Plot 468 Season 2,FALSE,Maricopa,6000000306,6000003064
height,17070,85.707,MAC Field Scanner Field Plot 488 Season 2,FALSE,Maricopa,6000000307,6000003084
height,17070,85.707,MAC Field Scanner Field Plot 489 Season 2,FALSE,Maricopa,6000000307,6000003085
height,17070,81.08,MAC Field Scanner Field Plot 458 Season 2,FALSE,Maricopa,6000000389,6000003054
height,17070,79.758,MAC Field Scanner Field Plot 459 Season 2,FALSE,Maricopa,6000000389,6000003055
height,17070,81.08,MAC Field Scanner Field Plot 486 Season 2,FALSE,Maricopa,6000000391,6000003082
height,17070,80.419,MAC Field Scanner Field Plot 487 Season 2,FALSE,Maricopa,6000000391,6000003083
height,17070,72.487,MAC Field Scanner Field Plot 492 Season 2,FALSE,Maricopa,6000000393,6000003088
height,17070,73.809,MAC Field Scanner Field Plot 493 Season 2,FALSE,Maricopa,6000000393,6000003089
height,17070,76.453,MAC Field Scanner Field Plot 494 Season 2,FALSE,Maricopa,6000000412,6000003090
height,17070,77.114,MAC Field Scanner Field Plot 495 Season 2,FALSE,Maricopa,6000000412,6000003091
height,17070,73.148,MAC Field Scanner Field Plot 499 Season 2,FALSE,Maricopa,6000000253,6000003095
height,17070,75.131,MAC Field Scanner Field Plot 498 Season 2,FALSE,Maricopa,6000000253,6000003094
height,17070,95.622,MAC Field Scanner Field Plot 482 Season 2,FALSE,Maricopa,6000000407,6000003078
height,17070,92.317,MAC Field Scanner Field Plot 483 Season 2,FALSE,Maricopa,6000000407,6000003079
height,17070,71.826,MAC Field Scanner Field Plot 462 Season 2,FALSE,Maricopa,6000000266,6000003058
height,17070,73.148,MAC Field Scanner Field Plot 463 Season 2,FALSE,Maricopa,6000000266,6000003059
height,17070,89.012,MAC Field Scanner Field Plot 447 Season 2,FALSE,Maricopa,6000000276,6000003043
height,17070,71.165,MAC Field Scanner Field Plot 446 Season 2,FALSE,Maricopa,6000000276,6000003042
height,17070,71.165,MAC Field Scanner Field Plot 518 Season 2,FALSE,Maricopa,6000000279,6000003114
height,17070,73.148,MAC Field Scanner Field Plot 519 Season 2,FALSE,Maricopa,6000000279,6000003115
height,17070,84.385,MAC Field Scanner Field Plot 507 Season 2,FALSE,Maricopa,6000000281,6000003103
height,17070,83.724,MAC Field Scanner Field Plot 506 Season 2,FALSE,Maricopa,6000000281,6000003102
height,17070,84.385,MAC Field Scanner Field Plot 548 Season 2,FALSE,Maricopa,6000000292,6000003144
height,17070,84.385,MAC Field Scanner Field Plot 549 Season 2,FALSE,Maricopa,6000000292,6000003145
height,17070,78.436,MAC Field Scanner Field Plot 505 Season 2,FALSE,Maricopa,6000000297,6000003101
height,17070,78.436,MAC Field Scanner Field Plot 504 Season 2,FALSE,Maricopa,6000000297,6000003100
height,17070,80.419,MAC Field Scanner Field Plot 520 Season 2,FALSE,Maricopa,6000000301,6000003116
height,17070,81.08,MAC Field Scanner Field Plot 521 Season 2,FALSE,Maricopa,6000000301,6000003117
height,17070,72.487,MAC Field Scanner Field Plot 550 Season 2,FALSE,Maricopa,6000000303,6000003146
height,17070,66.538,MAC Field Scanner Field Plot 551 Season 2,FALSE,Maricopa,6000000303,6000003147
height,17070,74.47,MAC Field Scanner Field Plot 516 Season 2,FALSE,Maricopa,6000000315,6000003112
height,17070,76.453,MAC Field Scanner Field Plot 517 Season 2,FALSE,Maricopa,6000000315,6000003113
height,17070,85.707,MAC Field Scanner Field Plot 539 Season 2,FALSE,Maricopa,6000000320,6000003135
height,17070,83.724,MAC Field Scanner Field Plot 538 Season 2,FALSE,Maricopa,6000000320,6000003134
height,17070,71.826,MAC Field Scanner Field Plot 503 Season 2,FALSE,Maricopa,6000000386,6000003099
height,17070,71.826,MAC Field Scanner Field Plot 502 Season 2,FALSE,Maricopa,6000000386,6000003098
height,17070,83.063,MAC Field Scanner Field Plot 543 Season 2,FALSE,Maricopa,6000000392,6000003139
height,17070,79.758,MAC Field Scanner Field Plot 542 Season 2,FALSE,Maricopa,6000000392,6000003138
height,17070,79.758,MAC Field Scanner Field Plot 509 Season 2,FALSE,Maricopa,6000000395,6000003105
height,17070,81.741,MAC Field Scanner Field Plot 508 Season 2,FALSE,Maricopa,6000000395,6000003104
height,17070,83.724,MAC Field Scanner Field Plot 533 Season 2,FALSE,Maricopa,6000000410,6000003129
height,17070,83.724,MAC Field Scanner Field Plot 532 Season 2,FALSE,Maricopa,6000000410,6000003128
height,17070,81.741,MAC Field Scanner Field Plot 514 Season 2,FALSE,Maricopa,6000000267,6000003110
height,17070,77.775,MAC Field Scanner Field Plot 515 Season 2,FALSE,Maricopa,6000000267,6000003111
height,17070,85.046,MAC Field Scanner Field Plot 526 Season 2,FALSE,Maricopa,6000000268,6000003122
height,17070,79.758,MAC Field Scanner Field Plot 527 Season 2,FALSE,Maricopa,6000000268,6000003123
height,17070,74.47,MAC Field Scanner Field Plot 589 Season 2,FALSE,Maricopa,6000000277,6000003185
height,17070,81.08,MAC Field Scanner Field Plot 601 Season 2,FALSE,Maricopa,6000000283,6000003197
height,17070,81.08,MAC Field Scanner Field Plot 600 Season 2,FALSE,Maricopa,6000000283,6000003196
height,17070,89.012,MAC Field Scanner Field Plot 575 Season 2,FALSE,Maricopa,6000000287,6000003171
height,17070,79.097,MAC Field Scanner Field Plot 574 Season 2,FALSE,Maricopa,6000000287,6000003170
height,17070,91.656,MAC Field Scanner Field Plot 571 Season 2,FALSE,Maricopa,6000000241,6000003167
height,17070,89.673,MAC Field Scanner Field Plot 570 Season 2,FALSE,Maricopa,6000000241,6000003166
height,17070,72.487,MAC Field Scanner Field Plot 605 Season 2,FALSE,Maricopa,6000000316,6000003201
height,17070,71.826,MAC Field Scanner Field Plot 604 Season 2,FALSE,Maricopa,6000000316,6000003200
height,17070,85.707,MAC Field Scanner Field Plot 584 Season 2,FALSE,Maricopa,6000000318,6000003180
height,17070,85.707,MAC Field Scanner Field Plot 585 Season 2,FALSE,Maricopa,6000000318,6000003181
height,17070,78.436,MAC Field Scanner Field Plot 595 Season 2,FALSE,Maricopa,6000000331,6000003191
height,17070,76.453,MAC Field Scanner Field Plot 594 Season 2,FALSE,Maricopa,6000000331,6000003190
height,17070,83.063,MAC Field Scanner Field Plot 562 Season 2,FALSE,Maricopa,6000000376,6000003158
height,17070,85.707,MAC Field Scanner Field Plot 607 Season 2,FALSE,Maricopa,6000000377,6000003203
height,17070,81.741,MAC Field Scanner Field Plot 606 Season 2,FALSE,Maricopa,6000000377,6000003202
height,17070,73.148,MAC Field Scanner Field Plot 556 Season 2,FALSE,Maricopa,6000000379,6000003152
height,17070,73.148,MAC Field Scanner Field Plot 557 Season 2,FALSE,Maricopa,6000000379,6000003153
height,17070,71.826,MAC Field Scanner Field Plot 558 Season 2,FALSE,Maricopa,6000000248,6000003154
height,17070,82.402,MAC Field Scanner Field Plot 559 Season 2,FALSE,Maricopa,6000000248,6000003155
height,17070,89.012,MAC Field Scanner Field Plot 597 Season 2,FALSE,Maricopa,6000000396,6000003193
height,17070,81.08,MAC Field Scanner Field Plot 596 Season 2,FALSE,Maricopa,6000000396,6000003192
height,17070,61.911,MAC Field Scanner Field Plot 554 Season 2,FALSE,Maricopa,6000000255,6000003150
height,17070,67.86,MAC Field Scanner Field Plot 555 Season 2,FALSE,Maricopa,6000000255,6000003151
height,17070,85.707,MAC Field Scanner Field Plot 578 Season 2,FALSE,Maricopa,6000000271,6000003174
height,17070,76.453,MAC Field Scanner Field Plot 579 Season 2,FALSE,Maricopa,6000000271,6000003175
height,17070,75.131,MAC Field Scanner Field Plot 565 Season 2,FALSE,Maricopa,6000000275,6000003161
height,17070,76.453,MAC Field Scanner Field Plot 564 Season 2,FALSE,Maricopa,6000000275,6000003160
height,17070,75.131,MAC Field Scanner Field Plot 588 Season 2,FALSE,Maricopa,6000000277,6000003184
height,17070,82.402,MAC Field Scanner Field Plot 614 Season 2,FALSE,Maricopa,6000000289,6000003210
height,17070,80.419,MAC Field Scanner Field Plot 615 Season 2,FALSE,Maricopa,6000000289,6000003211
height,17070,70.504,MAC Field Scanner Field Plot 637 Season 2,FALSE,Maricopa,6000000291,6000003233
height,17070,67.86,MAC Field Scanner Field Plot 636 Season 2,FALSE,Maricopa,6000000291,6000003232
height,17070,68.521,MAC Field Scanner Field Plot 742 Season 2,FALSE,Maricopa,6000000295,6000003338
height,17070,73.148,MAC Field Scanner Field Plot 743 Season 2,FALSE,Maricopa,6000000295,6000003339
height,17070,70.504,MAC Field Scanner Field Plot 627 Season 2,FALSE,Maricopa,6000000300,6000003223
height,17070,72.487,MAC Field Scanner Field Plot 626 Season 2,FALSE,Maricopa,6000000300,6000003222
height,17070,83.063,MAC Field Scanner Field Plot 629 Season 2,FALSE,Maricopa,6000000319,6000003225
height,17070,81.741,MAC Field Scanner Field Plot 628 Season 2,FALSE,Maricopa,6000000319,6000003224
height,17070,86.368,MAC Field Scanner Field Plot 631 Season 2,FALSE,Maricopa,6000000381,6000003227
height,17070,87.69,MAC Field Scanner Field Plot 630 Season 2,FALSE,Maricopa,6000000381,6000003226
height,17070,93.639,MAC Field Scanner Field Plot 633 Season 2,FALSE,Maricopa,6000000388,6000003229
height,17070,90.995,MAC Field Scanner Field Plot 632 Season 2,FALSE,Maricopa,6000000388,6000003228
height,17070,82.402,MAC Field Scanner Field Plot 740 Season 2,FALSE,Maricopa,6000000394,6000003336
height,17070,81.08,MAC Field Scanner Field Plot 741 Season 2,FALSE,Maricopa,6000000394,6000003337
height,17070,86.368,MAC Field Scanner Field Plot 759 Season 2,FALSE,Maricopa,6000000398,6000003355
height,17070,85.046,MAC Field Scanner Field Plot 758 Season 2,FALSE,Maricopa,6000000398,6000003354
height,17070,75.792,MAC Field Scanner Field Plot 620 Season 2,FALSE,Maricopa,6000000400,6000003216
height,17070,75.792,MAC Field Scanner Field Plot 621 Season 2,FALSE,Maricopa,6000000400,6000003217
height,17070,71.165,MAC Field Scanner Field Plot 757 Season 2,FALSE,Maricopa,6000000402,6000003353
height,17070,72.487,MAC Field Scanner Field Plot 756 Season 2,FALSE,Maricopa,6000000402,6000003352
height,17070,84.385,MAC Field Scanner Field Plot 755 Season 2,FALSE,Maricopa,6000000254,6000003351
height,17070,81.741,MAC Field Scanner Field Plot 754 Season 2,FALSE,Maricopa,6000000254,6000003350
height,17070,84.385,MAC Field Scanner Field Plot 635 Season 2,FALSE,Maricopa,6000000258,6000003231
height,17070,75.792,MAC Field Scanner Field Plot 795 Season 2,FALSE,Maricopa,6000000286,6000003391
height,17070,75.792,MAC Field Scanner Field Plot 794 Season 2,FALSE,Maricopa,6000000286,6000003390
height,17070,88.351,MAC Field Scanner Field Plot 765 Season 2,FALSE,Maricopa,6000000290,6000003361
height,17070,87.029,MAC Field Scanner Field Plot 764 Season 2,FALSE,Maricopa,6000000290,6000003360
height,17070,80.419,MAC Field Scanner Field Plot 802 Season 2,FALSE,Maricopa,6000000294,6000003398
height,17070,80.419,MAC Field Scanner Field Plot 803 Season 2,FALSE,Maricopa,6000000294,6000003399
height,17070,75.131,MAC Field Scanner Field Plot 812 Season 2,FALSE,Maricopa,6000000296,6000003408
height,17070,73.809,MAC Field Scanner Field Plot 813 Season 2,FALSE,Maricopa,6000000296,6000003409
height,17070,74.47,MAC Field Scanner Field Plot 787 Season 2,FALSE,Maricopa,6000000317,6000003383
height,17070,72.487,MAC Field Scanner Field Plot 786 Season 2,FALSE,Maricopa,6000000317,6000003382
height,17070,84.385,MAC Field Scanner Field Plot 791 Season 2,FALSE,Maricopa,6000000383,6000003387
height,17070,80.419,MAC Field Scanner Field Plot 790 Season 2,FALSE,Maricopa,6000000383,6000003386
height,17070,78.436,MAC Field Scanner Field Plot 799 Season 2,FALSE,Maricopa,6000000384,6000003395
height,17070,79.097,MAC Field Scanner Field Plot 798 Season 2,FALSE,Maricopa,6000000384,6000003394
height,17070,83.063,MAC Field Scanner Field Plot 804 Season 2,FALSE,Maricopa,6000000397,6000003400
height,17070,87.029,MAC Field Scanner Field Plot 805 Season 2,FALSE,Maricopa,6000000397,6000003401
height,17070,76.453,MAC Field Scanner Field Plot 797 Season 2,FALSE,Maricopa,6000000401,6000003393
height,17070,75.792,MAC Field Scanner Field Plot 796 Season 2,FALSE,Maricopa,6000000401,6000003392
height,17070,89.673,MAC Field Scanner Field Plot 806 Season 2,FALSE,Maricopa,6000000405,6000003402
height,17070,90.995,MAC Field Scanner Field Plot 807 Season 2,FALSE,Maricopa,6000000405,6000003403
height,17070,77.775,MAC Field Scanner Field Plot 770 Season 2,FALSE,Maricopa,6000000260,6000003366
height,17070,79.097,MAC Field Scanner Field Plot 771 Season 2,FALSE,Maricopa,6000000260,6000003367
height,17070,82.402,MAC Field Scanner Field Plot 808 Season 2,FALSE,Maricopa,6000000269,6000003404
height,17070,83.724,MAC Field Scanner Field Plot 809 Season 2,FALSE,Maricopa,6000000269,6000003405
height,17070,81.08,MAC Field Scanner Field Plot 767 Season 2,FALSE,Maricopa,6000000273,6000003363
height,17070,81.741,MAC Field Scanner Field Plot 766 Season 2,FALSE,Maricopa,6000000273,6000003362
height,17070,73.809,MAC Field Scanner Field Plot 827 Season 2,FALSE,Maricopa,6000000284,6000003423
height,17070,71.165,MAC Field Scanner Field Plot 826 Season 2,FALSE,Maricopa,6000000284,6000003422
height,17070,75.792,MAC Field Scanner Field Plot 829 Season 2,FALSE,Maricopa,6000000310,6000003425
height,17070,75.792,MAC Field Scanner Field Plot 828 Season 2,FALSE,Maricopa,6000000310,6000003424
height,17071,74.47,MAC Field Scanner Field Plot 35 Season 2,FALSE,Maricopa,6000000278,6000002631
height,17071,99.588,MAC Field Scanner Field Plot 29 Season 2,FALSE,Maricopa,6000000415,6000002625
height,17071,104.215,MAC Field Scanner Field Plot 28 Season 2,FALSE,Maricopa,6000000415,6000002624
height,17070,81.741,MAC Field Scanner Field Plot 825 Season 2,FALSE,Maricopa,6000000354,6000003421
height,17070,86.368,MAC Field Scanner Field Plot 824 Season 2,FALSE,Maricopa,6000000354,6000003420
height,17070,88.351,MAC Field Scanner Field Plot 823 Season 2,FALSE,Maricopa,6000000365,6000003419
height,17070,88.351,MAC Field Scanner Field Plot 822 Season 2,FALSE,Maricopa,6000000365,6000003418
height,17071,73.809,MAC Field Scanner Field Plot 36 Season 2,FALSE,Maricopa,6000000367,6000002632
height,17071,79.097,MAC Field Scanner Field Plot 37 Season 2,FALSE,Maricopa,6000000367,6000002633
height,17070,81.741,MAC Field Scanner Field Plot 831 Season 2,FALSE,Maricopa,6000000259,6000003427
height,17070,82.402,MAC Field Scanner Field Plot 830 Season 2,FALSE,Maricopa,6000000259,6000003426
height,17070,75.131,MAC Field Scanner Field Plot 821 Season 2,FALSE,Maricopa,6000000262,6000003417
height,17070,81.741,MAC Field Scanner Field Plot 820 Season 2,FALSE,Maricopa,6000000262,6000003416
height,17070,77.775,MAC Field Scanner Field Plot 819 Season 2,FALSE,Maricopa,6000000274,6000003415
height,17070,94.3,MAC Field Scanner Field Plot 818 Season 2,FALSE,Maricopa,6000000274,6000003414
height,17071,83.724,MAC Field Scanner Field Plot 78 Season 2,FALSE,Maricopa,6000000282,6000002674
height,17071,83.063,MAC Field Scanner Field Plot 79 Season 2,FALSE,Maricopa,6000000282,6000002675
height,17071,71.826,MAC Field Scanner Field Plot 72 Season 2,FALSE,Maricopa,6000000291,6000002668
height,17071,75.131,MAC Field Scanner Field Plot 73 Season 2,FALSE,Maricopa,6000000291,6000002669
height,17071,74.47,MAC Field Scanner Field Plot 44 Season 2,FALSE,Maricopa,6000000293,6000002640
height,17071,74.47,MAC Field Scanner Field Plot 45 Season 2,FALSE,Maricopa,6000000293,6000002641
height,17071,81.741,MAC Field Scanner Field Plot 55 Season 2,FALSE,Maricopa,6000000294,6000002651
height,17071,84.385,MAC Field Scanner Field Plot 54 Season 2,FALSE,Maricopa,6000000294,6000002650
height,17071,78.436,MAC Field Scanner Field Plot 70 Season 2,FALSE,Maricopa,6000000296,6000002666
height,17071,80.419,MAC Field Scanner Field Plot 71 Season 2,FALSE,Maricopa,6000000296,6000002667
height,17071,87.69,MAC Field Scanner Field Plot 63 Season 2,FALSE,Maricopa,6000000241,6000002659
height,17071,87.029,MAC Field Scanner Field Plot 62 Season 2,FALSE,Maricopa,6000000241,6000002658
height,17071,84.385,MAC Field Scanner Field Plot 87 Season 2,FALSE,Maricopa,6000000313,6000002683
height,17071,84.385,MAC Field Scanner Field Plot 86 Season 2,FALSE,Maricopa,6000000313,6000002682
height,17071,77.775,MAC Field Scanner Field Plot 42 Season 2,FALSE,Maricopa,6000000384,6000002638
height,17071,81.08,MAC Field Scanner Field Plot 43 Season 2,FALSE,Maricopa,6000000384,6000002639
height,17071,75.792,MAC Field Scanner Field Plot 83 Season 2,FALSE,Maricopa,6000000400,6000002679
height,17071,78.436,MAC Field Scanner Field Plot 82 Season 2,FALSE,Maricopa,6000000400,6000002678
height,17071,75.792,MAC Field Scanner Field Plot 53 Season 2,FALSE,Maricopa,6000000401,6000002649
height,17071,75.131,MAC Field Scanner Field Plot 52 Season 2,FALSE,Maricopa,6000000401,6000002648
height,17071,70.504,MAC Field Scanner Field Plot 66 Season 2,FALSE,Maricopa,6000000255,6000002662
height,17071,69.843,MAC Field Scanner Field Plot 67 Season 2,FALSE,Maricopa,6000000255,6000002663
height,17071,63.894,MAC Field Scanner Field Plot 74 Season 2,FALSE,Maricopa,6000000256,6000002670
height,17071,65.877,MAC Field Scanner Field Plot 75 Season 2,FALSE,Maricopa,6000000256,6000002671
height,17071,80.419,MAC Field Scanner Field Plot 46 Season 2,FALSE,Maricopa,6000000258,6000002642
height,17071,82.402,MAC Field Scanner Field Plot 47 Season 2,FALSE,Maricopa,6000000258,6000002643
height,17071,87.029,MAC Field Scanner Field Plot 76 Season 2,FALSE,Maricopa,6000000260,6000002672
height,17071,87.69,MAC Field Scanner Field Plot 77 Season 2,FALSE,Maricopa,6000000260,6000002673
height,17071,79.097,MAC Field Scanner Field Plot 61 Season 2,FALSE,Maricopa,6000000274,6000002657
height,17071,83.724,MAC Field Scanner Field Plot 60 Season 2,FALSE,Maricopa,6000000274,6000002656
height,17071,85.046,MAC Field Scanner Field Plot 121 Season 2,FALSE,Maricopa,6000000289,6000002717
height,17071,83.063,MAC Field Scanner Field Plot 120 Season 2,FALSE,Maricopa,6000000289,6000002716
height,17071,67.199,MAC Field Scanner Field Plot 98 Season 2,FALSE,Maricopa,6000000295,6000002694
height,17071,69.843,MAC Field Scanner Field Plot 99 Season 2,FALSE,Maricopa,6000000295,6000002695
height,17071,79.097,MAC Field Scanner Field Plot 108 Season 2,FALSE,Maricopa,6000000315,6000002704
height,17071,71.826,MAC Field Scanner Field Plot 109 Season 2,FALSE,Maricopa,6000000315,6000002705
height,17071,86.368,MAC Field Scanner Field Plot 119 Season 2,FALSE,Maricopa,6000000319,6000002715
height,17071,87.69,MAC Field Scanner Field Plot 118 Season 2,FALSE,Maricopa,6000000319,6000002714
height,17071,81.741,MAC Field Scanner Field Plot 140 Season 2,FALSE,Maricopa,6000000377,6000002736
height,17071,81.08,MAC Field Scanner Field Plot 141 Season 2,FALSE,Maricopa,6000000377,6000002737
height,17071,79.097,MAC Field Scanner Field Plot 123 Season 2,FALSE,Maricopa,6000000389,6000002719
height,17071,81.08,MAC Field Scanner Field Plot 122 Season 2,FALSE,Maricopa,6000000389,6000002718
height,17071,71.826,MAC Field Scanner Field Plot 127 Season 2,FALSE,Maricopa,6000000393,6000002723
height,17071,71.165,MAC Field Scanner Field Plot 126 Season 2,FALSE,Maricopa,6000000393,6000002722
height,17071,85.046,MAC Field Scanner Field Plot 149 Season 2,FALSE,Maricopa,6000000396,6000002745
height,17071,84.385,MAC Field Scanner Field Plot 148 Season 2,FALSE,Maricopa,6000000396,6000002744
height,17071,84.385,MAC Field Scanner Field Plot 106 Season 2,FALSE,Maricopa,6000000397,6000002702
height,17071,89.012,MAC Field Scanner Field Plot 107 Season 2,FALSE,Maricopa,6000000397,6000002703
height,17071,71.826,MAC Field Scanner Field Plot 150 Season 2,FALSE,Maricopa,6000000403,6000002746
height,17071,75.792,MAC Field Scanner Field Plot 142 Season 2,FALSE,Maricopa,6000000252,6000002738
height,17071,80.419,MAC Field Scanner Field Plot 143 Season 2,FALSE,Maricopa,6000000252,6000002739
height,17071,80.419,MAC Field Scanner Field Plot 132 Season 2,FALSE,Maricopa,6000000261,6000002728
height,17071,79.758,MAC Field Scanner Field Plot 133 Season 2,FALSE,Maricopa,6000000261,6000002729
height,17071,76.453,MAC Field Scanner Field Plot 102 Season 2,FALSE,Maricopa,6000000406,6000002698
height,17071,66.538,MAC Field Scanner Field Plot 172 Season 2,FALSE,Maricopa,6000000285,6000002768
height,17071,67.199,MAC Field Scanner Field Plot 173 Season 2,FALSE,Maricopa,6000000285,6000002769
height,17071,75.792,MAC Field Scanner Field Plot 166 Season 2,FALSE,Maricopa,6000000286,6000002762
height,17071,77.114,MAC Field Scanner Field Plot 167 Season 2,FALSE,Maricopa,6000000286,6000002763
height,17071,90.995,MAC Field Scanner Field Plot 198 Season 2,FALSE,Maricopa,6000000292,6000002794
height,17071,80.419,MAC Field Scanner Field Plot 199 Season 2,FALSE,Maricopa,6000000292,6000002795
height,17071,75.792,MAC Field Scanner Field Plot 189 Season 2,FALSE,Maricopa,6000000299,6000002785
height,17071,77.114,MAC Field Scanner Field Plot 188 Season 2,FALSE,Maricopa,6000000299,6000002784
height,17071,84.385,MAC Field Scanner Field Plot 164 Season 2,FALSE,Maricopa,6000000302,6000002760
height,17071,82.402,MAC Field Scanner Field Plot 165 Season 2,FALSE,Maricopa,6000000302,6000002761
height,17071,81.741,MAC Field Scanner Field Plot 187 Season 2,FALSE,Maricopa,6000000304,6000002783
height,17071,80.419,MAC Field Scanner Field Plot 186 Season 2,FALSE,Maricopa,6000000304,6000002782
height,17071,78.436,MAC Field Scanner Field Plot 181 Season 2,FALSE,Maricopa,6000000385,6000002777
height,17071,79.758,MAC Field Scanner Field Plot 180 Season 2,FALSE,Maricopa,6000000385,6000002776
height,17071,81.08,MAC Field Scanner Field Plot 202 Season 2,FALSE,Maricopa,6000000387,6000002798
height,17071,83.063,MAC Field Scanner Field Plot 203 Season 2,FALSE,Maricopa,6000000387,6000002799
height,17071,69.843,MAC Field Scanner Field Plot 162 Season 2,FALSE,Maricopa,6000000402,6000002758
height,17071,71.165,MAC Field Scanner Field Plot 163 Season 2,FALSE,Maricopa,6000000402,6000002759
height,17071,73.148,MAC Field Scanner Field Plot 151 Season 2,FALSE,Maricopa,6000000403,6000002747
height,17071,79.097,MAC Field Scanner Field Plot 170 Season 2,FALSE,Maricopa,6000000262,6000002766
height,17071,77.114,MAC Field Scanner Field Plot 171 Season 2,FALSE,Maricopa,6000000262,6000002767
height,17071,86.368,MAC Field Scanner Field Plot 185 Season 2,FALSE,Maricopa,6000000263,6000002781
height,17071,85.707,MAC Field Scanner Field Plot 184 Season 2,FALSE,Maricopa,6000000263,6000002780
height,17071,82.402,MAC Field Scanner Field Plot 179 Season 2,FALSE,Maricopa,6000000410,6000002775
height,17071,86.368,MAC Field Scanner Field Plot 178 Season 2,FALSE,Maricopa,6000000410,6000002774
height,17071,86.368,MAC Field Scanner Field Plot 159 Season 2,FALSE,Maricopa,6000000268,6000002755
height,17071,87.69,MAC Field Scanner Field Plot 158 Season 2,FALSE,Maricopa,6000000268,6000002754
height,17071,75.131,MAC Field Scanner Field Plot 174 Season 2,FALSE,Maricopa,6000000270,6000002770
height,17071,81.08,MAC Field Scanner Field Plot 232 Season 2,FALSE,Maricopa,6000000281,6000002828
height,17071,83.063,MAC Field Scanner Field Plot 233 Season 2,FALSE,Maricopa,6000000281,6000002829
height,17071,77.114,MAC Field Scanner Field Plot 249 Season 2,FALSE,Maricopa,6000000300,6000002845
height,17071,74.47,MAC Field Scanner Field Plot 248 Season 2,FALSE,Maricopa,6000000300,6000002844
height,17071,67.199,MAC Field Scanner Field Plot 221 Season 2,FALSE,Maricopa,6000000303,6000002817
height,17071,67.199,MAC Field Scanner Field Plot 220 Season 2,FALSE,Maricopa,6000000303,6000002816
height,17071,76.453,MAC Field Scanner Field Plot 247 Season 2,FALSE,Maricopa,6000000317,6000002843
height,17071,77.775,MAC Field Scanner Field Plot 246 Season 2,FALSE,Maricopa,6000000317,6000002842
height,17071,83.063,MAC Field Scanner Field Plot 245 Season 2,FALSE,Maricopa,6000000320,6000002841
height,17071,83.724,MAC Field Scanner Field Plot 244 Season 2,FALSE,Maricopa,6000000320,6000002840
height,17071,68.521,MAC Field Scanner Field Plot 255 Season 2,FALSE,Maricopa,6000000338,6000002851
height,17071,70.504,MAC Field Scanner Field Plot 254 Season 2,FALSE,Maricopa,6000000338,6000002850
height,17071,77.114,MAC Field Scanner Field Plot 228 Season 2,FALSE,Maricopa,6000000379,6000002824
height,17071,78.436,MAC Field Scanner Field Plot 229 Season 2,FALSE,Maricopa,6000000379,6000002825
height,17071,79.758,MAC Field Scanner Field Plot 230 Season 2,FALSE,Maricopa,6000000382,6000002826
height,17071,82.402,MAC Field Scanner Field Plot 231 Season 2,FALSE,Maricopa,6000000382,6000002827
height,17071,78.436,MAC Field Scanner Field Plot 260 Season 2,FALSE,Maricopa,6000000248,6000002856
height,17071,72.487,MAC Field Scanner Field Plot 217 Season 2,FALSE,Maricopa,6000000386,6000002813
height,17071,75.131,MAC Field Scanner Field Plot 216 Season 2,FALSE,Maricopa,6000000386,6000002812
height,17071,82.402,MAC Field Scanner Field Plot 213 Season 2,FALSE,Maricopa,6000000249,6000002809
height,17071,80.419,MAC Field Scanner Field Plot 212 Season 2,FALSE,Maricopa,6000000249,6000002808
height,17071,81.741,MAC Field Scanner Field Plot 215 Season 2,FALSE,Maricopa,6000000257,6000002811
height,17071,79.097,MAC Field Scanner Field Plot 214 Season 2,FALSE,Maricopa,6000000257,6000002810
height,17071,84.385,MAC Field Scanner Field Plot 211 Season 2,FALSE,Maricopa,6000000259,6000002807
height,17071,84.385,MAC Field Scanner Field Plot 210 Season 2,FALSE,Maricopa,6000000259,6000002806
height,17071,84.385,MAC Field Scanner Field Plot 234 Season 2,FALSE,Maricopa,6000000273,6000002830
height,17071,83.724,MAC Field Scanner Field Plot 235 Season 2,FALSE,Maricopa,6000000273,6000002831
height,17071,71.165,MAC Field Scanner Field Plot 314 Season 2,FALSE,Maricopa,6000000279,6000002910
height,17071,71.165,MAC Field Scanner Field Plot 268 Season 2,FALSE,Maricopa,6000000280,6000002864
height,17071,75.131,MAC Field Scanner Field Plot 269 Season 2,FALSE,Maricopa,6000000280,6000002865
height,17071,73.809,MAC Field Scanner Field Plot 302 Season 2,FALSE,Maricopa,6000000284,6000002898
height,17071,73.148,MAC Field Scanner Field Plot 303 Season 2,FALSE,Maricopa,6000000284,6000002899
height,17071,90.334,MAC Field Scanner Field Plot 262 Season 2,FALSE,Maricopa,6000000290,6000002858
height,17071,90.995,MAC Field Scanner Field Plot 263 Season 2,FALSE,Maricopa,6000000290,6000002859
height,17071,83.063,MAC Field Scanner Field Plot 264 Season 2,FALSE,Maricopa,6000000305,6000002860
height,17071,83.724,MAC Field Scanner Field Plot 265 Season 2,FALSE,Maricopa,6000000305,6000002861
height,17071,87.029,MAC Field Scanner Field Plot 307 Season 2,FALSE,Maricopa,6000000306,6000002903
height,17071,87.69,MAC Field Scanner Field Plot 306 Season 2,FALSE,Maricopa,6000000306,6000002902
height,17071,81.08,MAC Field Scanner Field Plot 266 Season 2,FALSE,Maricopa,6000000307,6000002862
height,17071,81.08,MAC Field Scanner Field Plot 267 Season 2,FALSE,Maricopa,6000000307,6000002863
height,17071,69.843,MAC Field Scanner Field Plot 290 Season 2,FALSE,Maricopa,6000000316,6000002886
height,17071,71.165,MAC Field Scanner Field Plot 291 Season 2,FALSE,Maricopa,6000000316,6000002887
height,17071,77.775,MAC Field Scanner Field Plot 281 Season 2,FALSE,Maricopa,6000000380,6000002877
height,17071,77.775,MAC Field Scanner Field Plot 280 Season 2,FALSE,Maricopa,6000000380,6000002876
height,17071,90.334,MAC Field Scanner Field Plot 296 Season 2,FALSE,Maricopa,6000000381,6000002892
height,17071,86.368,MAC Field Scanner Field Plot 297 Season 2,FALSE,Maricopa,6000000381,6000002893
height,17071,84.385,MAC Field Scanner Field Plot 279 Season 2,FALSE,Maricopa,6000000383,6000002875
height,17071,82.402,MAC Field Scanner Field Plot 278 Season 2,FALSE,Maricopa,6000000383,6000002874
height,17071,73.809,MAC Field Scanner Field Plot 261 Season 2,FALSE,Maricopa,6000000248,6000002857
height,17071,84.385,MAC Field Scanner Field Plot 309 Season 2,FALSE,Maricopa,6000000390,6000002905
height,17071,83.724,MAC Field Scanner Field Plot 308 Season 2,FALSE,Maricopa,6000000390,6000002904
height,17071,79.097,MAC Field Scanner Field Plot 270 Season 2,FALSE,Maricopa,6000000394,6000002866
height,17071,78.436,MAC Field Scanner Field Plot 271 Season 2,FALSE,Maricopa,6000000394,6000002867
height,17071,87.029,MAC Field Scanner Field Plot 298 Season 2,FALSE,Maricopa,6000000398,6000002894
height,17071,86.368,MAC Field Scanner Field Plot 299 Season 2,FALSE,Maricopa,6000000398,6000002895
height,17071,83.724,MAC Field Scanner Field Plot 283 Season 2,FALSE,Maricopa,6000000253,6000002879
height,17071,83.724,MAC Field Scanner Field Plot 282 Season 2,FALSE,Maricopa,6000000253,6000002878
height,17071,80.419,MAC Field Scanner Field Plot 345 Season 2,FALSE,Maricopa,6000000287,6000002941
height,17071,78.436,MAC Field Scanner Field Plot 344 Season 2,FALSE,Maricopa,6000000287,6000002940
height,17071,79.097,MAC Field Scanner Field Plot 358 Season 2,FALSE,Maricopa,6000000297,6000002954
height,17071,77.114,MAC Field Scanner Field Plot 359 Season 2,FALSE,Maricopa,6000000297,6000002955
height,17071,76.453,MAC Field Scanner Field Plot 326 Season 2,FALSE,Maricopa,6000000301,6000002922
height,17071,77.775,MAC Field Scanner Field Plot 327 Season 2,FALSE,Maricopa,6000000301,6000002923
height,17071,75.792,MAC Field Scanner Field Plot 351 Season 2,FALSE,Maricopa,6000000309,6000002947
height,17071,75.131,MAC Field Scanner Field Plot 350 Season 2,FALSE,Maricopa,6000000309,6000002946
height,17071,77.775,MAC Field Scanner Field Plot 347 Season 2,FALSE,Maricopa,6000000311,6000002943
height,17071,82.402,MAC Field Scanner Field Plot 346 Season 2,FALSE,Maricopa,6000000311,6000002942
height,17071,77.114,MAC Field Scanner Field Plot 319 Season 2,FALSE,Maricopa,6000000395,6000002915
height,17071,76.453,MAC Field Scanner Field Plot 318 Season 2,FALSE,Maricopa,6000000395,6000002914
height,17071,78.436,MAC Field Scanner Field Plot 324 Season 2,FALSE,Maricopa,6000000399,6000002920
height,17071,80.419,MAC Field Scanner Field Plot 325 Season 2,FALSE,Maricopa,6000000399,6000002921
height,17071,73.809,MAC Field Scanner Field Plot 371 Season 2,FALSE,Maricopa,6000000412,6000002967
height,17071,77.775,MAC Field Scanner Field Plot 370 Season 2,FALSE,Maricopa,6000000412,6000002966
height,17071,90.995,MAC Field Scanner Field Plot 360 Season 2,FALSE,Maricopa,6000000405,6000002956
height,17071,89.012,MAC Field Scanner Field Plot 361 Season 2,FALSE,Maricopa,6000000405,6000002957
height,17071,90.995,MAC Field Scanner Field Plot 364 Season 2,FALSE,Maricopa,6000000407,6000002960
height,17071,89.673,MAC Field Scanner Field Plot 365 Season 2,FALSE,Maricopa,6000000407,6000002961
height,17071,82.402,MAC Field Scanner Field Plot 322 Season 2,FALSE,Maricopa,6000000408,6000002918
height,17071,83.063,MAC Field Scanner Field Plot 323 Season 2,FALSE,Maricopa,6000000408,6000002919
height,17071,89.012,MAC Field Scanner Field Plot 343 Season 2,FALSE,Maricopa,6000000409,6000002939
height,17071,86.368,MAC Field Scanner Field Plot 342 Season 2,FALSE,Maricopa,6000000409,6000002938
height,17071,85.046,MAC Field Scanner Field Plot 328 Season 2,FALSE,Maricopa,6000000269,6000002924
height,17071,86.368,MAC Field Scanner Field Plot 329 Season 2,FALSE,Maricopa,6000000269,6000002925
height,17071,78.436,MAC Field Scanner Field Plot 356 Season 2,FALSE,Maricopa,6000000271,6000002952
height,17071,77.114,MAC Field Scanner Field Plot 409 Season 2,FALSE,Maricopa,6000000283,6000003005
height,17071,81.741,MAC Field Scanner Field Plot 408 Season 2,FALSE,Maricopa,6000000283,6000003004
height,17071,67.199,MAC Field Scanner Field Plot 379 Season 2,FALSE,Maricopa,6000000288,6000002975
height,17071,64.555,MAC Field Scanner Field Plot 378 Season 2,FALSE,Maricopa,6000000288,6000002974
height,17071,72.487,MAC Field Scanner Field Plot 418 Season 2,FALSE,Maricopa,6000000298,6000003014
height,17071,75.131,MAC Field Scanner Field Plot 419 Season 2,FALSE,Maricopa,6000000298,6000003015
height,17071,73.148,MAC Field Scanner Field Plot 386 Season 2,FALSE,Maricopa,6000000308,6000002982
height,17071,73.148,MAC Field Scanner Field Plot 387 Season 2,FALSE,Maricopa,6000000308,6000002983
height,17071,72.487,MAC Field Scanner Field Plot 398 Season 2,FALSE,Maricopa,6000000310,6000002994
height,17071,77.775,MAC Field Scanner Field Plot 399 Season 2,FALSE,Maricopa,6000000310,6000002995
height,17071,75.792,MAC Field Scanner Field Plot 383 Season 2,FALSE,Maricopa,6000000312,6000002979
height,17071,72.487,MAC Field Scanner Field Plot 382 Season 2,FALSE,Maricopa,6000000312,6000002978
height,17071,86.368,MAC Field Scanner Field Plot 424 Season 2,FALSE,Maricopa,6000000314,6000003020
height,17071,85.707,MAC Field Scanner Field Plot 425 Season 2,FALSE,Maricopa,6000000314,6000003021
height,17071,68.521,MAC Field Scanner Field Plot 388 Season 2,FALSE,Maricopa,6000000378,6000002984
height,17071,69.843,MAC Field Scanner Field Plot 389 Season 2,FALSE,Maricopa,6000000378,6000002985
height,17071,94.3,MAC Field Scanner Field Plot 392 Season 2,FALSE,Maricopa,6000000388,6000002988
height,17071,95.622,MAC Field Scanner Field Plot 393 Season 2,FALSE,Maricopa,6000000388,6000002989
height,17071,85.046,MAC Field Scanner Field Plot 426 Season 2,FALSE,Maricopa,6000000392,6000003022
height,17071,75.131,MAC Field Scanner Field Plot 405 Season 2,FALSE,Maricopa,6000000250,6000003001
height,17071,77.114,MAC Field Scanner Field Plot 404 Season 2,FALSE,Maricopa,6000000250,6000003e3
height,17071,77.775,MAC Field Scanner Field Plot 415 Season 2,FALSE,Maricopa,6000000251,6000003011
height,17071,79.097,MAC Field Scanner Field Plot 414 Season 2,FALSE,Maricopa,6000000251,6000003010
height,17071,87.69,MAC Field Scanner Field Plot 411 Season 2,FALSE,Maricopa,6000000254,6000003007
height,17071,87.69,MAC Field Scanner Field Plot 410 Season 2,FALSE,Maricopa,6000000254,6000003006
height,17071,83.063,MAC Field Scanner Field Plot 420 Season 2,FALSE,Maricopa,6000000267,6000003016
height,17071,80.419,MAC Field Scanner Field Plot 421 Season 2,FALSE,Maricopa,6000000267,6000003017
height,17071,78.436,MAC Field Scanner Field Plot 413 Season 2,FALSE,Maricopa,6000000275,6000003009
height,17071,75.131,MAC Field Scanner Field Plot 412 Season 2,FALSE,Maricopa,6000000275,6000003008
height,17071,77.114,MAC Field Scanner Field Plot 479 Season 2,FALSE,Maricopa,6000000280,6000003075
height,17071,78.436,MAC Field Scanner Field Plot 478 Season 2,FALSE,Maricopa,6000000280,6000003074
height,17071,72.487,MAC Field Scanner Field Plot 454 Season 2,FALSE,Maricopa,6000000288,6000003050
height,17071,70.504,MAC Field Scanner Field Plot 455 Season 2,FALSE,Maricopa,6000000288,6000003051
height,17071,85.046,MAC Field Scanner Field Plot 443 Season 2,FALSE,Maricopa,6000000302,6000003039
height,17071,83.063,MAC Field Scanner Field Plot 442 Season 2,FALSE,Maricopa,6000000302,6000003038
height,17071,79.758,MAC Field Scanner Field Plot 467 Season 2,FALSE,Maricopa,6000000304,6000003063
height,17071,83.063,MAC Field Scanner Field Plot 466 Season 2,FALSE,Maricopa,6000000304,6000003062
height,17071,89.673,MAC Field Scanner Field Plot 469 Season 2,FALSE,Maricopa,6000000306,6000003065
height,17071,87.69,MAC Field Scanner Field Plot 468 Season 2,FALSE,Maricopa,6000000306,6000003064
height,17071,77.114,MAC Field Scanner Field Plot 437 Season 2,FALSE,Maricopa,6000000309,6000003033
height,17071,76.453,MAC Field Scanner Field Plot 436 Season 2,FALSE,Maricopa,6000000309,6000003032
height,17071,83.724,MAC Field Scanner Field Plot 458 Season 2,FALSE,Maricopa,6000000389,6000003054
height,17071,80.419,MAC Field Scanner Field Plot 459 Season 2,FALSE,Maricopa,6000000389,6000003055
height,17071,75.792,MAC Field Scanner Field Plot 430 Season 2,FALSE,Maricopa,6000000391,6000003026
height,17071,78.436,MAC Field Scanner Field Plot 431 Season 2,FALSE,Maricopa,6000000391,6000003027
height,17071,82.402,MAC Field Scanner Field Plot 427 Season 2,FALSE,Maricopa,6000000392,6000003023
height,17071,75.131,MAC Field Scanner Field Plot 441 Season 2,FALSE,Maricopa,6000000403,6000003037
height,17071,74.47,MAC Field Scanner Field Plot 440 Season 2,FALSE,Maricopa,6000000403,6000003036
height,17071,94.961,MAC Field Scanner Field Plot 482 Season 2,FALSE,Maricopa,6000000407,6000003078
height,17071,83.063,MAC Field Scanner Field Plot 428 Season 2,FALSE,Maricopa,6000000264,6000003024
height,17071,85.046,MAC Field Scanner Field Plot 429 Season 2,FALSE,Maricopa,6000000264,6000003025
height,17071,73.148,MAC Field Scanner Field Plot 462 Season 2,FALSE,Maricopa,6000000266,6000003058
height,17071,76.453,MAC Field Scanner Field Plot 463 Season 2,FALSE,Maricopa,6000000266,6000003059
height,17071,71.165,MAC Field Scanner Field Plot 447 Season 2,FALSE,Maricopa,6000000276,6000003043
height,17071,72.487,MAC Field Scanner Field Plot 446 Season 2,FALSE,Maricopa,6000000276,6000003042
height,17071,72.487,MAC Field Scanner Field Plot 518 Season 2,FALSE,Maricopa,6000000279,6000003114
height,17071,74.47,MAC Field Scanner Field Plot 519 Season 2,FALSE,Maricopa,6000000279,6000003115
height,17071,84.385,MAC Field Scanner Field Plot 507 Season 2,FALSE,Maricopa,6000000281,6000003103
height,17071,84.385,MAC Field Scanner Field Plot 506 Season 2,FALSE,Maricopa,6000000281,6000003102
height,17071,77.775,MAC Field Scanner Field Plot 505 Season 2,FALSE,Maricopa,6000000297,6000003101
height,17071,79.758,MAC Field Scanner Field Plot 504 Season 2,FALSE,Maricopa,6000000297,6000003100
height,17071,79.758,MAC Field Scanner Field Plot 520 Season 2,FALSE,Maricopa,6000000301,6000003116
height,17071,81.08,MAC Field Scanner Field Plot 521 Season 2,FALSE,Maricopa,6000000301,6000003117
height,17071,86.368,MAC Field Scanner Field Plot 488 Season 2,FALSE,Maricopa,6000000307,6000003084
height,17071,85.707,MAC Field Scanner Field Plot 489 Season 2,FALSE,Maricopa,6000000307,6000003085
height,17071,75.131,MAC Field Scanner Field Plot 516 Season 2,FALSE,Maricopa,6000000315,6000003112
height,17071,77.775,MAC Field Scanner Field Plot 517 Season 2,FALSE,Maricopa,6000000315,6000003113
height,17071,85.046,MAC Field Scanner Field Plot 538 Season 2,FALSE,Maricopa,6000000320,6000003134
height,17071,72.487,MAC Field Scanner Field Plot 503 Season 2,FALSE,Maricopa,6000000386,6000003099
height,17071,72.487,MAC Field Scanner Field Plot 502 Season 2,FALSE,Maricopa,6000000386,6000003098
height,17071,81.741,MAC Field Scanner Field Plot 486 Season 2,FALSE,Maricopa,6000000391,6000003082
height,17071,82.402,MAC Field Scanner Field Plot 487 Season 2,FALSE,Maricopa,6000000391,6000003083
height,17071,73.148,MAC Field Scanner Field Plot 492 Season 2,FALSE,Maricopa,6000000393,6000003088
height,17071,74.47,MAC Field Scanner Field Plot 493 Season 2,FALSE,Maricopa,6000000393,6000003089
height,17071,79.097,MAC Field Scanner Field Plot 509 Season 2,FALSE,Maricopa,6000000395,6000003105
height,17071,81.741,MAC Field Scanner Field Plot 508 Season 2,FALSE,Maricopa,6000000395,6000003104
height,17071,78.436,MAC Field Scanner Field Plot 494 Season 2,FALSE,Maricopa,6000000412,6000003090
height,17071,81.08,MAC Field Scanner Field Plot 495 Season 2,FALSE,Maricopa,6000000412,6000003091
height,17071,74.47,MAC Field Scanner Field Plot 499 Season 2,FALSE,Maricopa,6000000253,6000003095
height,17071,78.436,MAC Field Scanner Field Plot 498 Season 2,FALSE,Maricopa,6000000253,6000003094
height,17071,94.3,MAC Field Scanner Field Plot 483 Season 2,FALSE,Maricopa,6000000407,6000003079
height,17071,84.385,MAC Field Scanner Field Plot 533 Season 2,FALSE,Maricopa,6000000410,6000003129
height,17071,84.385,MAC Field Scanner Field Plot 532 Season 2,FALSE,Maricopa,6000000410,6000003128
height,17071,75.792,MAC Field Scanner Field Plot 589 Season 2,FALSE,Maricopa,6000000277,6000003185
height,17071,81.08,MAC Field Scanner Field Plot 575 Season 2,FALSE,Maricopa,6000000287,6000003171
height,17071,79.758,MAC Field Scanner Field Plot 574 Season 2,FALSE,Maricopa,6000000287,6000003170
height,17071,84.385,MAC Field Scanner Field Plot 548 Season 2,FALSE,Maricopa,6000000292,6000003144
height,17071,84.385,MAC Field Scanner Field Plot 549 Season 2,FALSE,Maricopa,6000000292,6000003145
height,17071,71.826,MAC Field Scanner Field Plot 550 Season 2,FALSE,Maricopa,6000000303,6000003146
height,17071,67.199,MAC Field Scanner Field Plot 551 Season 2,FALSE,Maricopa,6000000303,6000003147
height,17071,90.995,MAC Field Scanner Field Plot 571 Season 2,FALSE,Maricopa,6000000241,6000003167
height,17071,90.334,MAC Field Scanner Field Plot 570 Season 2,FALSE,Maricopa,6000000241,6000003166
height,17071,85.707,MAC Field Scanner Field Plot 584 Season 2,FALSE,Maricopa,6000000318,6000003180
height,17071,85.707,MAC Field Scanner Field Plot 585 Season 2,FALSE,Maricopa,6000000318,6000003181
height,17071,87.029,MAC Field Scanner Field Plot 539 Season 2,FALSE,Maricopa,6000000320,6000003135
height,17071,88.351,MAC Field Scanner Field Plot 562 Season 2,FALSE,Maricopa,6000000376,6000003158
height,17071,74.47,MAC Field Scanner Field Plot 556 Season 2,FALSE,Maricopa,6000000379,6000003152
height,17071,74.47,MAC Field Scanner Field Plot 557 Season 2,FALSE,Maricopa,6000000379,6000003153
height,17071,73.809,MAC Field Scanner Field Plot 558 Season 2,FALSE,Maricopa,6000000248,6000003154
height,17071,89.673,MAC Field Scanner Field Plot 559 Season 2,FALSE,Maricopa,6000000248,6000003155
height,17071,81.741,MAC Field Scanner Field Plot 543 Season 2,FALSE,Maricopa,6000000392,6000003139
height,17071,81.08,MAC Field Scanner Field Plot 542 Season 2,FALSE,Maricopa,6000000392,6000003138
height,17071,61.911,MAC Field Scanner Field Plot 554 Season 2,FALSE,Maricopa,6000000255,6000003150
height,17071,68.521,MAC Field Scanner Field Plot 555 Season 2,FALSE,Maricopa,6000000255,6000003151
height,17071,79.758,MAC Field Scanner Field Plot 578 Season 2,FALSE,Maricopa,6000000271,6000003174
height,17071,76.453,MAC Field Scanner Field Plot 579 Season 2,FALSE,Maricopa,6000000271,6000003175
height,17071,75.792,MAC Field Scanner Field Plot 565 Season 2,FALSE,Maricopa,6000000275,6000003161
height,17071,75.792,MAC Field Scanner Field Plot 564 Season 2,FALSE,Maricopa,6000000275,6000003160
height,17071,75.792,MAC Field Scanner Field Plot 588 Season 2,FALSE,Maricopa,6000000277,6000003184
height,17071,81.741,MAC Field Scanner Field Plot 601 Season 2,FALSE,Maricopa,6000000283,6000003197
height,17071,83.063,MAC Field Scanner Field Plot 600 Season 2,FALSE,Maricopa,6000000283,6000003196
height,17071,61.25,MAC Field Scanner Field Plot 642 Season 2,FALSE,Maricopa,6000000285,6000003238
height,17071,69.182,MAC Field Scanner Field Plot 643 Season 2,FALSE,Maricopa,6000000285,6000003239
height,17071,82.402,MAC Field Scanner Field Plot 614 Season 2,FALSE,Maricopa,6000000289,6000003210
height,17071,80.419,MAC Field Scanner Field Plot 615 Season 2,FALSE,Maricopa,6000000289,6000003211
height,17071,76.453,MAC Field Scanner Field Plot 637 Season 2,FALSE,Maricopa,6000000291,6000003233
height,17071,75.792,MAC Field Scanner Field Plot 636 Season 2,FALSE,Maricopa,6000000291,6000003232
height,17071,73.148,MAC Field Scanner Field Plot 627 Season 2,FALSE,Maricopa,6000000300,6000003223
height,17071,73.148,MAC Field Scanner Field Plot 626 Season 2,FALSE,Maricopa,6000000300,6000003222
height,17071,71.826,MAC Field Scanner Field Plot 605 Season 2,FALSE,Maricopa,6000000316,6000003201
height,17071,71.826,MAC Field Scanner Field Plot 604 Season 2,FALSE,Maricopa,6000000316,6000003200
height,17071,83.063,MAC Field Scanner Field Plot 629 Season 2,FALSE,Maricopa,6000000319,6000003225
height,17071,83.724,MAC Field Scanner Field Plot 628 Season 2,FALSE,Maricopa,6000000319,6000003224
height,17071,78.436,MAC Field Scanner Field Plot 595 Season 2,FALSE,Maricopa,6000000331,6000003191
height,17071,70.504,MAC Field Scanner Field Plot 610 Season 2,FALSE,Maricopa,6000000338,6000003206
height,17071,81.741,MAC Field Scanner Field Plot 607 Season 2,FALSE,Maricopa,6000000377,6000003203
height,17071,83.063,MAC Field Scanner Field Plot 606 Season 2,FALSE,Maricopa,6000000377,6000003202
height,17071,86.368,MAC Field Scanner Field Plot 631 Season 2,FALSE,Maricopa,6000000381,6000003227
height,17071,87.029,MAC Field Scanner Field Plot 630 Season 2,FALSE,Maricopa,6000000381,6000003226
height,17071,94.961,MAC Field Scanner Field Plot 633 Season 2,FALSE,Maricopa,6000000388,6000003229
height,17071,92.317,MAC Field Scanner Field Plot 632 Season 2,FALSE,Maricopa,6000000388,6000003228
height,17071,85.707,MAC Field Scanner Field Plot 644 Season 2,FALSE,Maricopa,6000000390,6000003240
height,17071,83.063,MAC Field Scanner Field Plot 645 Season 2,FALSE,Maricopa,6000000390,6000003241
height,17071,87.69,MAC Field Scanner Field Plot 597 Season 2,FALSE,Maricopa,6000000396,6000003193
height,17071,83.063,MAC Field Scanner Field Plot 596 Season 2,FALSE,Maricopa,6000000396,6000003192
height,17071,76.453,MAC Field Scanner Field Plot 620 Season 2,FALSE,Maricopa,6000000400,6000003216
height,17071,76.453,MAC Field Scanner Field Plot 621 Season 2,FALSE,Maricopa,6000000400,6000003217
height,17071,83.724,MAC Field Scanner Field Plot 635 Season 2,FALSE,Maricopa,6000000258,6000003231
height,17071,77.114,MAC Field Scanner Field Plot 702 Season 2,FALSE,Maricopa,6000000278,6000003298
height,17071,80.419,MAC Field Scanner Field Plot 654 Season 2,FALSE,Maricopa,6000000282,6000003250
height,17071,79.758,MAC Field Scanner Field Plot 655 Season 2,FALSE,Maricopa,6000000282,6000003251
height,17071,85.046,MAC Field Scanner Field Plot 678 Season 2,FALSE,Maricopa,6000000305,6000003274
height,17071,81.741,MAC Field Scanner Field Plot 679 Season 2,FALSE,Maricopa,6000000305,6000003275
height,17071,74.47,MAC Field Scanner Field Plot 682 Season 2,FALSE,Maricopa,6000000308,6000003278
height,17071,73.809,MAC Field Scanner Field Plot 683 Season 2,FALSE,Maricopa,6000000308,6000003279
height,17071,77.114,MAC Field Scanner Field Plot 674 Season 2,FALSE,Maricopa,6000000311,6000003270
height,17071,69.843,MAC Field Scanner Field Plot 675 Season 2,FALSE,Maricopa,6000000311,6000003271
height,17071,84.385,MAC Field Scanner Field Plot 686 Season 2,FALSE,Maricopa,6000000313,6000003282
height,17071,84.385,MAC Field Scanner Field Plot 687 Season 2,FALSE,Maricopa,6000000313,6000003283
height,17071,83.063,MAC Field Scanner Field Plot 695 Season 2,FALSE,Maricopa,6000000314,6000003291
height,17071,84.385,MAC Field Scanner Field Plot 694 Season 2,FALSE,Maricopa,6000000314,6000003290
height,17071,72.487,MAC Field Scanner Field Plot 703 Season 2,FALSE,Maricopa,6000000278,6000003299
height,17071,65.877,MAC Field Scanner Field Plot 665 Season 2,FALSE,Maricopa,6000000378,6000003261
height,17071,65.877,MAC Field Scanner Field Plot 664 Season 2,FALSE,Maricopa,6000000378,6000003260
height,17071,75.131,MAC Field Scanner Field Plot 667 Season 2,FALSE,Maricopa,6000000380,6000003263
height,17071,72.487,MAC Field Scanner Field Plot 666 Season 2,FALSE,Maricopa,6000000380,6000003262
height,17071,79.097,MAC Field Scanner Field Plot 693 Season 2,FALSE,Maricopa,6000000382,6000003289
height,17071,79.758,MAC Field Scanner Field Plot 692 Season 2,FALSE,Maricopa,6000000382,6000003288
height,17071,77.775,MAC Field Scanner Field Plot 701 Season 2,FALSE,Maricopa,6000000387,6000003297
height,17071,79.758,MAC Field Scanner Field Plot 700 Season 2,FALSE,Maricopa,6000000387,6000003296
height,17071,76.453,MAC Field Scanner Field Plot 659 Season 2,FALSE,Maricopa,6000000250,6000003255
height,17071,77.114,MAC Field Scanner Field Plot 658 Season 2,FALSE,Maricopa,6000000250,6000003254
height,17071,75.131,MAC Field Scanner Field Plot 661 Season 2,FALSE,Maricopa,6000000252,6000003257
height,17071,78.436,MAC Field Scanner Field Plot 660 Season 2,FALSE,Maricopa,6000000252,6000003256
height,17071,87.029,MAC Field Scanner Field Plot 663 Season 2,FALSE,Maricopa,6000000263,6000003259
height,17071,83.724,MAC Field Scanner Field Plot 662 Season 2,FALSE,Maricopa,6000000263,6000003258
height,17071,79.758,MAC Field Scanner Field Plot 712 Season 2,FALSE,Maricopa,6000000293,6000003308
height,17071,75.792,MAC Field Scanner Field Plot 713 Season 2,FALSE,Maricopa,6000000293,6000003309
height,17071,63.233,MAC Field Scanner Field Plot 742 Season 2,FALSE,Maricopa,6000000295,6000003338
height,17071,79.758,MAC Field Scanner Field Plot 743 Season 2,FALSE,Maricopa,6000000295,6000003339
height,17071,71.826,MAC Field Scanner Field Plot 710 Season 2,FALSE,Maricopa,6000000298,6000003306
height,17071,75.131,MAC Field Scanner Field Plot 711 Season 2,FALSE,Maricopa,6000000298,6000003307
height,17071,76.453,MAC Field Scanner Field Plot 725 Season 2,FALSE,Maricopa,6000000299,6000003321
height,17071,73.809,MAC Field Scanner Field Plot 724 Season 2,FALSE,Maricopa,6000000299,6000003320
height,17072,74.47,MAC Field Scanner Field Plot 627 Season 2,FALSE,Maricopa,6000000300,6000003223
height,17072,72.487,MAC Field Scanner Field Plot 626 Season 2,FALSE,Maricopa,6000000300,6000003222
height,17071,71.165,MAC Field Scanner Field Plot 718 Season 2,FALSE,Maricopa,6000000312,6000003314
height,17071,65.877,MAC Field Scanner Field Plot 719 Season 2,FALSE,Maricopa,6000000312,6000003315
height,17072,82.402,MAC Field Scanner Field Plot 629 Season 2,FALSE,Maricopa,6000000319,6000003225
height,17072,83.724,MAC Field Scanner Field Plot 628 Season 2,FALSE,Maricopa,6000000319,6000003224
height,17072,86.368,MAC Field Scanner Field Plot 631 Season 2,FALSE,Maricopa,6000000381,6000003227
height,17072,87.029,MAC Field Scanner Field Plot 630 Season 2,FALSE,Maricopa,6000000381,6000003226
height,17071,79.097,MAC Field Scanner Field Plot 714 Season 2,FALSE,Maricopa,6000000385,6000003310
height,17071,79.758,MAC Field Scanner Field Plot 715 Season 2,FALSE,Maricopa,6000000385,6000003311
height,17071,81.08,MAC Field Scanner Field Plot 735 Season 2,FALSE,Maricopa,6000000249,6000003331
height,17071,81.741,MAC Field Scanner Field Plot 734 Season 2,FALSE,Maricopa,6000000249,6000003330
height,17071,78.436,MAC Field Scanner Field Plot 740 Season 2,FALSE,Maricopa,6000000394,6000003336
height,17071,75.131,MAC Field Scanner Field Plot 741 Season 2,FALSE,Maricopa,6000000394,6000003337
height,17071,77.775,MAC Field Scanner Field Plot 729 Season 2,FALSE,Maricopa,6000000399,6000003325
height,17071,79.758,MAC Field Scanner Field Plot 728 Season 2,FALSE,Maricopa,6000000399,6000003324
height,17071,81.08,MAC Field Scanner Field Plot 727 Season 2,FALSE,Maricopa,6000000251,6000003323
height,17071,81.08,MAC Field Scanner Field Plot 726 Season 2,FALSE,Maricopa,6000000251,6000003322
height,17071,59.267,MAC Field Scanner Field Plot 708 Season 2,FALSE,Maricopa,6000000256,6000003304
height,17072,81.741,MAC Field Scanner Field Plot 654 Season 2,FALSE,Maricopa,6000000282,6000003250
height,17072,81.741,MAC Field Scanner Field Plot 655 Season 2,FALSE,Maricopa,6000000282,6000003251
height,17072,76.453,MAC Field Scanner Field Plot 642 Season 2,FALSE,Maricopa,6000000285,6000003238
height,17072,73.809,MAC Field Scanner Field Plot 643 Season 2,FALSE,Maricopa,6000000285,6000003239
height,17072,79.097,MAC Field Scanner Field Plot 637 Season 2,FALSE,Maricopa,6000000291,6000003233
height,17072,77.775,MAC Field Scanner Field Plot 636 Season 2,FALSE,Maricopa,6000000291,6000003232
height,17072,85.046,MAC Field Scanner Field Plot 678 Season 2,FALSE,Maricopa,6000000305,6000003274
height,17072,83.724,MAC Field Scanner Field Plot 679 Season 2,FALSE,Maricopa,6000000305,6000003275
height,17072,74.47,MAC Field Scanner Field Plot 682 Season 2,FALSE,Maricopa,6000000308,6000003278
height,17072,73.809,MAC Field Scanner Field Plot 683 Season 2,FALSE,Maricopa,6000000308,6000003279
height,17072,81.741,MAC Field Scanner Field Plot 674 Season 2,FALSE,Maricopa,6000000311,6000003270
height,17072,73.809,MAC Field Scanner Field Plot 675 Season 2,FALSE,Maricopa,6000000311,6000003271
height,17072,66.538,MAC Field Scanner Field Plot 665 Season 2,FALSE,Maricopa,6000000378,6000003261
height,17072,67.199,MAC Field Scanner Field Plot 664 Season 2,FALSE,Maricopa,6000000378,6000003260
height,17072,75.131,MAC Field Scanner Field Plot 667 Season 2,FALSE,Maricopa,6000000380,6000003263
height,17072,71.826,MAC Field Scanner Field Plot 666 Season 2,FALSE,Maricopa,6000000380,6000003262
height,17072,97.605,MAC Field Scanner Field Plot 633 Season 2,FALSE,Maricopa,6000000388,6000003229
height,17072,96.283,MAC Field Scanner Field Plot 632 Season 2,FALSE,Maricopa,6000000388,6000003228
height,17072,86.368,MAC Field Scanner Field Plot 644 Season 2,FALSE,Maricopa,6000000390,6000003240
height,17072,85.046,MAC Field Scanner Field Plot 645 Season 2,FALSE,Maricopa,6000000390,6000003241
height,17072,77.775,MAC Field Scanner Field Plot 659 Season 2,FALSE,Maricopa,6000000250,6000003255
height,17072,78.436,MAC Field Scanner Field Plot 658 Season 2,FALSE,Maricopa,6000000250,6000003254
height,17072,76.453,MAC Field Scanner Field Plot 661 Season 2,FALSE,Maricopa,6000000252,6000003257
height,17072,78.436,MAC Field Scanner Field Plot 660 Season 2,FALSE,Maricopa,6000000252,6000003256
height,17072,82.402,MAC Field Scanner Field Plot 635 Season 2,FALSE,Maricopa,6000000258,6000003231
height,17072,82.402,MAC Field Scanner Field Plot 634 Season 2,FALSE,Maricopa,6000000258,6000003230
height,17072,86.368,MAC Field Scanner Field Plot 663 Season 2,FALSE,Maricopa,6000000263,6000003259
height,17072,76.453,MAC Field Scanner Field Plot 702 Season 2,FALSE,Maricopa,6000000278,6000003298
height,17072,80.419,MAC Field Scanner Field Plot 712 Season 2,FALSE,Maricopa,6000000293,6000003308
height,17072,76.453,MAC Field Scanner Field Plot 713 Season 2,FALSE,Maricopa,6000000293,6000003309
height,17072,71.826,MAC Field Scanner Field Plot 710 Season 2,FALSE,Maricopa,6000000298,6000003306
height,17072,75.131,MAC Field Scanner Field Plot 711 Season 2,FALSE,Maricopa,6000000298,6000003307
height,17072,77.775,MAC Field Scanner Field Plot 725 Season 2,FALSE,Maricopa,6000000299,6000003321
height,17072,74.47,MAC Field Scanner Field Plot 724 Season 2,FALSE,Maricopa,6000000299,6000003320
height,17072,72.487,MAC Field Scanner Field Plot 718 Season 2,FALSE,Maricopa,6000000312,6000003314
height,17072,67.86,MAC Field Scanner Field Plot 719 Season 2,FALSE,Maricopa,6000000312,6000003315
height,17072,83.063,MAC Field Scanner Field Plot 686 Season 2,FALSE,Maricopa,6000000313,6000003282
height,17072,81.08,MAC Field Scanner Field Plot 687 Season 2,FALSE,Maricopa,6000000313,6000003283
height,17072,83.724,MAC Field Scanner Field Plot 695 Season 2,FALSE,Maricopa,6000000314,6000003291
height,17072,84.385,MAC Field Scanner Field Plot 694 Season 2,FALSE,Maricopa,6000000314,6000003290
height,17072,74.47,MAC Field Scanner Field Plot 703 Season 2,FALSE,Maricopa,6000000278,6000003299
height,17072,79.758,MAC Field Scanner Field Plot 693 Season 2,FALSE,Maricopa,6000000382,6000003289
height,17072,81.741,MAC Field Scanner Field Plot 692 Season 2,FALSE,Maricopa,6000000382,6000003288
height,17072,79.097,MAC Field Scanner Field Plot 714 Season 2,FALSE,Maricopa,6000000385,6000003310
height,17072,79.758,MAC Field Scanner Field Plot 715 Season 2,FALSE,Maricopa,6000000385,6000003311
height,17072,79.758,MAC Field Scanner Field Plot 701 Season 2,FALSE,Maricopa,6000000387,6000003297
height,17072,82.402,MAC Field Scanner Field Plot 700 Season 2,FALSE,Maricopa,6000000387,6000003296
height,17072,81.08,MAC Field Scanner Field Plot 735 Season 2,FALSE,Maricopa,6000000249,6000003331
height,17072,81.741,MAC Field Scanner Field Plot 734 Season 2,FALSE,Maricopa,6000000249,6000003330
height,17072,81.741,MAC Field Scanner Field Plot 740 Season 2,FALSE,Maricopa,6000000394,6000003336
height,17072,80.419,MAC Field Scanner Field Plot 741 Season 2,FALSE,Maricopa,6000000394,6000003337
height,17072,78.436,MAC Field Scanner Field Plot 729 Season 2,FALSE,Maricopa,6000000399,6000003325
height,17072,77.775,MAC Field Scanner Field Plot 795 Season 2,FALSE,Maricopa,6000000286,6000003391
height,17072,77.114,MAC Field Scanner Field Plot 794 Season 2,FALSE,Maricopa,6000000286,6000003390
height,17072,91.656,MAC Field Scanner Field Plot 765 Season 2,FALSE,Maricopa,6000000290,6000003361
height,17072,89.012,MAC Field Scanner Field Plot 764 Season 2,FALSE,Maricopa,6000000290,6000003360
height,17072,69.182,MAC Field Scanner Field Plot 742 Season 2,FALSE,Maricopa,6000000295,6000003338
height,17072,75.131,MAC Field Scanner Field Plot 743 Season 2,FALSE,Maricopa,6000000295,6000003339
height,17072,74.47,MAC Field Scanner Field Plot 787 Season 2,FALSE,Maricopa,6000000317,6000003383
height,17072,74.47,MAC Field Scanner Field Plot 786 Season 2,FALSE,Maricopa,6000000317,6000003382
height,17072,87.029,MAC Field Scanner Field Plot 791 Season 2,FALSE,Maricopa,6000000383,6000003387
height,17072,83.724,MAC Field Scanner Field Plot 790 Season 2,FALSE,Maricopa,6000000383,6000003386
height,17072,86.368,MAC Field Scanner Field Plot 759 Season 2,FALSE,Maricopa,6000000398,6000003355
height,17072,86.368,MAC Field Scanner Field Plot 758 Season 2,FALSE,Maricopa,6000000398,6000003354
height,17072,77.114,MAC Field Scanner Field Plot 797 Season 2,FALSE,Maricopa,6000000401,6000003393
height,17072,75.792,MAC Field Scanner Field Plot 796 Season 2,FALSE,Maricopa,6000000401,6000003392
height,17072,71.165,MAC Field Scanner Field Plot 757 Season 2,FALSE,Maricopa,6000000402,6000003353
height,17072,72.487,MAC Field Scanner Field Plot 756 Season 2,FALSE,Maricopa,6000000402,6000003352
height,17072,84.385,MAC Field Scanner Field Plot 755 Season 2,FALSE,Maricopa,6000000254,6000003351
height,17072,82.402,MAC Field Scanner Field Plot 754 Season 2,FALSE,Maricopa,6000000254,6000003350
height,17072,81.08,MAC Field Scanner Field Plot 770 Season 2,FALSE,Maricopa,6000000260,6000003366
height,17072,81.741,MAC Field Scanner Field Plot 771 Season 2,FALSE,Maricopa,6000000260,6000003367
height,17072,81.08,MAC Field Scanner Field Plot 748 Season 2,FALSE,Maricopa,6000000261,6000003344
height,17072,81.08,MAC Field Scanner Field Plot 749 Season 2,FALSE,Maricopa,6000000261,6000003345
height,17072,77.775,MAC Field Scanner Field Plot 761 Season 2,FALSE,Maricopa,6000000406,6000003357
height,17072,79.758,MAC Field Scanner Field Plot 760 Season 2,FALSE,Maricopa,6000000406,6000003356
height,17072,81.08,MAC Field Scanner Field Plot 767 Season 2,FALSE,Maricopa,6000000273,6000003363
height,17072,81.741,MAC Field Scanner Field Plot 766 Season 2,FALSE,Maricopa,6000000273,6000003362
height,17072,75.131,MAC Field Scanner Field Plot 827 Season 2,FALSE,Maricopa,6000000284,6000003423
height,17072,73.148,MAC Field Scanner Field Plot 826 Season 2,FALSE,Maricopa,6000000284,6000003422
height,17072,81.08,MAC Field Scanner Field Plot 802 Season 2,FALSE,Maricopa,6000000294,6000003398
height,17072,80.419,MAC Field Scanner Field Plot 803 Season 2,FALSE,Maricopa,6000000294,6000003399
height,17072,75.131,MAC Field Scanner Field Plot 812 Season 2,FALSE,Maricopa,6000000296,6000003408
height,17072,74.47,MAC Field Scanner Field Plot 813 Season 2,FALSE,Maricopa,6000000296,6000003409
height,17072,77.114,MAC Field Scanner Field Plot 829 Season 2,FALSE,Maricopa,6000000310,6000003425
height,17072,77.775,MAC Field Scanner Field Plot 828 Season 2,FALSE,Maricopa,6000000310,6000003424
height,17072,69.843,MAC Field Scanner Field Plot 810 Season 2,FALSE,Maricopa,6000000325,6000003406
height,17072,67.86,MAC Field Scanner Field Plot 811 Season 2,FALSE,Maricopa,6000000325,6000003407
height,17072,70.504,MAC Field Scanner Field Plot 814 Season 2,FALSE,Maricopa,6000000330,6000003410
height,17072,80.419,MAC Field Scanner Field Plot 815 Season 2,FALSE,Maricopa,6000000330,6000003411
height,17072,83.063,MAC Field Scanner Field Plot 825 Season 2,FALSE,Maricopa,6000000354,6000003421
height,17072,86.368,MAC Field Scanner Field Plot 824 Season 2,FALSE,Maricopa,6000000354,6000003420
height,17072,90.995,MAC Field Scanner Field Plot 823 Season 2,FALSE,Maricopa,6000000365,6000003419
height,17072,90.995,MAC Field Scanner Field Plot 822 Season 2,FALSE,Maricopa,6000000365,6000003418
height,17072,79.097,MAC Field Scanner Field Plot 799 Season 2,FALSE,Maricopa,6000000384,6000003395
height,17072,78.436,MAC Field Scanner Field Plot 798 Season 2,FALSE,Maricopa,6000000384,6000003394
height,17072,83.063,MAC Field Scanner Field Plot 804 Season 2,FALSE,Maricopa,6000000397,6000003400
height,17072,86.368,MAC Field Scanner Field Plot 805 Season 2,FALSE,Maricopa,6000000397,6000003401
height,17072,82.402,MAC Field Scanner Field Plot 831 Season 2,FALSE,Maricopa,6000000259,6000003427
height,17072,82.402,MAC Field Scanner Field Plot 830 Season 2,FALSE,Maricopa,6000000259,6000003426
height,17072,92.317,MAC Field Scanner Field Plot 806 Season 2,FALSE,Maricopa,6000000405,6000003402
height,17072,92.317,MAC Field Scanner Field Plot 807 Season 2,FALSE,Maricopa,6000000405,6000003403
height,17072,79.758,MAC Field Scanner Field Plot 821 Season 2,FALSE,Maricopa,6000000262,6000003417
height,17072,87.029,MAC Field Scanner Field Plot 820 Season 2,FALSE,Maricopa,6000000262,6000003416
height,17072,84.385,MAC Field Scanner Field Plot 808 Season 2,FALSE,Maricopa,6000000269,6000003404
height,17076,76.453,MAC Field Scanner Field Plot 44 Season 2,FALSE,Maricopa,6000000293,6000002640
height,17076,77.775,MAC Field Scanner Field Plot 45 Season 2,FALSE,Maricopa,6000000293,6000002641
height,17076,74.47,MAC Field Scanner Field Plot 35 Season 2,FALSE,Maricopa,6000000278,6000002631
height,17076,111.486,MAC Field Scanner Field Plot 29 Season 2,FALSE,Maricopa,6000000415,6000002625
height,17076,114.13,MAC Field Scanner Field Plot 28 Season 2,FALSE,Maricopa,6000000415,6000002624
height,17076,76.453,MAC Field Scanner Field Plot 42 Season 2,FALSE,Maricopa,6000000384,6000002638
height,17076,79.758,MAC Field Scanner Field Plot 43 Season 2,FALSE,Maricopa,6000000384,6000002639
height,17076,79.097,MAC Field Scanner Field Plot 46 Season 2,FALSE,Maricopa,6000000258,6000002642
height,17076,68.521,MAC Field Scanner Field Plot 47 Season 2,FALSE,Maricopa,6000000258,6000002643
height,17080,66.538,MAC Field Scanner Field Plot 268 Season 2,FALSE,Maricopa,6000000280,6000002864
height,17080,92.978,MAC Field Scanner Field Plot 269 Season 2,FALSE,Maricopa,6000000280,6000002865
height,17080,30.183,MAC Field Scanner Field Plot 267 Season 2,FALSE,Maricopa,6000000307,6000002863
height,17080,79.758,MAC Field Scanner Field Plot 270 Season 2,FALSE,Maricopa,6000000394,6000002866
height,17022,30.183,MAC Field Scanner Field Plot 29 Season 2,FALSE,Maricopa,6000000415,6000002625
height,17043,32.827,MAC Field Scanner Field Plot 29 Season 2,FALSE,Maricopa,6000000415,6000002625
height,17049,32.827,MAC Field Scanner Field Plot 29 Season 2,FALSE,Maricopa,6000000415,6000002625
height,17053,57.945,MAC Field Scanner Field Plot 29 Season 2,FALSE,Maricopa,6000000415,6000002625
height,17064,78.436,MAC Field Scanner Field Plot 29 Season 2,FALSE,Maricopa,6000000415,6000002625
height,17050,32.827,MAC Field Scanner Field Plot 28 Season 2,FALSE,Maricopa,6000000415,6000002624
height,17061,77.114,MAC Field Scanner Field Plot 28 Season 2,FALSE,Maricopa,6000000415,6000002624
height,17022,32.166,MAC Field Scanner Field Plot 27 Season 2,FALSE,Maricopa,6000000415,6000002623
height,17025,32.166,MAC Field Scanner Field Plot 27 Season 2,FALSE,Maricopa,6000000415,6000002623
height,17026,31.505,MAC Field Scanner Field Plot 27 Season 2,FALSE,Maricopa,6000000415,6000002623
height,17027,31.505,MAC Field Scanner Field Plot 27 Season 2,FALSE,Maricopa,6000000415,6000002623
height,17028,30.844,MAC Field Scanner Field Plot 27 Season 2,FALSE,Maricopa,6000000415,6000002623
height,17029,31.505,MAC Field Scanner Field Plot 27 Season 2,FALSE,Maricopa,6000000415,6000002623
height,17030,31.505,MAC Field Scanner Field Plot 27 Season 2,FALSE,Maricopa,6000000415,6000002623
height,17031,32.166,MAC Field Scanner Field Plot 27 Season 2,FALSE,Maricopa,6000000415,6000002623
height,17037,32.166,MAC Field Scanner Field Plot 27 Season 2,FALSE,Maricopa,6000000415,6000002623
height,17039,31.505,MAC Field Scanner Field Plot 27 Season 2,FALSE,Maricopa,6000000415,6000002623
height,17041,32.166,MAC Field Scanner Field Plot 27 Season 2,FALSE,Maricopa,6000000415,6000002623
height,17043,32.166,MAC Field Scanner Field Plot 27 Season 2,FALSE,Maricopa,6000000415,6000002623
height,17047,32.827,MAC Field Scanner Field Plot 27 Season 2,FALSE,Maricopa,6000000415,6000002623
height,17049,32.827,MAC Field Scanner Field Plot 27 Season 2,FALSE,Maricopa,6000000415,6000002623
height,17050,32.827,MAC Field Scanner Field Plot 27 Season 2,FALSE,Maricopa,6000000415,6000002623
height,17051,56.623,MAC Field Scanner Field Plot 27 Season 2,FALSE,Maricopa,6000000415,6000002623
height,17052,59.928,MAC Field Scanner Field Plot 27 Season 2,FALSE,Maricopa,6000000415,6000002623
height,17053,61.911,MAC Field Scanner Field Plot 27 Season 2,FALSE,Maricopa,6000000415,6000002623
height,17054,63.233,MAC Field Scanner Field Plot 27 Season 2,FALSE,Maricopa,6000000415,6000002623
height,17056,67.199,MAC Field Scanner Field Plot 27 Season 2,FALSE,Maricopa,6000000415,6000002623
height,17057,69.843,MAC Field Scanner Field Plot 27 Season 2,FALSE,Maricopa,6000000415,6000002623
height,17058,71.165,MAC Field Scanner Field Plot 27 Season 2,FALSE,Maricopa,6000000415,6000002623
height,17061,76.453,MAC Field Scanner Field Plot 27 Season 2,FALSE,Maricopa,6000000415,6000002623
height,17064,82.402,MAC Field Scanner Field Plot 27 Season 2,FALSE,Maricopa,6000000415,6000002623
height,17067,93.639,MAC Field Scanner Field Plot 27 Season 2,FALSE,Maricopa,6000000415,6000002623
height,17069,96.944,MAC Field Scanner Field Plot 27 Season 2,FALSE,Maricopa,6000000415,6000002623
height,17070,96.944,MAC Field Scanner Field Plot 27 Season 2,FALSE,Maricopa,6000000415,6000002623
height,17071,102.232,MAC Field Scanner Field Plot 27 Season 2,FALSE,Maricopa,6000000415,6000002623
height,17076,114.791,MAC Field Scanner Field Plot 27 Season 2,FALSE,Maricopa,6000000415,6000002623
height,17022,31.505,MAC Field Scanner Field Plot 26 Season 2,FALSE,Maricopa,6000000415,6000002622
height,17025,31.505,MAC Field Scanner Field Plot 26 Season 2,FALSE,Maricopa,6000000415,6000002622
height,17026,31.505,MAC Field Scanner Field Plot 26 Season 2,FALSE,Maricopa,6000000415,6000002622
height,17027,31.505,MAC Field Scanner Field Plot 26 Season 2,FALSE,Maricopa,6000000415,6000002622
height,17028,31.505,MAC Field Scanner Field Plot 26 Season 2,FALSE,Maricopa,6000000415,6000002622
height,17029,32.166,MAC Field Scanner Field Plot 26 Season 2,FALSE,Maricopa,6000000415,6000002622
height,17030,31.505,MAC Field Scanner Field Plot 26 Season 2,FALSE,Maricopa,6000000415,6000002622
height,17031,31.505,MAC Field Scanner Field Plot 26 Season 2,FALSE,Maricopa,6000000415,6000002622
height,17037,31.505,MAC Field Scanner Field Plot 26 Season 2,FALSE,Maricopa,6000000415,6000002622
height,17039,32.827,MAC Field Scanner Field Plot 26 Season 2,FALSE,Maricopa,6000000415,6000002622
height,17041,32.827,MAC Field Scanner Field Plot 26 Season 2,FALSE,Maricopa,6000000415,6000002622
height,17043,33.488,MAC Field Scanner Field Plot 26 Season 2,FALSE,Maricopa,6000000415,6000002622
height,17047,32.827,MAC Field Scanner Field Plot 26 Season 2,FALSE,Maricopa,6000000415,6000002622
height,17049,32.827,MAC Field Scanner Field Plot 26 Season 2,FALSE,Maricopa,6000000415,6000002622
height,17050,33.488,MAC Field Scanner Field Plot 26 Season 2,FALSE,Maricopa,6000000415,6000002622
height,17051,58.606,MAC Field Scanner Field Plot 26 Season 2,FALSE,Maricopa,6000000415,6000002622
height,17052,60.589,MAC Field Scanner Field Plot 26 Season 2,FALSE,Maricopa,6000000415,6000002622
height,17053,63.233,MAC Field Scanner Field Plot 26 Season 2,FALSE,Maricopa,6000000415,6000002622
height,17054,66.538,MAC Field Scanner Field Plot 26 Season 2,FALSE,Maricopa,6000000415,6000002622
height,17056,69.182,MAC Field Scanner Field Plot 26 Season 2,FALSE,Maricopa,6000000415,6000002622
height,17057,71.826,MAC Field Scanner Field Plot 26 Season 2,FALSE,Maricopa,6000000415,6000002622
height,17058,73.809,MAC Field Scanner Field Plot 26 Season 2,FALSE,Maricopa,6000000415,6000002622
height,17061,77.775,MAC Field Scanner Field Plot 26 Season 2,FALSE,Maricopa,6000000415,6000002622
height,17064,84.385,MAC Field Scanner Field Plot 26 Season 2,FALSE,Maricopa,6000000415,6000002622
height,17067,96.283,MAC Field Scanner Field Plot 26 Season 2,FALSE,Maricopa,6000000415,6000002622
height,17069,98.927,MAC Field Scanner Field Plot 26 Season 2,FALSE,Maricopa,6000000415,6000002622
height,17070,100.249,MAC Field Scanner Field Plot 26 Season 2,FALSE,Maricopa,6000000415,6000002622
height,17071,105.537,MAC Field Scanner Field Plot 26 Season 2,FALSE,Maricopa,6000000415,6000002622
height,17076,118.096,MAC Field Scanner Field Plot 26 Season 2,FALSE,Maricopa,6000000415,6000002622
height,17022,30.183,MAC Field Scanner Field Plot 25 Season 2,FALSE,Maricopa,6000000415,6000002621
height,17025,30.183,MAC Field Scanner Field Plot 25 Season 2,FALSE,Maricopa,6000000415,6000002621
height,17026,30.183,MAC Field Scanner Field Plot 25 Season 2,FALSE,Maricopa,6000000415,6000002621
height,17027,30.183,MAC Field Scanner Field Plot 25 Season 2,FALSE,Maricopa,6000000415,6000002621
height,17028,30.183,MAC Field Scanner Field Plot 25 Season 2,FALSE,Maricopa,6000000415,6000002621
height,17029,30.844,MAC Field Scanner Field Plot 25 Season 2,FALSE,Maricopa,6000000415,6000002621
height,17030,30.183,MAC Field Scanner Field Plot 25 Season 2,FALSE,Maricopa,6000000415,6000002621
height,17031,30.183,MAC Field Scanner Field Plot 25 Season 2,FALSE,Maricopa,6000000415,6000002621
height,17037,30.183,MAC Field Scanner Field Plot 25 Season 2,FALSE,Maricopa,6000000415,6000002621
height,17039,32.827,MAC Field Scanner Field Plot 25 Season 2,FALSE,Maricopa,6000000415,6000002621
height,17041,32.827,MAC Field Scanner Field Plot 25 Season 2,FALSE,Maricopa,6000000415,6000002621
height,17043,32.827,MAC Field Scanner Field Plot 25 Season 2,FALSE,Maricopa,6000000415,6000002621
height,17047,32.827,MAC Field Scanner Field Plot 25 Season 2,FALSE,Maricopa,6000000415,6000002621
height,17049,33.488,MAC Field Scanner Field Plot 25 Season 2,FALSE,Maricopa,6000000415,6000002621
height,17050,32.827,MAC Field Scanner Field Plot 25 Season 2,FALSE,Maricopa,6000000415,6000002621
height,17051,57.284,MAC Field Scanner Field Plot 25 Season 2,FALSE,Maricopa,6000000415,6000002621
height,17052,60.589,MAC Field Scanner Field Plot 25 Season 2,FALSE,Maricopa,6000000415,6000002621
height,17053,63.233,MAC Field Scanner Field Plot 25 Season 2,FALSE,Maricopa,6000000415,6000002621
height,17054,65.216,MAC Field Scanner Field Plot 25 Season 2,FALSE,Maricopa,6000000415,6000002621
height,17056,67.86,MAC Field Scanner Field Plot 25 Season 2,FALSE,Maricopa,6000000415,6000002621
height,17057,71.165,MAC Field Scanner Field Plot 25 Season 2,FALSE,Maricopa,6000000415,6000002621
height,17058,71.826,MAC Field Scanner Field Plot 25 Season 2,FALSE,Maricopa,6000000415,6000002621
height,17061,77.114,MAC Field Scanner Field Plot 25 Season 2,FALSE,Maricopa,6000000415,6000002621
height,17064,83.063,MAC Field Scanner Field Plot 25 Season 2,FALSE,Maricopa,6000000415,6000002621
height,17067,94.3,MAC Field Scanner Field Plot 25 Season 2,FALSE,Maricopa,6000000415,6000002621
height,17069,96.944,MAC Field Scanner Field Plot 25 Season 2,FALSE,Maricopa,6000000415,6000002621
height,17070,100.249,MAC Field Scanner Field Plot 25 Season 2,FALSE,Maricopa,6000000415,6000002621
height,17071,104.215,MAC Field Scanner Field Plot 25 Season 2,FALSE,Maricopa,6000000415,6000002621
height,17076,116.113,MAC Field Scanner Field Plot 25 Season 2,FALSE,Maricopa,6000000415,6000002621
height,17022,30.844,MAC Field Scanner Field Plot 24 Season 2,FALSE,Maricopa,6000000415,6000002620
height,17025,30.844,MAC Field Scanner Field Plot 24 Season 2,FALSE,Maricopa,6000000415,6000002620
height,17026,30.844,MAC Field Scanner Field Plot 24 Season 2,FALSE,Maricopa,6000000415,6000002620
height,17027,30.844,MAC Field Scanner Field Plot 24 Season 2,FALSE,Maricopa,6000000415,6000002620
height,17028,30.844,MAC Field Scanner Field Plot 24 Season 2,FALSE,Maricopa,6000000415,6000002620
height,17029,30.844,MAC Field Scanner Field Plot 24 Season 2,FALSE,Maricopa,6000000415,6000002620
height,17030,30.844,MAC Field Scanner Field Plot 24 Season 2,FALSE,Maricopa,6000000415,6000002620
height,17031,30.844,MAC Field Scanner Field Plot 24 Season 2,FALSE,Maricopa,6000000415,6000002620
height,17037,30.844,MAC Field Scanner Field Plot 24 Season 2,FALSE,Maricopa,6000000415,6000002620
height,17039,32.166,MAC Field Scanner Field Plot 24 Season 2,FALSE,Maricopa,6000000415,6000002620
height,17041,32.827,MAC Field Scanner Field Plot 24 Season 2,FALSE,Maricopa,6000000415,6000002620
height,17043,32.166,MAC Field Scanner Field Plot 24 Season 2,FALSE,Maricopa,6000000415,6000002620
height,17047,32.827,MAC Field Scanner Field Plot 24 Season 2,FALSE,Maricopa,6000000415,6000002620
height,17049,32.827,MAC Field Scanner Field Plot 24 Season 2,FALSE,Maricopa,6000000415,6000002620
height,17050,32.827,MAC Field Scanner Field Plot 24 Season 2,FALSE,Maricopa,6000000415,6000002620
height,17051,45.386,MAC Field Scanner Field Plot 24 Season 2,FALSE,Maricopa,6000000415,6000002620
height,17052,50.013,MAC Field Scanner Field Plot 24 Season 2,FALSE,Maricopa,6000000415,6000002620
height,17053,53.318,MAC Field Scanner Field Plot 24 Season 2,FALSE,Maricopa,6000000415,6000002620
height,17054,55.301,MAC Field Scanner Field Plot 24 Season 2,FALSE,Maricopa,6000000415,6000002620
height,17056,59.928,MAC Field Scanner Field Plot 24 Season 2,FALSE,Maricopa,6000000415,6000002620
height,17057,62.572,MAC Field Scanner Field Plot 24 Season 2,FALSE,Maricopa,6000000415,6000002620
height,17058,64.555,MAC Field Scanner Field Plot 24 Season 2,FALSE,Maricopa,6000000415,6000002620
height,17061,69.182,MAC Field Scanner Field Plot 24 Season 2,FALSE,Maricopa,6000000415,6000002620
height,17064,73.809,MAC Field Scanner Field Plot 24 Season 2,FALSE,Maricopa,6000000415,6000002620
height,17067,82.402,MAC Field Scanner Field Plot 24 Season 2,FALSE,Maricopa,6000000415,6000002620
height,17069,86.368,MAC Field Scanner Field Plot 24 Season 2,FALSE,Maricopa,6000000415,6000002620
height,17070,90.334,MAC Field Scanner Field Plot 24 Season 2,FALSE,Maricopa,6000000415,6000002620
height,17071,92.978,MAC Field Scanner Field Plot 24 Season 2,FALSE,Maricopa,6000000415,6000002620
height,17076,108.181,MAC Field Scanner Field Plot 24 Season 2,FALSE,Maricopa,6000000415,6000002620
height,17022,31.505,MAC Field Scanner Field Plot 23 Season 2,FALSE,Maricopa,6000000415,6000002619
height,17025,30.844,MAC Field Scanner Field Plot 23 Season 2,FALSE,Maricopa,6000000415,6000002619
height,17026,31.505,MAC Field Scanner Field Plot 23 Season 2,FALSE,Maricopa,6000000415,6000002619
height,17027,31.505,MAC Field Scanner Field Plot 23 Season 2,FALSE,Maricopa,6000000415,6000002619
height,17028,30.844,MAC Field Scanner Field Plot 23 Season 2,FALSE,Maricopa,6000000415,6000002619
height,17029,30.844,MAC Field Scanner Field Plot 23 Season 2,FALSE,Maricopa,6000000415,6000002619
height,17030,30.844,MAC Field Scanner Field Plot 23 Season 2,FALSE,Maricopa,6000000415,6000002619
height,17031,30.844,MAC Field Scanner Field Plot 23 Season 2,FALSE,Maricopa,6000000415,6000002619
height,17037,30.844,MAC Field Scanner Field Plot 23 Season 2,FALSE,Maricopa,6000000415,6000002619
height,17039,32.827,MAC Field Scanner Field Plot 23 Season 2,FALSE,Maricopa,6000000415,6000002619
height,17041,32.166,MAC Field Scanner Field Plot 23 Season 2,FALSE,Maricopa,6000000415,6000002619
height,17043,32.166,MAC Field Scanner Field Plot 23 Season 2,FALSE,Maricopa,6000000415,6000002619
height,17047,32.166,MAC Field Scanner Field Plot 23 Season 2,FALSE,Maricopa,6000000415,6000002619
height,17049,32.166,MAC Field Scanner Field Plot 23 Season 2,FALSE,Maricopa,6000000415,6000002619
height,17050,32.166,MAC Field Scanner Field Plot 23 Season 2,FALSE,Maricopa,6000000415,6000002619
height,17051,53.318,MAC Field Scanner Field Plot 23 Season 2,FALSE,Maricopa,6000000415,6000002619
height,17052,55.962,MAC Field Scanner Field Plot 23 Season 2,FALSE,Maricopa,6000000415,6000002619
height,17053,58.606,MAC Field Scanner Field Plot 23 Season 2,FALSE,Maricopa,6000000415,6000002619
height,17054,61.25,MAC Field Scanner Field Plot 23 Season 2,FALSE,Maricopa,6000000415,6000002619
height,17056,64.555,MAC Field Scanner Field Plot 23 Season 2,FALSE,Maricopa,6000000415,6000002619
height,17057,67.86,MAC Field Scanner Field Plot 23 Season 2,FALSE,Maricopa,6000000415,6000002619
height,17058,69.182,MAC Field Scanner Field Plot 23 Season 2,FALSE,Maricopa,6000000415,6000002619
height,17061,73.148,MAC Field Scanner Field Plot 23 Season 2,FALSE,Maricopa,6000000415,6000002619
height,17064,79.758,MAC Field Scanner Field Plot 23 Season 2,FALSE,Maricopa,6000000415,6000002619
height,17067,89.012,MAC Field Scanner Field Plot 23 Season 2,FALSE,Maricopa,6000000415,6000002619
height,17069,93.639,MAC Field Scanner Field Plot 23 Season 2,FALSE,Maricopa,6000000415,6000002619
height,17070,95.622,MAC Field Scanner Field Plot 23 Season 2,FALSE,Maricopa,6000000415,6000002619
height,17071,98.266,MAC Field Scanner Field Plot 23 Season 2,FALSE,Maricopa,6000000415,6000002619
height,17076,110.164,MAC Field Scanner Field Plot 23 Season 2,FALSE,Maricopa,6000000415,6000002619
height,17022,31.505,MAC Field Scanner Field Plot 22 Season 2,FALSE,Maricopa,6000000415,6000002618
height,17025,31.505,MAC Field Scanner Field Plot 22 Season 2,FALSE,Maricopa,6000000415,6000002618
height,17026,31.505,MAC Field Scanner Field Plot 22 Season 2,FALSE,Maricopa,6000000415,6000002618
height,17027,31.505,MAC Field Scanner Field Plot 22 Season 2,FALSE,Maricopa,6000000415,6000002618
height,17028,31.505,MAC Field Scanner Field Plot 22 Season 2,FALSE,Maricopa,6000000415,6000002618
height,17029,30.844,MAC Field Scanner Field Plot 22 Season 2,FALSE,Maricopa,6000000415,6000002618
height,17030,31.505,MAC Field Scanner Field Plot 22 Season 2,FALSE,Maricopa,6000000415,6000002618
height,17031,31.505,MAC Field Scanner Field Plot 22 Season 2,FALSE,Maricopa,6000000415,6000002618
height,17037,31.505,MAC Field Scanner Field Plot 22 Season 2,FALSE,Maricopa,6000000415,6000002618
height,17039,32.166,MAC Field Scanner Field Plot 22 Season 2,FALSE,Maricopa,6000000415,6000002618
height,17041,32.166,MAC Field Scanner Field Plot 22 Season 2,FALSE,Maricopa,6000000415,6000002618
height,17043,32.166,MAC Field Scanner Field Plot 22 Season 2,FALSE,Maricopa,6000000415,6000002618
height,17047,32.827,MAC Field Scanner Field Plot 22 Season 2,FALSE,Maricopa,6000000415,6000002618
height,17049,32.827,MAC Field Scanner Field Plot 22 Season 2,FALSE,Maricopa,6000000415,6000002618
height,17050,32.827,MAC Field Scanner Field Plot 22 Season 2,FALSE,Maricopa,6000000415,6000002618
height,17051,58.606,MAC Field Scanner Field Plot 22 Season 2,FALSE,Maricopa,6000000415,6000002618
height,17052,60.589,MAC Field Scanner Field Plot 22 Season 2,FALSE,Maricopa,6000000415,6000002618
height,17053,64.555,MAC Field Scanner Field Plot 22 Season 2,FALSE,Maricopa,6000000415,6000002618
height,17054,65.877,MAC Field Scanner Field Plot 22 Season 2,FALSE,Maricopa,6000000415,6000002618
height,17056,69.182,MAC Field Scanner Field Plot 22 Season 2,FALSE,Maricopa,6000000415,6000002618
height,17057,72.487,MAC Field Scanner Field Plot 22 Season 2,FALSE,Maricopa,6000000415,6000002618
height,17058,73.148,MAC Field Scanner Field Plot 22 Season 2,FALSE,Maricopa,6000000415,6000002618
height,17061,78.436,MAC Field Scanner Field Plot 22 Season 2,FALSE,Maricopa,6000000415,6000002618
height,17064,84.385,MAC Field Scanner Field Plot 22 Season 2,FALSE,Maricopa,6000000415,6000002618
height,17067,96.944,MAC Field Scanner Field Plot 22 Season 2,FALSE,Maricopa,6000000415,6000002618
height,17069,98.927,MAC Field Scanner Field Plot 22 Season 2,FALSE,Maricopa,6000000415,6000002618
height,17070,100.249,MAC Field Scanner Field Plot 22 Season 2,FALSE,Maricopa,6000000415,6000002618
height,17071,106.198,MAC Field Scanner Field Plot 22 Season 2,FALSE,Maricopa,6000000415,6000002618
height,17076,118.096,MAC Field Scanner Field Plot 22 Season 2,FALSE,Maricopa,6000000415,6000002618
height,17022,30.844,MAC Field Scanner Field Plot 21 Season 2,FALSE,Maricopa,6000000415,6000002617
height,17025,30.183,MAC Field Scanner Field Plot 21 Season 2,FALSE,Maricopa,6000000415,6000002617
height,17026,30.183,MAC Field Scanner Field Plot 21 Season 2,FALSE,Maricopa,6000000415,6000002617
height,17027,30.183,MAC Field Scanner Field Plot 21 Season 2,FALSE,Maricopa,6000000415,6000002617
height,17028,30.183,MAC Field Scanner Field Plot 21 Season 2,FALSE,Maricopa,6000000415,6000002617
height,17029,30.844,MAC Field Scanner Field Plot 21 Season 2,FALSE,Maricopa,6000000415,6000002617
height,17030,30.183,MAC Field Scanner Field Plot 21 Season 2,FALSE,Maricopa,6000000415,6000002617
height,17031,30.183,MAC Field Scanner Field Plot 21 Season 2,FALSE,Maricopa,6000000415,6000002617
height,17037,30.844,MAC Field Scanner Field Plot 21 Season 2,FALSE,Maricopa,6000000415,6000002617
height,17039,32.827,MAC Field Scanner Field Plot 21 Season 2,FALSE,Maricopa,6000000415,6000002617
height,17041,32.166,MAC Field Scanner Field Plot 21 Season 2,FALSE,Maricopa,6000000415,6000002617
height,17043,32.166,MAC Field Scanner Field Plot 21 Season 2,FALSE,Maricopa,6000000415,6000002617
height,17047,32.827,MAC Field Scanner Field Plot 21 Season 2,FALSE,Maricopa,6000000415,6000002617
height,17049,32.827,MAC Field Scanner Field Plot 21 Season 2,FALSE,Maricopa,6000000415,6000002617
height,17050,32.827,MAC Field Scanner Field Plot 21 Season 2,FALSE,Maricopa,6000000415,6000002617
height,17051,57.284,MAC Field Scanner Field Plot 21 Season 2,FALSE,Maricopa,6000000415,6000002617
height,17052,59.267,MAC Field Scanner Field Plot 21 Season 2,FALSE,Maricopa,6000000415,6000002617
height,17053,62.572,MAC Field Scanner Field Plot 21 Season 2,FALSE,Maricopa,6000000415,6000002617
height,17054,65.216,MAC Field Scanner Field Plot 21 Season 2,FALSE,Maricopa,6000000415,6000002617
height,17056,68.521,MAC Field Scanner Field Plot 21 Season 2,FALSE,Maricopa,6000000415,6000002617
height,17057,71.165,MAC Field Scanner Field Plot 21 Season 2,FALSE,Maricopa,6000000415,6000002617
height,17058,72.487,MAC Field Scanner Field Plot 21 Season 2,FALSE,Maricopa,6000000415,6000002617
height,17061,77.775,MAC Field Scanner Field Plot 21 Season 2,FALSE,Maricopa,6000000415,6000002617
height,17064,83.063,MAC Field Scanner Field Plot 21 Season 2,FALSE,Maricopa,6000000415,6000002617
height,17067,94.961,MAC Field Scanner Field Plot 21 Season 2,FALSE,Maricopa,6000000415,6000002617
height,17069,98.266,MAC Field Scanner Field Plot 21 Season 2,FALSE,Maricopa,6000000415,6000002617
height,17070,98.266,MAC Field Scanner Field Plot 21 Season 2,FALSE,Maricopa,6000000415,6000002617
height,17071,104.876,MAC Field Scanner Field Plot 21 Season 2,FALSE,Maricopa,6000000415,6000002617
height,17076,115.452,MAC Field Scanner Field Plot 21 Season 2,FALSE,Maricopa,6000000415,6000002617
height,17022,30.183,MAC Field Scanner Field Plot 20 Season 2,FALSE,Maricopa,6000000415,6000002616
height,17025,30.844,MAC Field Scanner Field Plot 20 Season 2,FALSE,Maricopa,6000000415,6000002616
height,17026,30.844,MAC Field Scanner Field Plot 20 Season 2,FALSE,Maricopa,6000000415,6000002616
height,17027,30.844,MAC Field Scanner Field Plot 20 Season 2,FALSE,Maricopa,6000000415,6000002616
height,17028,30.183,MAC Field Scanner Field Plot 20 Season 2,FALSE,Maricopa,6000000415,6000002616
height,17029,30.844,MAC Field Scanner Field Plot 20 Season 2,FALSE,Maricopa,6000000415,6000002616
height,17030,30.844,MAC Field Scanner Field Plot 20 Season 2,FALSE,Maricopa,6000000415,6000002616
height,17031,30.844,MAC Field Scanner Field Plot 20 Season 2,FALSE,Maricopa,6000000415,6000002616
height,17037,30.183,MAC Field Scanner Field Plot 20 Season 2,FALSE,Maricopa,6000000415,6000002616
height,17039,32.827,MAC Field Scanner Field Plot 20 Season 2,FALSE,Maricopa,6000000415,6000002616
height,17041,32.166,MAC Field Scanner Field Plot 20 Season 2,FALSE,Maricopa,6000000415,6000002616
height,17043,32.827,MAC Field Scanner Field Plot 20 Season 2,FALSE,Maricopa,6000000415,6000002616
height,17047,32.166,MAC Field Scanner Field Plot 20 Season 2,FALSE,Maricopa,6000000415,6000002616
height,17049,32.827,MAC Field Scanner Field Plot 20 Season 2,FALSE,Maricopa,6000000415,6000002616
height,17050,32.827,MAC Field Scanner Field Plot 20 Season 2,FALSE,Maricopa,6000000415,6000002616
height,17051,49.352,MAC Field Scanner Field Plot 20 Season 2,FALSE,Maricopa,6000000415,6000002616
height,17052,53.979,MAC Field Scanner Field Plot 20 Season 2,FALSE,Maricopa,6000000415,6000002616
height,17053,57.945,MAC Field Scanner Field Plot 20 Season 2,FALSE,Maricopa,6000000415,6000002616
height,17054,60.589,MAC Field Scanner Field Plot 20 Season 2,FALSE,Maricopa,6000000415,6000002616
height,17056,64.555,MAC Field Scanner Field Plot 20 Season 2,FALSE,Maricopa,6000000415,6000002616
height,17057,67.199,MAC Field Scanner Field Plot 20 Season 2,FALSE,Maricopa,6000000415,6000002616
height,17058,69.843,MAC Field Scanner Field Plot 20 Season 2,FALSE,Maricopa,6000000415,6000002616
height,17061,73.148,MAC Field Scanner Field Plot 20 Season 2,FALSE,Maricopa,6000000415,6000002616
height,17064,76.453,MAC Field Scanner Field Plot 20 Season 2,FALSE,Maricopa,6000000415,6000002616
height,17067,90.334,MAC Field Scanner Field Plot 20 Season 2,FALSE,Maricopa,6000000415,6000002616
height,17069,94.3,MAC Field Scanner Field Plot 20 Season 2,FALSE,Maricopa,6000000415,6000002616
height,17070,96.283,MAC Field Scanner Field Plot 20 Season 2,FALSE,Maricopa,6000000415,6000002616
height,17071,98.266,MAC Field Scanner Field Plot 20 Season 2,FALSE,Maricopa,6000000415,6000002616
height,17076,110.825,MAC Field Scanner Field Plot 20 Season 2,FALSE,Maricopa,6000000415,6000002616
height,17021,31.505,MAC Field Scanner Field Plot 836 Season 2,FALSE,Maricopa,6000000415,6000003432
height,17023,31.505,MAC Field Scanner Field Plot 836 Season 2,FALSE,Maricopa,6000000415,6000003432
height,17024,31.505,MAC Field Scanner Field Plot 836 Season 2,FALSE,Maricopa,6000000415,6000003432
height,17025,30.844,MAC Field Scanner Field Plot 836 Season 2,FALSE,Maricopa,6000000415,6000003432
height,17026,31.505,MAC Field Scanner Field Plot 836 Season 2,FALSE,Maricopa,6000000415,6000003432
height,17027,30.844,MAC Field Scanner Field Plot 836 Season 2,FALSE,Maricopa,6000000415,6000003432
height,17028,30.844,MAC Field Scanner Field Plot 836 Season 2,FALSE,Maricopa,6000000415,6000003432
height,17029,31.505,MAC Field Scanner Field Plot 836 Season 2,FALSE,Maricopa,6000000415,6000003432
height,17030,31.505,MAC Field Scanner Field Plot 836 Season 2,FALSE,Maricopa,6000000415,6000003432
height,17031,31.505,MAC Field Scanner Field Plot 836 Season 2,FALSE,Maricopa,6000000415,6000003432
height,17035,31.505,MAC Field Scanner Field Plot 836 Season 2,FALSE,Maricopa,6000000415,6000003432
height,17036,31.505,MAC Field Scanner Field Plot 836 Season 2,FALSE,Maricopa,6000000415,6000003432
height,17037,31.505,MAC Field Scanner Field Plot 836 Season 2,FALSE,Maricopa,6000000415,6000003432
height,17038,36.793,MAC Field Scanner Field Plot 836 Season 2,FALSE,Maricopa,6000000415,6000003432
height,17040,33.488,MAC Field Scanner Field Plot 836 Season 2,FALSE,Maricopa,6000000415,6000003432
height,17042,32.827,MAC Field Scanner Field Plot 836 Season 2,FALSE,Maricopa,6000000415,6000003432
height,17046,32.827,MAC Field Scanner Field Plot 836 Season 2,FALSE,Maricopa,6000000415,6000003432
height,17048,32.827,MAC Field Scanner Field Plot 836 Season 2,FALSE,Maricopa,6000000415,6000003432
height,17049,32.827,MAC Field Scanner Field Plot 836 Season 2,FALSE,Maricopa,6000000415,6000003432
height,17050,59.928,MAC Field Scanner Field Plot 836 Season 2,FALSE,Maricopa,6000000415,6000003432
height,17051,62.572,MAC Field Scanner Field Plot 836 Season 2,FALSE,Maricopa,6000000415,6000003432
height,17052,64.555,MAC Field Scanner Field Plot 836 Season 2,FALSE,Maricopa,6000000415,6000003432
height,17054,67.199,MAC Field Scanner Field Plot 836 Season 2,FALSE,Maricopa,6000000415,6000003432
height,17055,87.029,MAC Field Scanner Field Plot 836 Season 2,FALSE,Maricopa,6000000415,6000003432
height,17056,71.165,MAC Field Scanner Field Plot 836 Season 2,FALSE,Maricopa,6000000415,6000003432
height,17057,72.487,MAC Field Scanner Field Plot 836 Season 2,FALSE,Maricopa,6000000415,6000003432
height,17059,75.792,MAC Field Scanner Field Plot 836 Season 2,FALSE,Maricopa,6000000415,6000003432
height,17064,86.368,MAC Field Scanner Field Plot 836 Season 2,FALSE,Maricopa,6000000415,6000003432
height,17066,94.961,MAC Field Scanner Field Plot 836 Season 2,FALSE,Maricopa,6000000415,6000003432
height,17068,98.927,MAC Field Scanner Field Plot 836 Season 2,FALSE,Maricopa,6000000415,6000003432
height,17069,101.571,MAC Field Scanner Field Plot 836 Season 2,FALSE,Maricopa,6000000415,6000003432
height,17070,102.893,MAC Field Scanner Field Plot 836 Season 2,FALSE,Maricopa,6000000415,6000003432
height,17072,108.181,MAC Field Scanner Field Plot 836 Season 2,FALSE,Maricopa,6000000415,6000003432
height,17021,32.166,MAC Field Scanner Field Plot 837 Season 2,FALSE,Maricopa,6000000415,6000003433
height,17023,32.166,MAC Field Scanner Field Plot 837 Season 2,FALSE,Maricopa,6000000415,6000003433
height,17024,31.505,MAC Field Scanner Field Plot 837 Season 2,FALSE,Maricopa,6000000415,6000003433
height,17025,31.505,MAC Field Scanner Field Plot 837 Season 2,FALSE,Maricopa,6000000415,6000003433
height,17026,31.505,MAC Field Scanner Field Plot 837 Season 2,FALSE,Maricopa,6000000415,6000003433
height,17027,31.505,MAC Field Scanner Field Plot 837 Season 2,FALSE,Maricopa,6000000415,6000003433
height,17028,31.505,MAC Field Scanner Field Plot 837 Season 2,FALSE,Maricopa,6000000415,6000003433
height,17029,31.505,MAC Field Scanner Field Plot 837 Season 2,FALSE,Maricopa,6000000415,6000003433
height,17030,32.166,MAC Field Scanner Field Plot 837 Season 2,FALSE,Maricopa,6000000415,6000003433
height,17031,31.505,MAC Field Scanner Field Plot 837 Season 2,FALSE,Maricopa,6000000415,6000003433
height,17035,44.725,MAC Field Scanner Field Plot 837 Season 2,FALSE,Maricopa,6000000415,6000003433
height,17036,31.505,MAC Field Scanner Field Plot 837 Season 2,FALSE,Maricopa,6000000415,6000003433
height,17037,31.505,MAC Field Scanner Field Plot 837 Season 2,FALSE,Maricopa,6000000415,6000003433
height,17038,45.386,MAC Field Scanner Field Plot 837 Season 2,FALSE,Maricopa,6000000415,6000003433
height,17040,31.505,MAC Field Scanner Field Plot 837 Season 2,FALSE,Maricopa,6000000415,6000003433
height,17042,32.166,MAC Field Scanner Field Plot 837 Season 2,FALSE,Maricopa,6000000415,6000003433
height,17046,32.166,MAC Field Scanner Field Plot 837 Season 2,FALSE,Maricopa,6000000415,6000003433
height,17048,32.166,MAC Field Scanner Field Plot 837 Season 2,FALSE,Maricopa,6000000415,6000003433
height,17049,32.166,MAC Field Scanner Field Plot 837 Season 2,FALSE,Maricopa,6000000415,6000003433
height,17050,59.928,MAC Field Scanner Field Plot 837 Season 2,FALSE,Maricopa,6000000415,6000003433
height,17051,63.233,MAC Field Scanner Field Plot 837 Season 2,FALSE,Maricopa,6000000415,6000003433
height,17052,64.555,MAC Field Scanner Field Plot 837 Season 2,FALSE,Maricopa,6000000415,6000003433
height,17054,67.199,MAC Field Scanner Field Plot 837 Season 2,FALSE,Maricopa,6000000415,6000003433
height,17055,77.114,MAC Field Scanner Field Plot 837 Season 2,FALSE,Maricopa,6000000415,6000003433
height,17056,71.165,MAC Field Scanner Field Plot 837 Season 2,FALSE,Maricopa,6000000415,6000003433
height,17057,73.809,MAC Field Scanner Field Plot 837 Season 2,FALSE,Maricopa,6000000415,6000003433
height,17059,75.131,MAC Field Scanner Field Plot 837 Season 2,FALSE,Maricopa,6000000415,6000003433
height,17064,84.385,MAC Field Scanner Field Plot 837 Season 2,FALSE,Maricopa,6000000415,6000003433
height,17066,92.978,MAC Field Scanner Field Plot 837 Season 2,FALSE,Maricopa,6000000415,6000003433
height,17068,98.266,MAC Field Scanner Field Plot 837 Season 2,FALSE,Maricopa,6000000415,6000003433
height,17069,100.249,MAC Field Scanner Field Plot 837 Season 2,FALSE,Maricopa,6000000415,6000003433
height,17070,103.554,MAC Field Scanner Field Plot 837 Season 2,FALSE,Maricopa,6000000415,6000003433
height,17072,107.52,MAC Field Scanner Field Plot 837 Season 2,FALSE,Maricopa,6000000415,6000003433
height,17021,30.844,MAC Field Scanner Field Plot 838 Season 2,FALSE,Maricopa,6000000415,6000003434
height,17023,32.166,MAC Field Scanner Field Plot 838 Season 2,FALSE,Maricopa,6000000415,6000003434
height,17024,30.844,MAC Field Scanner Field Plot 838 Season 2,FALSE,Maricopa,6000000415,6000003434
height,17025,31.505,MAC Field Scanner Field Plot 838 Season 2,FALSE,Maricopa,6000000415,6000003434
height,17026,31.505,MAC Field Scanner Field Plot 838 Season 2,FALSE,Maricopa,6000000415,6000003434
height,17027,30.844,MAC Field Scanner Field Plot 838 Season 2,FALSE,Maricopa,6000000415,6000003434
height,17028,31.505,MAC Field Scanner Field Plot 838 Season 2,FALSE,Maricopa,6000000415,6000003434
height,17029,30.844,MAC Field Scanner Field Plot 838 Season 2,FALSE,Maricopa,6000000415,6000003434
height,17030,30.844,MAC Field Scanner Field Plot 838 Season 2,FALSE,Maricopa,6000000415,6000003434
height,17031,30.844,MAC Field Scanner Field Plot 838 Season 2,FALSE,Maricopa,6000000415,6000003434
height,17035,31.505,MAC Field Scanner Field Plot 838 Season 2,FALSE,Maricopa,6000000415,6000003434
height,17036,30.844,MAC Field Scanner Field Plot 838 Season 2,FALSE,Maricopa,6000000415,6000003434
height,17037,43.403,MAC Field Scanner Field Plot 838 Season 2,FALSE,Maricopa,6000000415,6000003434
height,17038,36.793,MAC Field Scanner Field Plot 838 Season 2,FALSE,Maricopa,6000000415,6000003434
height,17040,36.793,MAC Field Scanner Field Plot 838 Season 2,FALSE,Maricopa,6000000415,6000003434
height,17042,32.827,MAC Field Scanner Field Plot 838 Season 2,FALSE,Maricopa,6000000415,6000003434
height,17046,33.488,MAC Field Scanner Field Plot 838 Season 2,FALSE,Maricopa,6000000415,6000003434
height,17048,32.827,MAC Field Scanner Field Plot 838 Season 2,FALSE,Maricopa,6000000415,6000003434
height,17049,33.488,MAC Field Scanner Field Plot 838 Season 2,FALSE,Maricopa,6000000415,6000003434
height,17050,62.572,MAC Field Scanner Field Plot 838 Season 2,FALSE,Maricopa,6000000415,6000003434
height,17051,65.216,MAC Field Scanner Field Plot 838 Season 2,FALSE,Maricopa,6000000415,6000003434
height,17052,66.538,MAC Field Scanner Field Plot 838 Season 2,FALSE,Maricopa,6000000415,6000003434
height,17054,69.182,MAC Field Scanner Field Plot 838 Season 2,FALSE,Maricopa,6000000415,6000003434
height,17055,74.47,MAC Field Scanner Field Plot 838 Season 2,FALSE,Maricopa,6000000415,6000003434
height,17056,74.47,MAC Field Scanner Field Plot 838 Season 2,FALSE,Maricopa,6000000415,6000003434
height,17057,74.47,MAC Field Scanner Field Plot 838 Season 2,FALSE,Maricopa,6000000415,6000003434
height,17059,76.453,MAC Field Scanner Field Plot 838 Season 2,FALSE,Maricopa,6000000415,6000003434
height,17064,87.029,MAC Field Scanner Field Plot 838 Season 2,FALSE,Maricopa,6000000415,6000003434
height,17066,94.961,MAC Field Scanner Field Plot 838 Season 2,FALSE,Maricopa,6000000415,6000003434
height,17068,98.927,MAC Field Scanner Field Plot 838 Season 2,FALSE,Maricopa,6000000415,6000003434
height,17069,100.249,MAC Field Scanner Field Plot 838 Season 2,FALSE,Maricopa,6000000415,6000003434
height,17070,104.215,MAC Field Scanner Field Plot 838 Season 2,FALSE,Maricopa,6000000415,6000003434
height,17072,109.503,MAC Field Scanner Field Plot 838 Season 2,FALSE,Maricopa,6000000415,6000003434
height,17021,31.505,MAC Field Scanner Field Plot 839 Season 2,FALSE,Maricopa,6000000415,6000003435
height,17023,31.505,MAC Field Scanner Field Plot 839 Season 2,FALSE,Maricopa,6000000415,6000003435
height,17024,31.505,MAC Field Scanner Field Plot 839 Season 2,FALSE,Maricopa,6000000415,6000003435
height,17025,31.505,MAC Field Scanner Field Plot 839 Season 2,FALSE,Maricopa,6000000415,6000003435
height,17026,31.505,MAC Field Scanner Field Plot 839 Season 2,FALSE,Maricopa,6000000415,6000003435
height,17027,30.844,MAC Field Scanner Field Plot 839 Season 2,FALSE,Maricopa,6000000415,6000003435
height,17028,31.505,MAC Field Scanner Field Plot 839 Season 2,FALSE,Maricopa,6000000415,6000003435
height,17029,31.505,MAC Field Scanner Field Plot 839 Season 2,FALSE,Maricopa,6000000415,6000003435
height,17030,31.505,MAC Field Scanner Field Plot 839 Season 2,FALSE,Maricopa,6000000415,6000003435
height,17031,31.505,MAC Field Scanner Field Plot 839 Season 2,FALSE,Maricopa,6000000415,6000003435
height,17035,30.844,MAC Field Scanner Field Plot 839 Season 2,FALSE,Maricopa,6000000415,6000003435
height,17036,31.505,MAC Field Scanner Field Plot 839 Season 2,FALSE,Maricopa,6000000415,6000003435
height,17037,30.844,MAC Field Scanner Field Plot 839 Season 2,FALSE,Maricopa,6000000415,6000003435
height,17038,42.081,MAC Field Scanner Field Plot 839 Season 2,FALSE,Maricopa,6000000415,6000003435
height,17040,31.505,MAC Field Scanner Field Plot 839 Season 2,FALSE,Maricopa,6000000415,6000003435
height,17042,32.166,MAC Field Scanner Field Plot 839 Season 2,FALSE,Maricopa,6000000415,6000003435
height,17046,32.166,MAC Field Scanner Field Plot 839 Season 2,FALSE,Maricopa,6000000415,6000003435
height,17048,32.166,MAC Field Scanner Field Plot 839 Season 2,FALSE,Maricopa,6000000415,6000003435
height,17049,32.166,MAC Field Scanner Field Plot 839 Season 2,FALSE,Maricopa,6000000415,6000003435
height,17050,58.606,MAC Field Scanner Field Plot 839 Season 2,FALSE,Maricopa,6000000415,6000003435
height,17051,61.25,MAC Field Scanner Field Plot 839 Season 2,FALSE,Maricopa,6000000415,6000003435
height,17052,63.233,MAC Field Scanner Field Plot 839 Season 2,FALSE,Maricopa,6000000415,6000003435
height,17054,66.538,MAC Field Scanner Field Plot 839 Season 2,FALSE,Maricopa,6000000415,6000003435
height,17055,81.741,MAC Field Scanner Field Plot 839 Season 2,FALSE,Maricopa,6000000415,6000003435
height,17056,69.843,MAC Field Scanner Field Plot 839 Season 2,FALSE,Maricopa,6000000415,6000003435
height,17057,71.826,MAC Field Scanner Field Plot 839 Season 2,FALSE,Maricopa,6000000415,6000003435
height,17059,73.809,MAC Field Scanner Field Plot 839 Season 2,FALSE,Maricopa,6000000415,6000003435
height,17064,83.063,MAC Field Scanner Field Plot 839 Season 2,FALSE,Maricopa,6000000415,6000003435
height,17066,91.656,MAC Field Scanner Field Plot 839 Season 2,FALSE,Maricopa,6000000415,6000003435
height,17068,96.944,MAC Field Scanner Field Plot 839 Season 2,FALSE,Maricopa,6000000415,6000003435
height,17069,98.266,MAC Field Scanner Field Plot 839 Season 2,FALSE,Maricopa,6000000415,6000003435
height,17070,100.249,MAC Field Scanner Field Plot 839 Season 2,FALSE,Maricopa,6000000415,6000003435
height,17072,104.876,MAC Field Scanner Field Plot 839 Season 2,FALSE,Maricopa,6000000415,6000003435
height,17021,31.505,MAC Field Scanner Field Plot 840 Season 2,FALSE,Maricopa,6000000415,6000003436
height,17023,31.505,MAC Field Scanner Field Plot 840 Season 2,FALSE,Maricopa,6000000415,6000003436
height,17024,32.166,MAC Field Scanner Field Plot 840 Season 2,FALSE,Maricopa,6000000415,6000003436
height,17025,32.166,MAC Field Scanner Field Plot 840 Season 2,FALSE,Maricopa,6000000415,6000003436
height,17026,36.793,MAC Field Scanner Field Plot 840 Season 2,FALSE,Maricopa,6000000415,6000003436
height,17027,32.166,MAC Field Scanner Field Plot 840 Season 2,FALSE,Maricopa,6000000415,6000003436
height,17028,31.505,MAC Field Scanner Field Plot 840 Season 2,FALSE,Maricopa,6000000415,6000003436
height,17029,32.166,MAC Field Scanner Field Plot 840 Season 2,FALSE,Maricopa,6000000415,6000003436
height,17030,32.166,MAC Field Scanner Field Plot 840 Season 2,FALSE,Maricopa,6000000415,6000003436
height,17031,32.166,MAC Field Scanner Field Plot 840 Season 2,FALSE,Maricopa,6000000415,6000003436
height,17035,32.166,MAC Field Scanner Field Plot 840 Season 2,FALSE,Maricopa,6000000415,6000003436
height,17036,32.166,MAC Field Scanner Field Plot 840 Season 2,FALSE,Maricopa,6000000415,6000003436
height,17037,32.166,MAC Field Scanner Field Plot 840 Season 2,FALSE,Maricopa,6000000415,6000003436
height,17038,41.42,MAC Field Scanner Field Plot 840 Season 2,FALSE,Maricopa,6000000415,6000003436
height,17040,32.827,MAC Field Scanner Field Plot 840 Season 2,FALSE,Maricopa,6000000415,6000003436
height,17042,33.488,MAC Field Scanner Field Plot 840 Season 2,FALSE,Maricopa,6000000415,6000003436
height,17046,33.488,MAC Field Scanner Field Plot 840 Season 2,FALSE,Maricopa,6000000415,6000003436
height,17048,32.827,MAC Field Scanner Field Plot 840 Season 2,FALSE,Maricopa,6000000415,6000003436
height,17049,33.488,MAC Field Scanner Field Plot 840 Season 2,FALSE,Maricopa,6000000415,6000003436
height,17050,61.25,MAC Field Scanner Field Plot 840 Season 2,FALSE,Maricopa,6000000415,6000003436
height,17051,63.894,MAC Field Scanner Field Plot 840 Season 2,FALSE,Maricopa,6000000415,6000003436
height,17052,65.216,MAC Field Scanner Field Plot 840 Season 2,FALSE,Maricopa,6000000415,6000003436
height,17054,68.521,MAC Field Scanner Field Plot 840 Season 2,FALSE,Maricopa,6000000415,6000003436
height,17055,75.131,MAC Field Scanner Field Plot 840 Season 2,FALSE,Maricopa,6000000415,6000003436
height,17056,71.826,MAC Field Scanner Field Plot 840 Season 2,FALSE,Maricopa,6000000415,6000003436
height,17057,73.809,MAC Field Scanner Field Plot 840 Season 2,FALSE,Maricopa,6000000415,6000003436
height,17059,75.792,MAC Field Scanner Field Plot 840 Season 2,FALSE,Maricopa,6000000415,6000003436
height,17064,84.385,MAC Field Scanner Field Plot 840 Season 2,FALSE,Maricopa,6000000415,6000003436
height,17066,94.3,MAC Field Scanner Field Plot 840 Season 2,FALSE,Maricopa,6000000415,6000003436
height,17068,96.944,MAC Field Scanner Field Plot 840 Season 2,FALSE,Maricopa,6000000415,6000003436
height,17069,99.588,MAC Field Scanner Field Plot 840 Season 2,FALSE,Maricopa,6000000415,6000003436
height,17070,102.893,MAC Field Scanner Field Plot 840 Season 2,FALSE,Maricopa,6000000415,6000003436
height,17072,107.52,MAC Field Scanner Field Plot 840 Season 2,FALSE,Maricopa,6000000415,6000003436
height,17021,31.505,MAC Field Scanner Field Plot 841 Season 2,FALSE,Maricopa,6000000415,6000003437
height,17023,32.166,MAC Field Scanner Field Plot 841 Season 2,FALSE,Maricopa,6000000415,6000003437
height,17024,32.166,MAC Field Scanner Field Plot 841 Season 2,FALSE,Maricopa,6000000415,6000003437
height,17025,31.505,MAC Field Scanner Field Plot 841 Season 2,FALSE,Maricopa,6000000415,6000003437
height,17026,32.166,MAC Field Scanner Field Plot 841 Season 2,FALSE,Maricopa,6000000415,6000003437
height,17027,31.505,MAC Field Scanner Field Plot 841 Season 2,FALSE,Maricopa,6000000415,6000003437
height,17028,32.166,MAC Field Scanner Field Plot 841 Season 2,FALSE,Maricopa,6000000415,6000003437
height,17029,31.505,MAC Field Scanner Field Plot 841 Season 2,FALSE,Maricopa,6000000415,6000003437
height,17030,32.166,MAC Field Scanner Field Plot 841 Season 2,FALSE,Maricopa,6000000415,6000003437
height,17031,32.166,MAC Field Scanner Field Plot 841 Season 2,FALSE,Maricopa,6000000415,6000003437
height,17035,31.505,MAC Field Scanner Field Plot 841 Season 2,FALSE,Maricopa,6000000415,6000003437
height,17036,32.166,MAC Field Scanner Field Plot 841 Season 2,FALSE,Maricopa,6000000415,6000003437
height,17037,31.505,MAC Field Scanner Field Plot 841 Season 2,FALSE,Maricopa,6000000415,6000003437
height,17038,40.759,MAC Field Scanner Field Plot 841 Season 2,FALSE,Maricopa,6000000415,6000003437
height,17040,42.742,MAC Field Scanner Field Plot 841 Season 2,FALSE,Maricopa,6000000415,6000003437
height,17042,32.166,MAC Field Scanner Field Plot 841 Season 2,FALSE,Maricopa,6000000415,6000003437
height,17046,32.827,MAC Field Scanner Field Plot 841 Season 2,FALSE,Maricopa,6000000415,6000003437
height,17048,32.166,MAC Field Scanner Field Plot 841 Season 2,FALSE,Maricopa,6000000415,6000003437
height,17049,32.166,MAC Field Scanner Field Plot 841 Season 2,FALSE,Maricopa,6000000415,6000003437
height,17050,58.606,MAC Field Scanner Field Plot 841 Season 2,FALSE,Maricopa,6000000415,6000003437
height,17051,60.589,MAC Field Scanner Field Plot 841 Season 2,FALSE,Maricopa,6000000415,6000003437
height,17052,62.572,MAC Field Scanner Field Plot 841 Season 2,FALSE,Maricopa,6000000415,6000003437
height,17054,65.877,MAC Field Scanner Field Plot 841 Season 2,FALSE,Maricopa,6000000415,6000003437
height,17055,89.673,MAC Field Scanner Field Plot 841 Season 2,FALSE,Maricopa,6000000415,6000003437
height,17056,69.843,MAC Field Scanner Field Plot 841 Season 2,FALSE,Maricopa,6000000415,6000003437
height,17057,71.826,MAC Field Scanner Field Plot 841 Season 2,FALSE,Maricopa,6000000415,6000003437
height,17059,73.809,MAC Field Scanner Field Plot 841 Season 2,FALSE,Maricopa,6000000415,6000003437
height,17064,83.724,MAC Field Scanner Field Plot 841 Season 2,FALSE,Maricopa,6000000415,6000003437
height,17066,92.317,MAC Field Scanner Field Plot 841 Season 2,FALSE,Maricopa,6000000415,6000003437
height,17068,96.283,MAC Field Scanner Field Plot 841 Season 2,FALSE,Maricopa,6000000415,6000003437
height,17069,98.266,MAC Field Scanner Field Plot 841 Season 2,FALSE,Maricopa,6000000415,6000003437
height,17070,102.232,MAC Field Scanner Field Plot 841 Season 2,FALSE,Maricopa,6000000415,6000003437
height,17072,106.859,MAC Field Scanner Field Plot 841 Season 2,FALSE,Maricopa,6000000415,6000003437
height,17021,31.505,MAC Field Scanner Field Plot 842 Season 2,FALSE,Maricopa,6000000415,6000003438
height,17023,32.166,MAC Field Scanner Field Plot 842 Season 2,FALSE,Maricopa,6000000415,6000003438
height,17024,32.166,MAC Field Scanner Field Plot 842 Season 2,FALSE,Maricopa,6000000415,6000003438
height,17025,31.505,MAC Field Scanner Field Plot 842 Season 2,FALSE,Maricopa,6000000415,6000003438
height,17026,41.42,MAC Field Scanner Field Plot 842 Season 2,FALSE,Maricopa,6000000415,6000003438
height,17027,31.505,MAC Field Scanner Field Plot 842 Season 2,FALSE,Maricopa,6000000415,6000003438
height,17028,32.166,MAC Field Scanner Field Plot 842 Season 2,FALSE,Maricopa,6000000415,6000003438
height,17029,32.166,MAC Field Scanner Field Plot 842 Season 2,FALSE,Maricopa,6000000415,6000003438
height,17030,32.166,MAC Field Scanner Field Plot 842 Season 2,FALSE,Maricopa,6000000415,6000003438
height,17031,32.166,MAC Field Scanner Field Plot 842 Season 2,FALSE,Maricopa,6000000415,6000003438
height,17035,32.166,MAC Field Scanner Field Plot 842 Season 2,FALSE,Maricopa,6000000415,6000003438
height,17036,32.166,MAC Field Scanner Field Plot 842 Season 2,FALSE,Maricopa,6000000415,6000003438
height,17037,32.166,MAC Field Scanner Field Plot 842 Season 2,FALSE,Maricopa,6000000415,6000003438
height,17038,37.454,MAC Field Scanner Field Plot 842 Season 2,FALSE,Maricopa,6000000415,6000003438
height,17040,40.759,MAC Field Scanner Field Plot 842 Season 2,FALSE,Maricopa,6000000415,6000003438
height,17042,32.166,MAC Field Scanner Field Plot 842 Season 2,FALSE,Maricopa,6000000415,6000003438
height,17046,32.166,MAC Field Scanner Field Plot 842 Season 2,FALSE,Maricopa,6000000415,6000003438
height,17048,32.166,MAC Field Scanner Field Plot 842 Season 2,FALSE,Maricopa,6000000415,6000003438
height,17049,32.166,MAC Field Scanner Field Plot 842 Season 2,FALSE,Maricopa,6000000415,6000003438
height,17050,60.589,MAC Field Scanner Field Plot 842 Season 2,FALSE,Maricopa,6000000415,6000003438
height,17051,62.572,MAC Field Scanner Field Plot 842 Season 2,FALSE,Maricopa,6000000415,6000003438
height,17052,64.555,MAC Field Scanner Field Plot 842 Season 2,FALSE,Maricopa,6000000415,6000003438
height,17054,67.86,MAC Field Scanner Field Plot 842 Season 2,FALSE,Maricopa,6000000415,6000003438
height,17055,105.537,MAC Field Scanner Field Plot 842 Season 2,FALSE,Maricopa,6000000415,6000003438
height,17056,71.165,MAC Field Scanner Field Plot 842 Season 2,FALSE,Maricopa,6000000415,6000003438
height,17057,72.487,MAC Field Scanner Field Plot 842 Season 2,FALSE,Maricopa,6000000415,6000003438
height,17059,74.47,MAC Field Scanner Field Plot 842 Season 2,FALSE,Maricopa,6000000415,6000003438
height,17064,85.046,MAC Field Scanner Field Plot 842 Season 2,FALSE,Maricopa,6000000415,6000003438
height,17066,93.639,MAC Field Scanner Field Plot 842 Season 2,FALSE,Maricopa,6000000415,6000003438
height,17068,97.605,MAC Field Scanner Field Plot 842 Season 2,FALSE,Maricopa,6000000415,6000003438
height,17069,98.927,MAC Field Scanner Field Plot 842 Season 2,FALSE,Maricopa,6000000415,6000003438
height,17070,103.554,MAC Field Scanner Field Plot 842 Season 2,FALSE,Maricopa,6000000415,6000003438
height,17072,108.181,MAC Field Scanner Field Plot 842 Season 2,FALSE,Maricopa,6000000415,6000003438
height,17021,31.505,MAC Field Scanner Field Plot 843 Season 2,FALSE,Maricopa,6000000415,6000003439
height,17023,32.166,MAC Field Scanner Field Plot 843 Season 2,FALSE,Maricopa,6000000415,6000003439
height,17024,32.166,MAC Field Scanner Field Plot 843 Season 2,FALSE,Maricopa,6000000415,6000003439
height,17025,31.505,MAC Field Scanner Field Plot 843 Season 2,FALSE,Maricopa,6000000415,6000003439
height,17026,62.572,MAC Field Scanner Field Plot 843 Season 2,FALSE,Maricopa,6000000415,6000003439
height,17027,31.505,MAC Field Scanner Field Plot 843 Season 2,FALSE,Maricopa,6000000415,6000003439
height,17028,31.505,MAC Field Scanner Field Plot 843 Season 2,FALSE,Maricopa,6000000415,6000003439
height,17029,31.505,MAC Field Scanner Field Plot 843 Season 2,FALSE,Maricopa,6000000415,6000003439
height,17030,32.166,MAC Field Scanner Field Plot 843 Season 2,FALSE,Maricopa,6000000415,6000003439
height,17031,32.166,MAC Field Scanner Field Plot 843 Season 2,FALSE,Maricopa,6000000415,6000003439
height,17035,31.505,MAC Field Scanner Field Plot 843 Season 2,FALSE,Maricopa,6000000415,6000003439
height,17036,31.505,MAC Field Scanner Field Plot 843 Season 2,FALSE,Maricopa,6000000415,6000003439
height,17037,53.318,MAC Field Scanner Field Plot 843 Season 2,FALSE,Maricopa,6000000415,6000003439
height,17038,38.115,MAC Field Scanner Field Plot 843 Season 2,FALSE,Maricopa,6000000415,6000003439
height,17040,32.827,MAC Field Scanner Field Plot 843 Season 2,FALSE,Maricopa,6000000415,6000003439
height,17042,32.166,MAC Field Scanner Field Plot 843 Season 2,FALSE,Maricopa,6000000415,6000003439
height,17046,33.488,MAC Field Scanner Field Plot 843 Season 2,FALSE,Maricopa,6000000415,6000003439
height,17048,32.827,MAC Field Scanner Field Plot 843 Season 2,FALSE,Maricopa,6000000415,6000003439
height,17049,33.488,MAC Field Scanner Field Plot 843 Season 2,FALSE,Maricopa,6000000415,6000003439
height,17050,59.928,MAC Field Scanner Field Plot 843 Season 2,FALSE,Maricopa,6000000415,6000003439
height,17051,63.233,MAC Field Scanner Field Plot 843 Season 2,FALSE,Maricopa,6000000415,6000003439
height,17052,64.555,MAC Field Scanner Field Plot 843 Season 2,FALSE,Maricopa,6000000415,6000003439
height,17054,67.199,MAC Field Scanner Field Plot 843 Season 2,FALSE,Maricopa,6000000415,6000003439
height,17055,108.842,MAC Field Scanner Field Plot 843 Season 2,FALSE,Maricopa,6000000415,6000003439
height,17056,70.504,MAC Field Scanner Field Plot 843 Season 2,FALSE,Maricopa,6000000415,6000003439
height,17057,72.487,MAC Field Scanner Field Plot 843 Season 2,FALSE,Maricopa,6000000415,6000003439
height,17059,75.131,MAC Field Scanner Field Plot 843 Season 2,FALSE,Maricopa,6000000415,6000003439
height,17064,85.707,MAC Field Scanner Field Plot 843 Season 2,FALSE,Maricopa,6000000415,6000003439
height,17066,93.639,MAC Field Scanner Field Plot 843 Season 2,FALSE,Maricopa,6000000415,6000003439
height,17068,98.927,MAC Field Scanner Field Plot 843 Season 2,FALSE,Maricopa,6000000415,6000003439
height,17069,100.91,MAC Field Scanner Field Plot 843 Season 2,FALSE,Maricopa,6000000415,6000003439
height,17070,102.893,MAC Field Scanner Field Plot 843 Season 2,FALSE,Maricopa,6000000415,6000003439
height,17072,108.181,MAC Field Scanner Field Plot 843 Season 2,FALSE,Maricopa,6000000415,6000003439
height,17021,31.505,MAC Field Scanner Field Plot 844 Season 2,FALSE,Maricopa,6000000415,6000003440
height,17023,32.166,MAC Field Scanner Field Plot 844 Season 2,FALSE,Maricopa,6000000415,6000003440
height,17024,31.505,MAC Field Scanner Field Plot 844 Season 2,FALSE,Maricopa,6000000415,6000003440
height,17025,31.505,MAC Field Scanner Field Plot 844 Season 2,FALSE,Maricopa,6000000415,6000003440
height,17026,32.166,MAC Field Scanner Field Plot 844 Season 2,FALSE,Maricopa,6000000415,6000003440
height,17027,31.505,MAC Field Scanner Field Plot 844 Season 2,FALSE,Maricopa,6000000415,6000003440
height,17028,31.505,MAC Field Scanner Field Plot 844 Season 2,FALSE,Maricopa,6000000415,6000003440
height,17029,31.505,MAC Field Scanner Field Plot 844 Season 2,FALSE,Maricopa,6000000415,6000003440
height,17030,31.505,MAC Field Scanner Field Plot 844 Season 2,FALSE,Maricopa,6000000415,6000003440
height,17031,31.505,MAC Field Scanner Field Plot 844 Season 2,FALSE,Maricopa,6000000415,6000003440
height,17035,32.166,MAC Field Scanner Field Plot 844 Season 2,FALSE,Maricopa,6000000415,6000003440
height,17036,32.166,MAC Field Scanner Field Plot 844 Season 2,FALSE,Maricopa,6000000415,6000003440
height,17037,32.827,MAC Field Scanner Field Plot 844 Season 2,FALSE,Maricopa,6000000415,6000003440
height,17038,57.284,MAC Field Scanner Field Plot 844 Season 2,FALSE,Maricopa,6000000415,6000003440
height,17040,32.827,MAC Field Scanner Field Plot 844 Season 2,FALSE,Maricopa,6000000415,6000003440
height,17042,32.827,MAC Field Scanner Field Plot 844 Season 2,FALSE,Maricopa,6000000415,6000003440
height,17046,32.827,MAC Field Scanner Field Plot 844 Season 2,FALSE,Maricopa,6000000415,6000003440
height,17048,32.166,MAC Field Scanner Field Plot 844 Season 2,FALSE,Maricopa,6000000415,6000003440
height,17049,32.827,MAC Field Scanner Field Plot 844 Season 2,FALSE,Maricopa,6000000415,6000003440
height,17050,61.911,MAC Field Scanner Field Plot 844 Season 2,FALSE,Maricopa,6000000415,6000003440
height,17051,64.555,MAC Field Scanner Field Plot 844 Season 2,FALSE,Maricopa,6000000415,6000003440
height,17052,65.877,MAC Field Scanner Field Plot 844 Season 2,FALSE,Maricopa,6000000415,6000003440
height,17054,69.182,MAC Field Scanner Field Plot 844 Season 2,FALSE,Maricopa,6000000415,6000003440
height,17055,75.131,MAC Field Scanner Field Plot 844 Season 2,FALSE,Maricopa,6000000415,6000003440
height,17056,76.453,MAC Field Scanner Field Plot 844 Season 2,FALSE,Maricopa,6000000415,6000003440
height,17057,73.148,MAC Field Scanner Field Plot 844 Season 2,FALSE,Maricopa,6000000415,6000003440
height,17059,75.792,MAC Field Scanner Field Plot 844 Season 2,FALSE,Maricopa,6000000415,6000003440
height,17064,87.029,MAC Field Scanner Field Plot 844 Season 2,FALSE,Maricopa,6000000415,6000003440
height,17066,95.622,MAC Field Scanner Field Plot 844 Season 2,FALSE,Maricopa,6000000415,6000003440
height,17068,100.249,MAC Field Scanner Field Plot 844 Season 2,FALSE,Maricopa,6000000415,6000003440
height,17069,102.232,MAC Field Scanner Field Plot 844 Season 2,FALSE,Maricopa,6000000415,6000003440
height,17070,106.198,MAC Field Scanner Field Plot 844 Season 2,FALSE,Maricopa,6000000415,6000003440
height,17072,110.825,MAC Field Scanner Field Plot 844 Season 2,FALSE,Maricopa,6000000415,6000003440
height,17021,30.844,MAC Field Scanner Field Plot 845 Season 2,FALSE,Maricopa,6000000415,6000003441
height,17023,31.505,MAC Field Scanner Field Plot 845 Season 2,FALSE,Maricopa,6000000415,6000003441
height,17024,30.844,MAC Field Scanner Field Plot 845 Season 2,FALSE,Maricopa,6000000415,6000003441
height,17025,30.844,MAC Field Scanner Field Plot 845 Season 2,FALSE,Maricopa,6000000415,6000003441
height,17026,55.962,MAC Field Scanner Field Plot 845 Season 2,FALSE,Maricopa,6000000415,6000003441
height,17027,30.844,MAC Field Scanner Field Plot 845 Season 2,FALSE,Maricopa,6000000415,6000003441
height,17028,30.844,MAC Field Scanner Field Plot 845 Season 2,FALSE,Maricopa,6000000415,6000003441
height,17029,30.844,MAC Field Scanner Field Plot 845 Season 2,FALSE,Maricopa,6000000415,6000003441
height,17030,31.505,MAC Field Scanner Field Plot 845 Season 2,FALSE,Maricopa,6000000415,6000003441
height,17031,31.505,MAC Field Scanner Field Plot 845 Season 2,FALSE,Maricopa,6000000415,6000003441
height,17035,31.505,MAC Field Scanner Field Plot 845 Season 2,FALSE,Maricopa,6000000415,6000003441
height,17036,31.505,MAC Field Scanner Field Plot 845 Season 2,FALSE,Maricopa,6000000415,6000003441
height,17037,31.505,MAC Field Scanner Field Plot 845 Season 2,FALSE,Maricopa,6000000415,6000003441
height,17038,44.064,MAC Field Scanner Field Plot 845 Season 2,FALSE,Maricopa,6000000415,6000003441
height,17040,33.488,MAC Field Scanner Field Plot 845 Season 2,FALSE,Maricopa,6000000415,6000003441
height,17042,32.827,MAC Field Scanner Field Plot 845 Season 2,FALSE,Maricopa,6000000415,6000003441
height,17046,32.827,MAC Field Scanner Field Plot 845 Season 2,FALSE,Maricopa,6000000415,6000003441
height,17048,32.827,MAC Field Scanner Field Plot 845 Season 2,FALSE,Maricopa,6000000415,6000003441
height,17049,33.488,MAC Field Scanner Field Plot 845 Season 2,FALSE,Maricopa,6000000415,6000003441
height,17050,60.589,MAC Field Scanner Field Plot 845 Season 2,FALSE,Maricopa,6000000415,6000003441
height,17051,63.894,MAC Field Scanner Field Plot 845 Season 2,FALSE,Maricopa,6000000415,6000003441
height,17052,65.877,MAC Field Scanner Field Plot 845 Season 2,FALSE,Maricopa,6000000415,6000003441
height,17054,68.521,MAC Field Scanner Field Plot 845 Season 2,FALSE,Maricopa,6000000415,6000003441
height,17055,96.944,MAC Field Scanner Field Plot 845 Season 2,FALSE,Maricopa,6000000415,6000003441
height,17056,71.826,MAC Field Scanner Field Plot 845 Season 2,FALSE,Maricopa,6000000415,6000003441
height,17057,73.809,MAC Field Scanner Field Plot 845 Season 2,FALSE,Maricopa,6000000415,6000003441
height,17059,75.792,MAC Field Scanner Field Plot 845 Season 2,FALSE,Maricopa,6000000415,6000003441
height,17064,87.029,MAC Field Scanner Field Plot 845 Season 2,FALSE,Maricopa,6000000415,6000003441
height,17066,96.283,MAC Field Scanner Field Plot 845 Season 2,FALSE,Maricopa,6000000415,6000003441
height,17068,100.91,MAC Field Scanner Field Plot 845 Season 2,FALSE,Maricopa,6000000415,6000003441
height,17069,102.232,MAC Field Scanner Field Plot 845 Season 2,FALSE,Maricopa,6000000415,6000003441
height,17070,107.52,MAC Field Scanner Field Plot 845 Season 2,FALSE,Maricopa,6000000415,6000003441
height,17072,113.469,MAC Field Scanner Field Plot 845 Season 2,FALSE,Maricopa,6000000415,6000003441
height,17022,30.844,MAC Field Scanner Field Plot 223 Season 2,FALSE,Maricopa,6000000415,6000002819
height,17024,32.166,MAC Field Scanner Field Plot 223 Season 2,FALSE,Maricopa,6000000415,6000002819
height,17025,31.505,MAC Field Scanner Field Plot 223 Season 2,FALSE,Maricopa,6000000415,6000002819
height,17026,31.505,MAC Field Scanner Field Plot 223 Season 2,FALSE,Maricopa,6000000415,6000002819
height,17027,31.505,MAC Field Scanner Field Plot 223 Season 2,FALSE,Maricopa,6000000415,6000002819
height,17028,30.844,MAC Field Scanner Field Plot 223 Season 2,FALSE,Maricopa,6000000415,6000002819
height,17029,30.844,MAC Field Scanner Field Plot 223 Season 2,FALSE,Maricopa,6000000415,6000002819
height,17030,30.844,MAC Field Scanner Field Plot 223 Season 2,FALSE,Maricopa,6000000415,6000002819
height,17031,30.844,MAC Field Scanner Field Plot 223 Season 2,FALSE,Maricopa,6000000415,6000002819
height,17037,30.844,MAC Field Scanner Field Plot 223 Season 2,FALSE,Maricopa,6000000415,6000002819
height,17039,32.827,MAC Field Scanner Field Plot 223 Season 2,FALSE,Maricopa,6000000415,6000002819
height,17040,32.827,MAC Field Scanner Field Plot 223 Season 2,FALSE,Maricopa,6000000415,6000002819
height,17043,32.827,MAC Field Scanner Field Plot 223 Season 2,FALSE,Maricopa,6000000415,6000002819
height,17047,33.488,MAC Field Scanner Field Plot 223 Season 2,FALSE,Maricopa,6000000415,6000002819
height,17049,33.488,MAC Field Scanner Field Plot 223 Season 2,FALSE,Maricopa,6000000415,6000002819
height,17050,34.149,MAC Field Scanner Field Plot 223 Season 2,FALSE,Maricopa,6000000415,6000002819
height,17051,62.572,MAC Field Scanner Field Plot 223 Season 2,FALSE,Maricopa,6000000415,6000002819
height,17052,64.555,MAC Field Scanner Field Plot 223 Season 2,FALSE,Maricopa,6000000415,6000002819
height,17053,67.199,MAC Field Scanner Field Plot 223 Season 2,FALSE,Maricopa,6000000415,6000002819
height,17054,69.182,MAC Field Scanner Field Plot 223 Season 2,FALSE,Maricopa,6000000415,6000002819
height,17056,72.487,MAC Field Scanner Field Plot 223 Season 2,FALSE,Maricopa,6000000415,6000002819
height,17057,72.487,MAC Field Scanner Field Plot 223 Season 2,FALSE,Maricopa,6000000415,6000002819
height,17058,74.47,MAC Field Scanner Field Plot 223 Season 2,FALSE,Maricopa,6000000415,6000002819
height,17061,78.436,MAC Field Scanner Field Plot 223 Season 2,FALSE,Maricopa,6000000415,6000002819
height,17064,86.368,MAC Field Scanner Field Plot 223 Season 2,FALSE,Maricopa,6000000415,6000002819
height,17067,94.3,MAC Field Scanner Field Plot 223 Season 2,FALSE,Maricopa,6000000415,6000002819
height,17069,96.283,MAC Field Scanner Field Plot 223 Season 2,FALSE,Maricopa,6000000415,6000002819
height,17070,99.588,MAC Field Scanner Field Plot 223 Season 2,FALSE,Maricopa,6000000415,6000002819
height,17071,102.893,MAC Field Scanner Field Plot 223 Season 2,FALSE,Maricopa,6000000415,6000002819
height,17022,30.844,MAC Field Scanner Field Plot 222 Season 2,FALSE,Maricopa,6000000415,6000002818
height,17024,31.505,MAC Field Scanner Field Plot 222 Season 2,FALSE,Maricopa,6000000415,6000002818
height,17025,30.844,MAC Field Scanner Field Plot 222 Season 2,FALSE,Maricopa,6000000415,6000002818
height,17026,31.505,MAC Field Scanner Field Plot 222 Season 2,FALSE,Maricopa,6000000415,6000002818
height,17027,31.505,MAC Field Scanner Field Plot 222 Season 2,FALSE,Maricopa,6000000415,6000002818
height,17028,30.844,MAC Field Scanner Field Plot 222 Season 2,FALSE,Maricopa,6000000415,6000002818
height,17029,30.844,MAC Field Scanner Field Plot 222 Season 2,FALSE,Maricopa,6000000415,6000002818
height,17030,30.844,MAC Field Scanner Field Plot 222 Season 2,FALSE,Maricopa,6000000415,6000002818
height,17031,31.505,MAC Field Scanner Field Plot 222 Season 2,FALSE,Maricopa,6000000415,6000002818
height,17037,31.505,MAC Field Scanner Field Plot 222 Season 2,FALSE,Maricopa,6000000415,6000002818
height,17039,33.488,MAC Field Scanner Field Plot 222 Season 2,FALSE,Maricopa,6000000415,6000002818
height,17040,33.488,MAC Field Scanner Field Plot 222 Season 2,FALSE,Maricopa,6000000415,6000002818
height,17043,34.149,MAC Field Scanner Field Plot 222 Season 2,FALSE,Maricopa,6000000415,6000002818
height,17047,34.149,MAC Field Scanner Field Plot 222 Season 2,FALSE,Maricopa,6000000415,6000002818
height,17049,34.81,MAC Field Scanner Field Plot 222 Season 2,FALSE,Maricopa,6000000415,6000002818
height,17050,34.149,MAC Field Scanner Field Plot 222 Season 2,FALSE,Maricopa,6000000415,6000002818
height,17051,63.233,MAC Field Scanner Field Plot 222 Season 2,FALSE,Maricopa,6000000415,6000002818
height,17052,65.216,MAC Field Scanner Field Plot 222 Season 2,FALSE,Maricopa,6000000415,6000002818
height,17053,67.199,MAC Field Scanner Field Plot 222 Season 2,FALSE,Maricopa,6000000415,6000002818
height,17054,70.504,MAC Field Scanner Field Plot 222 Season 2,FALSE,Maricopa,6000000415,6000002818
height,17056,71.826,MAC Field Scanner Field Plot 222 Season 2,FALSE,Maricopa,6000000415,6000002818
height,17057,73.809,MAC Field Scanner Field Plot 222 Season 2,FALSE,Maricopa,6000000415,6000002818
height,17058,75.131,MAC Field Scanner Field Plot 222 Season 2,FALSE,Maricopa,6000000415,6000002818
height,17061,79.758,MAC Field Scanner Field Plot 222 Season 2,FALSE,Maricopa,6000000415,6000002818
height,17064,87.69,MAC Field Scanner Field Plot 222 Season 2,FALSE,Maricopa,6000000415,6000002818
height,17067,95.622,MAC Field Scanner Field Plot 222 Season 2,FALSE,Maricopa,6000000415,6000002818
height,17069,98.927,MAC Field Scanner Field Plot 222 Season 2,FALSE,Maricopa,6000000415,6000002818
height,17070,100.249,MAC Field Scanner Field Plot 222 Season 2,FALSE,Maricopa,6000000415,6000002818
height,17071,105.537,MAC Field Scanner Field Plot 222 Season 2,FALSE,Maricopa,6000000415,6000002818
height,17021,31.505,MAC Field Scanner Field Plot 599 Season 2,FALSE,Maricopa,6000000415,6000003195
height,17024,31.505,MAC Field Scanner Field Plot 599 Season 2,FALSE,Maricopa,6000000415,6000003195
height,17026,31.505,MAC Field Scanner Field Plot 599 Season 2,FALSE,Maricopa,6000000415,6000003195
height,17028,31.505,MAC Field Scanner Field Plot 599 Season 2,FALSE,Maricopa,6000000415,6000003195
height,17029,31.505,MAC Field Scanner Field Plot 599 Season 2,FALSE,Maricopa,6000000415,6000003195
height,17030,32.166,MAC Field Scanner Field Plot 599 Season 2,FALSE,Maricopa,6000000415,6000003195
height,17031,30.844,MAC Field Scanner Field Plot 599 Season 2,FALSE,Maricopa,6000000415,6000003195
height,17036,31.505,MAC Field Scanner Field Plot 599 Season 2,FALSE,Maricopa,6000000415,6000003195
height,17038,33.488,MAC Field Scanner Field Plot 599 Season 2,FALSE,Maricopa,6000000415,6000003195
height,17040,33.488,MAC Field Scanner Field Plot 599 Season 2,FALSE,Maricopa,6000000415,6000003195
height,17042,34.149,MAC Field Scanner Field Plot 599 Season 2,FALSE,Maricopa,6000000415,6000003195
height,17046,34.149,MAC Field Scanner Field Plot 599 Season 2,FALSE,Maricopa,6000000415,6000003195
height,17048,34.149,MAC Field Scanner Field Plot 599 Season 2,FALSE,Maricopa,6000000415,6000003195
height,17049,33.488,MAC Field Scanner Field Plot 599 Season 2,FALSE,Maricopa,6000000415,6000003195
height,17050,66.538,MAC Field Scanner Field Plot 599 Season 2,FALSE,Maricopa,6000000415,6000003195
height,17051,67.86,MAC Field Scanner Field Plot 599 Season 2,FALSE,Maricopa,6000000415,6000003195
height,17052,70.504,MAC Field Scanner Field Plot 599 Season 2,FALSE,Maricopa,6000000415,6000003195
height,17054,73.148,MAC Field Scanner Field Plot 599 Season 2,FALSE,Maricopa,6000000415,6000003195
height,17055,76.453,MAC Field Scanner Field Plot 599 Season 2,FALSE,Maricopa,6000000415,6000003195
height,17056,79.758,MAC Field Scanner Field Plot 599 Season 2,FALSE,Maricopa,6000000415,6000003195
height,17058,80.419,MAC Field Scanner Field Plot 599 Season 2,FALSE,Maricopa,6000000415,6000003195
height,17059,84.385,MAC Field Scanner Field Plot 599 Season 2,FALSE,Maricopa,6000000415,6000003195
height,17064,94.961,MAC Field Scanner Field Plot 599 Season 2,FALSE,Maricopa,6000000415,6000003195
height,17067,101.571,MAC Field Scanner Field Plot 599 Season 2,FALSE,Maricopa,6000000415,6000003195
height,17068,102.893,MAC Field Scanner Field Plot 599 Season 2,FALSE,Maricopa,6000000415,6000003195
height,17070,103.554,MAC Field Scanner Field Plot 599 Season 2,FALSE,Maricopa,6000000415,6000003195
height,17071,112.808,MAC Field Scanner Field Plot 599 Season 2,FALSE,Maricopa,6000000415,6000003195
height,17021,31.505,MAC Field Scanner Field Plot 598 Season 2,FALSE,Maricopa,6000000415,6000003194
height,17024,32.166,MAC Field Scanner Field Plot 598 Season 2,FALSE,Maricopa,6000000415,6000003194
height,17026,32.166,MAC Field Scanner Field Plot 598 Season 2,FALSE,Maricopa,6000000415,6000003194
height,17028,31.505,MAC Field Scanner Field Plot 598 Season 2,FALSE,Maricopa,6000000415,6000003194
height,17029,32.166,MAC Field Scanner Field Plot 598 Season 2,FALSE,Maricopa,6000000415,6000003194
height,17030,32.166,MAC Field Scanner Field Plot 598 Season 2,FALSE,Maricopa,6000000415,6000003194
height,17031,32.166,MAC Field Scanner Field Plot 598 Season 2,FALSE,Maricopa,6000000415,6000003194
height,17036,31.505,MAC Field Scanner Field Plot 598 Season 2,FALSE,Maricopa,6000000415,6000003194
height,17038,32.827,MAC Field Scanner Field Plot 598 Season 2,FALSE,Maricopa,6000000415,6000003194
height,17040,32.827,MAC Field Scanner Field Plot 598 Season 2,FALSE,Maricopa,6000000415,6000003194
height,17042,32.166,MAC Field Scanner Field Plot 598 Season 2,FALSE,Maricopa,6000000415,6000003194
height,17046,33.488,MAC Field Scanner Field Plot 598 Season 2,FALSE,Maricopa,6000000415,6000003194
height,17048,32.827,MAC Field Scanner Field Plot 598 Season 2,FALSE,Maricopa,6000000415,6000003194
height,17049,32.827,MAC Field Scanner Field Plot 598 Season 2,FALSE,Maricopa,6000000415,6000003194
height,17050,64.555,MAC Field Scanner Field Plot 598 Season 2,FALSE,Maricopa,6000000415,6000003194
height,17051,66.538,MAC Field Scanner Field Plot 598 Season 2,FALSE,Maricopa,6000000415,6000003194
height,17052,68.521,MAC Field Scanner Field Plot 598 Season 2,FALSE,Maricopa,6000000415,6000003194
height,17054,71.826,MAC Field Scanner Field Plot 598 Season 2,FALSE,Maricopa,6000000415,6000003194
height,17055,74.47,MAC Field Scanner Field Plot 598 Season 2,FALSE,Maricopa,6000000415,6000003194
height,17056,77.775,MAC Field Scanner Field Plot 598 Season 2,FALSE,Maricopa,6000000415,6000003194
height,17058,79.758,MAC Field Scanner Field Plot 598 Season 2,FALSE,Maricopa,6000000415,6000003194
height,17059,83.063,MAC Field Scanner Field Plot 598 Season 2,FALSE,Maricopa,6000000415,6000003194
height,17064,94.3,MAC Field Scanner Field Plot 598 Season 2,FALSE,Maricopa,6000000415,6000003194
height,17067,102.232,MAC Field Scanner Field Plot 598 Season 2,FALSE,Maricopa,6000000415,6000003194
height,17068,103.554,MAC Field Scanner Field Plot 598 Season 2,FALSE,Maricopa,6000000415,6000003194
height,17070,103.554,MAC Field Scanner Field Plot 598 Season 2,FALSE,Maricopa,6000000415,6000003194
height,17071,113.469,MAC Field Scanner Field Plot 598 Season 2,FALSE,Maricopa,6000000415,6000003194
height,17022,31.505,MAC Field Scanner Field Plot 300 Season 2,FALSE,Maricopa,6000000404,6000002896
height,17024,32.166,MAC Field Scanner Field Plot 300 Season 2,FALSE,Maricopa,6000000404,6000002896
height,17025,30.844,MAC Field Scanner Field Plot 300 Season 2,FALSE,Maricopa,6000000404,6000002896
height,17026,31.505,MAC Field Scanner Field Plot 300 Season 2,FALSE,Maricopa,6000000404,6000002896
height,17027,31.505,MAC Field Scanner Field Plot 300 Season 2,FALSE,Maricopa,6000000404,6000002896
height,17028,30.844,MAC Field Scanner Field Plot 300 Season 2,FALSE,Maricopa,6000000404,6000002896
height,17029,30.844,MAC Field Scanner Field Plot 300 Season 2,FALSE,Maricopa,6000000404,6000002896
height,17030,30.844,MAC Field Scanner Field Plot 300 Season 2,FALSE,Maricopa,6000000404,6000002896
height,17031,31.505,MAC Field Scanner Field Plot 300 Season 2,FALSE,Maricopa,6000000404,6000002896
height,17037,31.505,MAC Field Scanner Field Plot 300 Season 2,FALSE,Maricopa,6000000404,6000002896
height,17038,32.166,MAC Field Scanner Field Plot 300 Season 2,FALSE,Maricopa,6000000404,6000002896
height,17040,32.166,MAC Field Scanner Field Plot 300 Season 2,FALSE,Maricopa,6000000404,6000002896
height,17043,32.166,MAC Field Scanner Field Plot 300 Season 2,FALSE,Maricopa,6000000404,6000002896
height,17047,32.827,MAC Field Scanner Field Plot 300 Season 2,FALSE,Maricopa,6000000404,6000002896
height,17049,33.488,MAC Field Scanner Field Plot 300 Season 2,FALSE,Maricopa,6000000404,6000002896
height,17050,33.488,MAC Field Scanner Field Plot 300 Season 2,FALSE,Maricopa,6000000404,6000002896
height,17051,53.979,MAC Field Scanner Field Plot 300 Season 2,FALSE,Maricopa,6000000404,6000002896
height,17052,55.962,MAC Field Scanner Field Plot 300 Season 2,FALSE,Maricopa,6000000404,6000002896
height,17053,57.945,MAC Field Scanner Field Plot 300 Season 2,FALSE,Maricopa,6000000404,6000002896
height,17054,60.589,MAC Field Scanner Field Plot 300 Season 2,FALSE,Maricopa,6000000404,6000002896
height,17056,63.233,MAC Field Scanner Field Plot 300 Season 2,FALSE,Maricopa,6000000404,6000002896
height,17057,65.877,MAC Field Scanner Field Plot 300 Season 2,FALSE,Maricopa,6000000404,6000002896
height,17058,67.199,MAC Field Scanner Field Plot 300 Season 2,FALSE,Maricopa,6000000404,6000002896
height,17061,71.165,MAC Field Scanner Field Plot 300 Season 2,FALSE,Maricopa,6000000404,6000002896
height,17064,73.809,MAC Field Scanner Field Plot 300 Season 2,FALSE,Maricopa,6000000404,6000002896
height,17067,75.792,MAC Field Scanner Field Plot 300 Season 2,FALSE,Maricopa,6000000404,6000002896
height,17069,76.453,MAC Field Scanner Field Plot 300 Season 2,FALSE,Maricopa,6000000404,6000002896
height,17070,77.114,MAC Field Scanner Field Plot 300 Season 2,FALSE,Maricopa,6000000404,6000002896
height,17071,79.097,MAC Field Scanner Field Plot 300 Season 2,FALSE,Maricopa,6000000404,6000002896
height,17022,31.505,MAC Field Scanner Field Plot 301 Season 2,FALSE,Maricopa,6000000404,6000002897
height,17024,32.166,MAC Field Scanner Field Plot 301 Season 2,FALSE,Maricopa,6000000404,6000002897
height,17025,31.505,MAC Field Scanner Field Plot 301 Season 2,FALSE,Maricopa,6000000404,6000002897
height,17026,31.505,MAC Field Scanner Field Plot 301 Season 2,FALSE,Maricopa,6000000404,6000002897
height,17027,31.505,MAC Field Scanner Field Plot 301 Season 2,FALSE,Maricopa,6000000404,6000002897
height,17028,31.505,MAC Field Scanner Field Plot 301 Season 2,FALSE,Maricopa,6000000404,6000002897
height,17029,31.505,MAC Field Scanner Field Plot 301 Season 2,FALSE,Maricopa,6000000404,6000002897
height,17030,31.505,MAC Field Scanner Field Plot 301 Season 2,FALSE,Maricopa,6000000404,6000002897
height,17031,31.505,MAC Field Scanner Field Plot 301 Season 2,FALSE,Maricopa,6000000404,6000002897
height,17037,31.505,MAC Field Scanner Field Plot 301 Season 2,FALSE,Maricopa,6000000404,6000002897
height,17038,33.488,MAC Field Scanner Field Plot 301 Season 2,FALSE,Maricopa,6000000404,6000002897
height,17040,33.488,MAC Field Scanner Field Plot 301 Season 2,FALSE,Maricopa,6000000404,6000002897
height,17043,33.488,MAC Field Scanner Field Plot 301 Season 2,FALSE,Maricopa,6000000404,6000002897
height,17047,33.488,MAC Field Scanner Field Plot 301 Season 2,FALSE,Maricopa,6000000404,6000002897
height,17049,33.488,MAC Field Scanner Field Plot 301 Season 2,FALSE,Maricopa,6000000404,6000002897
height,17050,33.488,MAC Field Scanner Field Plot 301 Season 2,FALSE,Maricopa,6000000404,6000002897
height,17051,54.64,MAC Field Scanner Field Plot 301 Season 2,FALSE,Maricopa,6000000404,6000002897
height,17052,56.623,MAC Field Scanner Field Plot 301 Season 2,FALSE,Maricopa,6000000404,6000002897
height,17053,58.606,MAC Field Scanner Field Plot 301 Season 2,FALSE,Maricopa,6000000404,6000002897
height,17054,61.25,MAC Field Scanner Field Plot 301 Season 2,FALSE,Maricopa,6000000404,6000002897
height,17056,64.555,MAC Field Scanner Field Plot 301 Season 2,FALSE,Maricopa,6000000404,6000002897
height,17057,65.877,MAC Field Scanner Field Plot 301 Season 2,FALSE,Maricopa,6000000404,6000002897
height,17058,67.199,MAC Field Scanner Field Plot 301 Season 2,FALSE,Maricopa,6000000404,6000002897
height,17061,71.165,MAC Field Scanner Field Plot 301 Season 2,FALSE,Maricopa,6000000404,6000002897
height,17064,74.47,MAC Field Scanner Field Plot 301 Season 2,FALSE,Maricopa,6000000404,6000002897
height,17067,75.131,MAC Field Scanner Field Plot 301 Season 2,FALSE,Maricopa,6000000404,6000002897
height,17069,77.114,MAC Field Scanner Field Plot 301 Season 2,FALSE,Maricopa,6000000404,6000002897
height,17070,77.114,MAC Field Scanner Field Plot 301 Season 2,FALSE,Maricopa,6000000404,6000002897
height,17071,77.114,MAC Field Scanner Field Plot 301 Season 2,FALSE,Maricopa,6000000404,6000002897
height,17021,31.505,MAC Field Scanner Field Plot 772 Season 2,FALSE,Maricopa,6000000404,6000003368
height,17023,31.505,MAC Field Scanner Field Plot 772 Season 2,FALSE,Maricopa,6000000404,6000003368
height,17024,32.166,MAC Field Scanner Field Plot 772 Season 2,FALSE,Maricopa,6000000404,6000003368
height,17025,32.166,MAC Field Scanner Field Plot 772 Season 2,FALSE,Maricopa,6000000404,6000003368
height,17026,31.505,MAC Field Scanner Field Plot 772 Season 2,FALSE,Maricopa,6000000404,6000003368
height,17027,32.166,MAC Field Scanner Field Plot 772 Season 2,FALSE,Maricopa,6000000404,6000003368
height,17028,32.166,MAC Field Scanner Field Plot 772 Season 2,FALSE,Maricopa,6000000404,6000003368
height,17029,32.166,MAC Field Scanner Field Plot 772 Season 2,FALSE,Maricopa,6000000404,6000003368
height,17030,31.505,MAC Field Scanner Field Plot 772 Season 2,FALSE,Maricopa,6000000404,6000003368
height,17031,31.505,MAC Field Scanner Field Plot 772 Season 2,FALSE,Maricopa,6000000404,6000003368
height,17036,31.505,MAC Field Scanner Field Plot 772 Season 2,FALSE,Maricopa,6000000404,6000003368
height,17037,32.166,MAC Field Scanner Field Plot 772 Season 2,FALSE,Maricopa,6000000404,6000003368
height,17038,33.488,MAC Field Scanner Field Plot 772 Season 2,FALSE,Maricopa,6000000404,6000003368
height,17040,33.488,MAC Field Scanner Field Plot 772 Season 2,FALSE,Maricopa,6000000404,6000003368
height,17042,34.149,MAC Field Scanner Field Plot 772 Season 2,FALSE,Maricopa,6000000404,6000003368
height,17046,34.149,MAC Field Scanner Field Plot 772 Season 2,FALSE,Maricopa,6000000404,6000003368
height,17048,33.488,MAC Field Scanner Field Plot 772 Season 2,FALSE,Maricopa,6000000404,6000003368
height,17049,33.488,MAC Field Scanner Field Plot 772 Season 2,FALSE,Maricopa,6000000404,6000003368
height,17050,57.945,MAC Field Scanner Field Plot 772 Season 2,FALSE,Maricopa,6000000404,6000003368
height,17051,59.928,MAC Field Scanner Field Plot 772 Season 2,FALSE,Maricopa,6000000404,6000003368
height,17052,61.25,MAC Field Scanner Field Plot 772 Season 2,FALSE,Maricopa,6000000404,6000003368
height,17054,63.894,MAC Field Scanner Field Plot 772 Season 2,FALSE,Maricopa,6000000404,6000003368
height,17055,66.538,MAC Field Scanner Field Plot 772 Season 2,FALSE,Maricopa,6000000404,6000003368
height,17056,67.86,MAC Field Scanner Field Plot 772 Season 2,FALSE,Maricopa,6000000404,6000003368
height,17057,69.843,MAC Field Scanner Field Plot 772 Season 2,FALSE,Maricopa,6000000404,6000003368
height,17059,71.165,MAC Field Scanner Field Plot 772 Season 2,FALSE,Maricopa,6000000404,6000003368
height,17064,74.47,MAC Field Scanner Field Plot 772 Season 2,FALSE,Maricopa,6000000404,6000003368
height,17066,75.792,MAC Field Scanner Field Plot 772 Season 2,FALSE,Maricopa,6000000404,6000003368
height,17068,77.114,MAC Field Scanner Field Plot 772 Season 2,FALSE,Maricopa,6000000404,6000003368
height,17069,77.775,MAC Field Scanner Field Plot 772 Season 2,FALSE,Maricopa,6000000404,6000003368
height,17070,79.097,MAC Field Scanner Field Plot 772 Season 2,FALSE,Maricopa,6000000404,6000003368
height,17072,79.097,MAC Field Scanner Field Plot 772 Season 2,FALSE,Maricopa,6000000404,6000003368
height,17021,31.505,MAC Field Scanner Field Plot 773 Season 2,FALSE,Maricopa,6000000404,6000003369
height,17023,32.166,MAC Field Scanner Field Plot 773 Season 2,FALSE,Maricopa,6000000404,6000003369
height,17024,31.505,MAC Field Scanner Field Plot 773 Season 2,FALSE,Maricopa,6000000404,6000003369
height,17025,31.505,MAC Field Scanner Field Plot 773 Season 2,FALSE,Maricopa,6000000404,6000003369
height,17026,32.166,MAC Field Scanner Field Plot 773 Season 2,FALSE,Maricopa,6000000404,6000003369
height,17027,31.505,MAC Field Scanner Field Plot 773 Season 2,FALSE,Maricopa,6000000404,6000003369
height,17028,31.505,MAC Field Scanner Field Plot 773 Season 2,FALSE,Maricopa,6000000404,6000003369
height,17029,32.166,MAC Field Scanner Field Plot 773 Season 2,FALSE,Maricopa,6000000404,6000003369
height,17030,31.505,MAC Field Scanner Field Plot 773 Season 2,FALSE,Maricopa,6000000404,6000003369
height,17031,31.505,MAC Field Scanner Field Plot 773 Season 2,FALSE,Maricopa,6000000404,6000003369
height,17036,31.505,MAC Field Scanner Field Plot 773 Season 2,FALSE,Maricopa,6000000404,6000003369
height,17037,32.166,MAC Field Scanner Field Plot 773 Season 2,FALSE,Maricopa,6000000404,6000003369
height,17038,32.827,MAC Field Scanner Field Plot 773 Season 2,FALSE,Maricopa,6000000404,6000003369
height,17040,32.827,MAC Field Scanner Field Plot 773 Season 2,FALSE,Maricopa,6000000404,6000003369
height,17042,32.827,MAC Field Scanner Field Plot 773 Season 2,FALSE,Maricopa,6000000404,6000003369
height,17046,34.149,MAC Field Scanner Field Plot 773 Season 2,FALSE,Maricopa,6000000404,6000003369
height,17048,34.149,MAC Field Scanner Field Plot 773 Season 2,FALSE,Maricopa,6000000404,6000003369
height,17049,34.149,MAC Field Scanner Field Plot 773 Season 2,FALSE,Maricopa,6000000404,6000003369
height,17050,56.623,MAC Field Scanner Field Plot 773 Season 2,FALSE,Maricopa,6000000404,6000003369
height,17051,58.606,MAC Field Scanner Field Plot 773 Season 2,FALSE,Maricopa,6000000404,6000003369
height,17052,59.928,MAC Field Scanner Field Plot 773 Season 2,FALSE,Maricopa,6000000404,6000003369
height,17054,61.911,MAC Field Scanner Field Plot 773 Season 2,FALSE,Maricopa,6000000404,6000003369
height,17055,65.216,MAC Field Scanner Field Plot 773 Season 2,FALSE,Maricopa,6000000404,6000003369
height,17056,67.199,MAC Field Scanner Field Plot 773 Season 2,FALSE,Maricopa,6000000404,6000003369
height,17057,69.182,MAC Field Scanner Field Plot 773 Season 2,FALSE,Maricopa,6000000404,6000003369
height,17059,70.504,MAC Field Scanner Field Plot 773 Season 2,FALSE,Maricopa,6000000404,6000003369
height,17064,75.131,MAC Field Scanner Field Plot 773 Season 2,FALSE,Maricopa,6000000404,6000003369
height,17066,75.792,MAC Field Scanner Field Plot 773 Season 2,FALSE,Maricopa,6000000404,6000003369
height,17068,75.792,MAC Field Scanner Field Plot 773 Season 2,FALSE,Maricopa,6000000404,6000003369
height,17069,77.114,MAC Field Scanner Field Plot 773 Season 2,FALSE,Maricopa,6000000404,6000003369
height,17070,77.114,MAC Field Scanner Field Plot 773 Season 2,FALSE,Maricopa,6000000404,6000003369
height,17072,77.775,MAC Field Scanner Field Plot 773 Season 2,FALSE,Maricopa,6000000404,6000003369
height,17022,31.505,MAC Field Scanner Field Plot 332 Season 2,FALSE,Maricopa,6000000242,6000002928
height,17024,31.505,MAC Field Scanner Field Plot 332 Season 2,FALSE,Maricopa,6000000242,6000002928
height,17025,32.166,MAC Field Scanner Field Plot 332 Season 2,FALSE,Maricopa,6000000242,6000002928
height,17026,31.505,MAC Field Scanner Field Plot 332 Season 2,FALSE,Maricopa,6000000242,6000002928
height,17027,32.166,MAC Field Scanner Field Plot 332 Season 2,FALSE,Maricopa,6000000242,6000002928
height,17028,31.505,MAC Field Scanner Field Plot 332 Season 2,FALSE,Maricopa,6000000242,6000002928
height,17029,31.505,MAC Field Scanner Field Plot 332 Season 2,FALSE,Maricopa,6000000242,6000002928
height,17030,31.505,MAC Field Scanner Field Plot 332 Season 2,FALSE,Maricopa,6000000242,6000002928
height,17031,31.505,MAC Field Scanner Field Plot 332 Season 2,FALSE,Maricopa,6000000242,6000002928
height,17037,31.505,MAC Field Scanner Field Plot 332 Season 2,FALSE,Maricopa,6000000242,6000002928
height,17038,32.166,MAC Field Scanner Field Plot 332 Season 2,FALSE,Maricopa,6000000242,6000002928
height,17040,32.827,MAC Field Scanner Field Plot 332 Season 2,FALSE,Maricopa,6000000242,6000002928
height,17043,32.827,MAC Field Scanner Field Plot 332 Season 2,FALSE,Maricopa,6000000242,6000002928
height,17047,33.488,MAC Field Scanner Field Plot 332 Season 2,FALSE,Maricopa,6000000242,6000002928
height,17049,32.827,MAC Field Scanner Field Plot 332 Season 2,FALSE,Maricopa,6000000242,6000002928
height,17050,32.827,MAC Field Scanner Field Plot 332 Season 2,FALSE,Maricopa,6000000242,6000002928
height,17051,59.928,MAC Field Scanner Field Plot 332 Season 2,FALSE,Maricopa,6000000242,6000002928
height,17052,61.911,MAC Field Scanner Field Plot 332 Season 2,FALSE,Maricopa,6000000242,6000002928
height,17053,64.555,MAC Field Scanner Field Plot 332 Season 2,FALSE,Maricopa,6000000242,6000002928
height,17054,67.199,MAC Field Scanner Field Plot 332 Season 2,FALSE,Maricopa,6000000242,6000002928
height,17057,73.809,MAC Field Scanner Field Plot 332 Season 2,FALSE,Maricopa,6000000242,6000002928
height,17058,75.131,MAC Field Scanner Field Plot 332 Season 2,FALSE,Maricopa,6000000242,6000002928
height,17061,78.436,MAC Field Scanner Field Plot 332 Season 2,FALSE,Maricopa,6000000242,6000002928
height,17064,80.419,MAC Field Scanner Field Plot 332 Season 2,FALSE,Maricopa,6000000242,6000002928
height,17067,81.08,MAC Field Scanner Field Plot 332 Season 2,FALSE,Maricopa,6000000242,6000002928
height,17069,82.402,MAC Field Scanner Field Plot 332 Season 2,FALSE,Maricopa,6000000242,6000002928
height,17070,82.402,MAC Field Scanner Field Plot 332 Season 2,FALSE,Maricopa,6000000242,6000002928
height,17071,82.402,MAC Field Scanner Field Plot 332 Season 2,FALSE,Maricopa,6000000242,6000002928
height,17022,31.505,MAC Field Scanner Field Plot 333 Season 2,FALSE,Maricopa,6000000242,6000002929
height,17024,32.166,MAC Field Scanner Field Plot 333 Season 2,FALSE,Maricopa,6000000242,6000002929
height,17025,31.505,MAC Field Scanner Field Plot 333 Season 2,FALSE,Maricopa,6000000242,6000002929
height,17026,31.505,MAC Field Scanner Field Plot 333 Season 2,FALSE,Maricopa,6000000242,6000002929
height,17027,31.505,MAC Field Scanner Field Plot 333 Season 2,FALSE,Maricopa,6000000242,6000002929
height,17028,31.505,MAC Field Scanner Field Plot 333 Season 2,FALSE,Maricopa,6000000242,6000002929
height,17029,31.505,MAC Field Scanner Field Plot 333 Season 2,FALSE,Maricopa,6000000242,6000002929
height,17030,31.505,MAC Field Scanner Field Plot 333 Season 2,FALSE,Maricopa,6000000242,6000002929
height,17031,31.505,MAC Field Scanner Field Plot 333 Season 2,FALSE,Maricopa,6000000242,6000002929
height,17037,31.505,MAC Field Scanner Field Plot 333 Season 2,FALSE,Maricopa,6000000242,6000002929
height,17038,33.488,MAC Field Scanner Field Plot 333 Season 2,FALSE,Maricopa,6000000242,6000002929
height,17040,33.488,MAC Field Scanner Field Plot 333 Season 2,FALSE,Maricopa,6000000242,6000002929
height,17043,33.488,MAC Field Scanner Field Plot 333 Season 2,FALSE,Maricopa,6000000242,6000002929
height,17047,33.488,MAC Field Scanner Field Plot 333 Season 2,FALSE,Maricopa,6000000242,6000002929
height,17049,33.488,MAC Field Scanner Field Plot 333 Season 2,FALSE,Maricopa,6000000242,6000002929
height,17050,33.488,MAC Field Scanner Field Plot 333 Season 2,FALSE,Maricopa,6000000242,6000002929
height,17051,61.25,MAC Field Scanner Field Plot 333 Season 2,FALSE,Maricopa,6000000242,6000002929
height,17052,61.911,MAC Field Scanner Field Plot 333 Season 2,FALSE,Maricopa,6000000242,6000002929
height,17053,63.894,MAC Field Scanner Field Plot 333 Season 2,FALSE,Maricopa,6000000242,6000002929
height,17054,67.199,MAC Field Scanner Field Plot 333 Season 2,FALSE,Maricopa,6000000242,6000002929
height,17057,72.487,MAC Field Scanner Field Plot 333 Season 2,FALSE,Maricopa,6000000242,6000002929
height,17058,73.809,MAC Field Scanner Field Plot 333 Season 2,FALSE,Maricopa,6000000242,6000002929
height,17061,77.775,MAC Field Scanner Field Plot 333 Season 2,FALSE,Maricopa,6000000242,6000002929
height,17064,79.097,MAC Field Scanner Field Plot 333 Season 2,FALSE,Maricopa,6000000242,6000002929
height,17067,81.741,MAC Field Scanner Field Plot 333 Season 2,FALSE,Maricopa,6000000242,6000002929
height,17069,82.402,MAC Field Scanner Field Plot 333 Season 2,FALSE,Maricopa,6000000242,6000002929
height,17070,82.402,MAC Field Scanner Field Plot 333 Season 2,FALSE,Maricopa,6000000242,6000002929
height,17071,83.063,MAC Field Scanner Field Plot 333 Season 2,FALSE,Maricopa,6000000242,6000002929
height,17021,30.844,MAC Field Scanner Field Plot 789 Season 2,FALSE,Maricopa,6000000242,6000003385
height,17023,31.505,MAC Field Scanner Field Plot 789 Season 2,FALSE,Maricopa,6000000242,6000003385
height,17024,30.844,MAC Field Scanner Field Plot 789 Season 2,FALSE,Maricopa,6000000242,6000003385
height,17025,31.505,MAC Field Scanner Field Plot 789 Season 2,FALSE,Maricopa,6000000242,6000003385
height,17026,31.505,MAC Field Scanner Field Plot 789 Season 2,FALSE,Maricopa,6000000242,6000003385
height,17027,31.505,MAC Field Scanner Field Plot 789 Season 2,FALSE,Maricopa,6000000242,6000003385
height,17028,31.505,MAC Field Scanner Field Plot 789 Season 2,FALSE,Maricopa,6000000242,6000003385
height,17029,31.505,MAC Field Scanner Field Plot 789 Season 2,FALSE,Maricopa,6000000242,6000003385
height,17030,30.844,MAC Field Scanner Field Plot 789 Season 2,FALSE,Maricopa,6000000242,6000003385
height,17031,31.505,MAC Field Scanner Field Plot 789 Season 2,FALSE,Maricopa,6000000242,6000003385
height,17036,31.505,MAC Field Scanner Field Plot 789 Season 2,FALSE,Maricopa,6000000242,6000003385
height,17037,31.505,MAC Field Scanner Field Plot 789 Season 2,FALSE,Maricopa,6000000242,6000003385
height,17038,32.166,MAC Field Scanner Field Plot 789 Season 2,FALSE,Maricopa,6000000242,6000003385
height,17040,32.166,MAC Field Scanner Field Plot 789 Season 2,FALSE,Maricopa,6000000242,6000003385
height,17042,31.505,MAC Field Scanner Field Plot 789 Season 2,FALSE,Maricopa,6000000242,6000003385
height,17046,32.166,MAC Field Scanner Field Plot 789 Season 2,FALSE,Maricopa,6000000242,6000003385
height,17048,32.166,MAC Field Scanner Field Plot 789 Season 2,FALSE,Maricopa,6000000242,6000003385
height,17049,32.166,MAC Field Scanner Field Plot 789 Season 2,FALSE,Maricopa,6000000242,6000003385
height,17050,59.267,MAC Field Scanner Field Plot 789 Season 2,FALSE,Maricopa,6000000242,6000003385
height,17051,61.911,MAC Field Scanner Field Plot 789 Season 2,FALSE,Maricopa,6000000242,6000003385
height,17052,63.233,MAC Field Scanner Field Plot 789 Season 2,FALSE,Maricopa,6000000242,6000003385
height,17054,65.877,MAC Field Scanner Field Plot 789 Season 2,FALSE,Maricopa,6000000242,6000003385
height,17055,69.182,MAC Field Scanner Field Plot 789 Season 2,FALSE,Maricopa,6000000242,6000003385
height,17056,71.165,MAC Field Scanner Field Plot 789 Season 2,FALSE,Maricopa,6000000242,6000003385
height,17057,73.148,MAC Field Scanner Field Plot 789 Season 2,FALSE,Maricopa,6000000242,6000003385
height,17059,75.131,MAC Field Scanner Field Plot 789 Season 2,FALSE,Maricopa,6000000242,6000003385
height,17064,77.775,MAC Field Scanner Field Plot 789 Season 2,FALSE,Maricopa,6000000242,6000003385
height,17066,77.775,MAC Field Scanner Field Plot 789 Season 2,FALSE,Maricopa,6000000242,6000003385
height,17068,79.097,MAC Field Scanner Field Plot 789 Season 2,FALSE,Maricopa,6000000242,6000003385
height,17069,79.097,MAC Field Scanner Field Plot 789 Season 2,FALSE,Maricopa,6000000242,6000003385
height,17070,80.419,MAC Field Scanner Field Plot 789 Season 2,FALSE,Maricopa,6000000242,6000003385
height,17072,80.419,MAC Field Scanner Field Plot 789 Season 2,FALSE,Maricopa,6000000242,6000003385
height,17021,31.505,MAC Field Scanner Field Plot 788 Season 2,FALSE,Maricopa,6000000242,6000003384
height,17023,32.166,MAC Field Scanner Field Plot 788 Season 2,FALSE,Maricopa,6000000242,6000003384
height,17024,31.505,MAC Field Scanner Field Plot 788 Season 2,FALSE,Maricopa,6000000242,6000003384
height,17025,31.505,MAC Field Scanner Field Plot 788 Season 2,FALSE,Maricopa,6000000242,6000003384
height,17026,31.505,MAC Field Scanner Field Plot 788 Season 2,FALSE,Maricopa,6000000242,6000003384
height,17027,31.505,MAC Field Scanner Field Plot 788 Season 2,FALSE,Maricopa,6000000242,6000003384
height,17028,31.505,MAC Field Scanner Field Plot 788 Season 2,FALSE,Maricopa,6000000242,6000003384
height,17029,31.505,MAC Field Scanner Field Plot 788 Season 2,FALSE,Maricopa,6000000242,6000003384
height,17030,31.505,MAC Field Scanner Field Plot 788 Season 2,FALSE,Maricopa,6000000242,6000003384
height,17031,31.505,MAC Field Scanner Field Plot 788 Season 2,FALSE,Maricopa,6000000242,6000003384
height,17036,31.505,MAC Field Scanner Field Plot 788 Season 2,FALSE,Maricopa,6000000242,6000003384
height,17037,31.505,MAC Field Scanner Field Plot 788 Season 2,FALSE,Maricopa,6000000242,6000003384
height,17038,34.149,MAC Field Scanner Field Plot 788 Season 2,FALSE,Maricopa,6000000242,6000003384
height,17040,34.149,MAC Field Scanner Field Plot 788 Season 2,FALSE,Maricopa,6000000242,6000003384
height,17042,34.81,MAC Field Scanner Field Plot 788 Season 2,FALSE,Maricopa,6000000242,6000003384
height,17046,34.81,MAC Field Scanner Field Plot 788 Season 2,FALSE,Maricopa,6000000242,6000003384
height,17048,34.149,MAC Field Scanner Field Plot 788 Season 2,FALSE,Maricopa,6000000242,6000003384
height,17049,34.81,MAC Field Scanner Field Plot 788 Season 2,FALSE,Maricopa,6000000242,6000003384
height,17050,58.606,MAC Field Scanner Field Plot 788 Season 2,FALSE,Maricopa,6000000242,6000003384
height,17051,61.25,MAC Field Scanner Field Plot 788 Season 2,FALSE,Maricopa,6000000242,6000003384
height,17052,63.233,MAC Field Scanner Field Plot 788 Season 2,FALSE,Maricopa,6000000242,6000003384
height,17054,65.877,MAC Field Scanner Field Plot 788 Season 2,FALSE,Maricopa,6000000242,6000003384
height,17055,69.182,MAC Field Scanner Field Plot 788 Season 2,FALSE,Maricopa,6000000242,6000003384
height,17056,71.826,MAC Field Scanner Field Plot 788 Season 2,FALSE,Maricopa,6000000242,6000003384
height,17057,72.487,MAC Field Scanner Field Plot 788 Season 2,FALSE,Maricopa,6000000242,6000003384
height,17059,75.792,MAC Field Scanner Field Plot 788 Season 2,FALSE,Maricopa,6000000242,6000003384
height,17064,79.097,MAC Field Scanner Field Plot 788 Season 2,FALSE,Maricopa,6000000242,6000003384
height,17066,79.097,MAC Field Scanner Field Plot 788 Season 2,FALSE,Maricopa,6000000242,6000003384
height,17068,80.419,MAC Field Scanner Field Plot 788 Season 2,FALSE,Maricopa,6000000242,6000003384
height,17069,80.419,MAC Field Scanner Field Plot 788 Season 2,FALSE,Maricopa,6000000242,6000003384
height,17070,81.08,MAC Field Scanner Field Plot 788 Season 2,FALSE,Maricopa,6000000242,6000003384
height,17072,80.419,MAC Field Scanner Field Plot 788 Season 2,FALSE,Maricopa,6000000242,6000003384
height,17022,30.844,MAC Field Scanner Field Plot 277 Season 2,FALSE,Maricopa,6000000321,6000002873
height,17024,31.505,MAC Field Scanner Field Plot 277 Season 2,FALSE,Maricopa,6000000321,6000002873
height,17025,31.505,MAC Field Scanner Field Plot 277 Season 2,FALSE,Maricopa,6000000321,6000002873
height,17026,31.505,MAC Field Scanner Field Plot 277 Season 2,FALSE,Maricopa,6000000321,6000002873
height,17027,31.505,MAC Field Scanner Field Plot 277 Season 2,FALSE,Maricopa,6000000321,6000002873
height,17029,31.505,MAC Field Scanner Field Plot 277 Season 2,FALSE,Maricopa,6000000321,6000002873
height,17030,31.505,MAC Field Scanner Field Plot 277 Season 2,FALSE,Maricopa,6000000321,6000002873
height,17031,31.505,MAC Field Scanner Field Plot 277 Season 2,FALSE,Maricopa,6000000321,6000002873
height,17037,31.505,MAC Field Scanner Field Plot 277 Season 2,FALSE,Maricopa,6000000321,6000002873
height,17038,32.827,MAC Field Scanner Field Plot 277 Season 2,FALSE,Maricopa,6000000321,6000002873
height,17040,32.827,MAC Field Scanner Field Plot 277 Season 2,FALSE,Maricopa,6000000321,6000002873
height,17043,32.827,MAC Field Scanner Field Plot 277 Season 2,FALSE,Maricopa,6000000321,6000002873
height,17047,32.827,MAC Field Scanner Field Plot 277 Season 2,FALSE,Maricopa,6000000321,6000002873
height,17049,32.827,MAC Field Scanner Field Plot 277 Season 2,FALSE,Maricopa,6000000321,6000002873
height,17050,32.827,MAC Field Scanner Field Plot 277 Season 2,FALSE,Maricopa,6000000321,6000002873
height,17051,63.233,MAC Field Scanner Field Plot 277 Season 2,FALSE,Maricopa,6000000321,6000002873
height,17052,64.555,MAC Field Scanner Field Plot 277 Season 2,FALSE,Maricopa,6000000321,6000002873
height,17053,67.199,MAC Field Scanner Field Plot 277 Season 2,FALSE,Maricopa,6000000321,6000002873
height,17054,69.182,MAC Field Scanner Field Plot 277 Season 2,FALSE,Maricopa,6000000321,6000002873
height,17056,71.826,MAC Field Scanner Field Plot 277 Season 2,FALSE,Maricopa,6000000321,6000002873
height,17057,74.47,MAC Field Scanner Field Plot 277 Season 2,FALSE,Maricopa,6000000321,6000002873
height,17058,73.809,MAC Field Scanner Field Plot 277 Season 2,FALSE,Maricopa,6000000321,6000002873
height,17061,76.453,MAC Field Scanner Field Plot 277 Season 2,FALSE,Maricopa,6000000321,6000002873
height,17064,74.47,MAC Field Scanner Field Plot 277 Season 2,FALSE,Maricopa,6000000321,6000002873
height,17067,77.114,MAC Field Scanner Field Plot 277 Season 2,FALSE,Maricopa,6000000321,6000002873
height,17071,79.758,MAC Field Scanner Field Plot 277 Season 2,FALSE,Maricopa,6000000321,6000002873
height,17022,31.505,MAC Field Scanner Field Plot 276 Season 2,FALSE,Maricopa,6000000321,6000002872
height,17024,32.166,MAC Field Scanner Field Plot 276 Season 2,FALSE,Maricopa,6000000321,6000002872
height,17025,31.505,MAC Field Scanner Field Plot 276 Season 2,FALSE,Maricopa,6000000321,6000002872
height,17026,31.505,MAC Field Scanner Field Plot 276 Season 2,FALSE,Maricopa,6000000321,6000002872
height,17027,31.505,MAC Field Scanner Field Plot 276 Season 2,FALSE,Maricopa,6000000321,6000002872
height,17028,31.505,MAC Field Scanner Field Plot 276 Season 2,FALSE,Maricopa,6000000321,6000002872
height,17029,31.505,MAC Field Scanner Field Plot 276 Season 2,FALSE,Maricopa,6000000321,6000002872
height,17030,31.505,MAC Field Scanner Field Plot 276 Season 2,FALSE,Maricopa,6000000321,6000002872
height,17031,31.505,MAC Field Scanner Field Plot 276 Season 2,FALSE,Maricopa,6000000321,6000002872
height,17037,31.505,MAC Field Scanner Field Plot 276 Season 2,FALSE,Maricopa,6000000321,6000002872
height,17038,34.149,MAC Field Scanner Field Plot 276 Season 2,FALSE,Maricopa,6000000321,6000002872
height,17040,34.149,MAC Field Scanner Field Plot 276 Season 2,FALSE,Maricopa,6000000321,6000002872
height,17043,33.488,MAC Field Scanner Field Plot 276 Season 2,FALSE,Maricopa,6000000321,6000002872
height,17047,34.81,MAC Field Scanner Field Plot 276 Season 2,FALSE,Maricopa,6000000321,6000002872
height,17049,34.149,MAC Field Scanner Field Plot 276 Season 2,FALSE,Maricopa,6000000321,6000002872
height,17050,34.149,MAC Field Scanner Field Plot 276 Season 2,FALSE,Maricopa,6000000321,6000002872
height,17052,62.572,MAC Field Scanner Field Plot 276 Season 2,FALSE,Maricopa,6000000321,6000002872
height,17053,65.216,MAC Field Scanner Field Plot 276 Season 2,FALSE,Maricopa,6000000321,6000002872
height,17054,69.182,MAC Field Scanner Field Plot 276 Season 2,FALSE,Maricopa,6000000321,6000002872
height,17056,70.504,MAC Field Scanner Field Plot 276 Season 2,FALSE,Maricopa,6000000321,6000002872
height,17057,73.809,MAC Field Scanner Field Plot 276 Season 2,FALSE,Maricopa,6000000321,6000002872
height,17058,73.809,MAC Field Scanner Field Plot 276 Season 2,FALSE,Maricopa,6000000321,6000002872
height,17061,76.453,MAC Field Scanner Field Plot 276 Season 2,FALSE,Maricopa,6000000321,6000002872
height,17064,75.792,MAC Field Scanner Field Plot 276 Season 2,FALSE,Maricopa,6000000321,6000002872
height,17067,77.775,MAC Field Scanner Field Plot 276 Season 2,FALSE,Maricopa,6000000321,6000002872
height,17071,79.097,MAC Field Scanner Field Plot 276 Season 2,FALSE,Maricopa,6000000321,6000002872
height,17021,32.166,MAC Field Scanner Field Plot 763 Season 2,FALSE,Maricopa,6000000321,6000003359
height,17023,32.166,MAC Field Scanner Field Plot 763 Season 2,FALSE,Maricopa,6000000321,6000003359
height,17024,32.166,MAC Field Scanner Field Plot 763 Season 2,FALSE,Maricopa,6000000321,6000003359
height,17025,32.166,MAC Field Scanner Field Plot 763 Season 2,FALSE,Maricopa,6000000321,6000003359
height,17026,32.166,MAC Field Scanner Field Plot 763 Season 2,FALSE,Maricopa,6000000321,6000003359
height,17027,32.166,MAC Field Scanner Field Plot 763 Season 2,FALSE,Maricopa,6000000321,6000003359
height,17028,32.166,MAC Field Scanner Field Plot 763 Season 2,FALSE,Maricopa,6000000321,6000003359
height,17029,32.166,MAC Field Scanner Field Plot 763 Season 2,FALSE,Maricopa,6000000321,6000003359
height,17030,32.166,MAC Field Scanner Field Plot 763 Season 2,FALSE,Maricopa,6000000321,6000003359
height,17031,32.166,MAC Field Scanner Field Plot 763 Season 2,FALSE,Maricopa,6000000321,6000003359
height,17036,32.166,MAC Field Scanner Field Plot 763 Season 2,FALSE,Maricopa,6000000321,6000003359
height,17037,31.505,MAC Field Scanner Field Plot 763 Season 2,FALSE,Maricopa,6000000321,6000003359
height,17038,34.149,MAC Field Scanner Field Plot 763 Season 2,FALSE,Maricopa,6000000321,6000003359
height,17040,34.149,MAC Field Scanner Field Plot 763 Season 2,FALSE,Maricopa,6000000321,6000003359
height,17042,33.488,MAC Field Scanner Field Plot 763 Season 2,FALSE,Maricopa,6000000321,6000003359
height,17046,34.149,MAC Field Scanner Field Plot 763 Season 2,FALSE,Maricopa,6000000321,6000003359
height,17048,34.81,MAC Field Scanner Field Plot 763 Season 2,FALSE,Maricopa,6000000321,6000003359
height,17049,34.149,MAC Field Scanner Field Plot 763 Season 2,FALSE,Maricopa,6000000321,6000003359
height,17050,55.962,MAC Field Scanner Field Plot 763 Season 2,FALSE,Maricopa,6000000321,6000003359
height,17051,59.267,MAC Field Scanner Field Plot 763 Season 2,FALSE,Maricopa,6000000321,6000003359
height,17052,61.911,MAC Field Scanner Field Plot 763 Season 2,FALSE,Maricopa,6000000321,6000003359
height,17054,63.894,MAC Field Scanner Field Plot 763 Season 2,FALSE,Maricopa,6000000321,6000003359
height,17055,67.86,MAC Field Scanner Field Plot 763 Season 2,FALSE,Maricopa,6000000321,6000003359
height,17056,70.504,MAC Field Scanner Field Plot 763 Season 2,FALSE,Maricopa,6000000321,6000003359
height,17057,71.826,MAC Field Scanner Field Plot 763 Season 2,FALSE,Maricopa,6000000321,6000003359
height,17059,74.47,MAC Field Scanner Field Plot 763 Season 2,FALSE,Maricopa,6000000321,6000003359
height,17064,77.775,MAC Field Scanner Field Plot 763 Season 2,FALSE,Maricopa,6000000321,6000003359
height,17066,78.436,MAC Field Scanner Field Plot 763 Season 2,FALSE,Maricopa,6000000321,6000003359
height,17068,79.097,MAC Field Scanner Field Plot 763 Season 2,FALSE,Maricopa,6000000321,6000003359
height,17069,80.419,MAC Field Scanner Field Plot 763 Season 2,FALSE,Maricopa,6000000321,6000003359
height,17070,79.097,MAC Field Scanner Field Plot 763 Season 2,FALSE,Maricopa,6000000321,6000003359
height,17072,79.758,MAC Field Scanner Field Plot 763 Season 2,FALSE,Maricopa,6000000321,6000003359
height,17021,31.505,MAC Field Scanner Field Plot 762 Season 2,FALSE,Maricopa,6000000321,6000003358
height,17023,31.505,MAC Field Scanner Field Plot 762 Season 2,FALSE,Maricopa,6000000321,6000003358
height,17024,31.505,MAC Field Scanner Field Plot 762 Season 2,FALSE,Maricopa,6000000321,6000003358
height,17025,31.505,MAC Field Scanner Field Plot 762 Season 2,FALSE,Maricopa,6000000321,6000003358
height,17026,31.505,MAC Field Scanner Field Plot 762 Season 2,FALSE,Maricopa,6000000321,6000003358
height,17027,31.505,MAC Field Scanner Field Plot 762 Season 2,FALSE,Maricopa,6000000321,6000003358
height,17028,31.505,MAC Field Scanner Field Plot 762 Season 2,FALSE,Maricopa,6000000321,6000003358
height,17029,31.505,MAC Field Scanner Field Plot 762 Season 2,FALSE,Maricopa,6000000321,6000003358
height,17030,31.505,MAC Field Scanner Field Plot 762 Season 2,FALSE,Maricopa,6000000321,6000003358
height,17031,32.166,MAC Field Scanner Field Plot 762 Season 2,FALSE,Maricopa,6000000321,6000003358
height,17036,31.505,MAC Field Scanner Field Plot 762 Season 2,FALSE,Maricopa,6000000321,6000003358
height,17037,31.505,MAC Field Scanner Field Plot 762 Season 2,FALSE,Maricopa,6000000321,6000003358
height,17038,33.488,MAC Field Scanner Field Plot 762 Season 2,FALSE,Maricopa,6000000321,6000003358
height,17040,32.827,MAC Field Scanner Field Plot 762 Season 2,FALSE,Maricopa,6000000321,6000003358
height,17042,32.827,MAC Field Scanner Field Plot 762 Season 2,FALSE,Maricopa,6000000321,6000003358
height,17046,33.488,MAC Field Scanner Field Plot 762 Season 2,FALSE,Maricopa,6000000321,6000003358
height,17048,33.488,MAC Field Scanner Field Plot 762 Season 2,FALSE,Maricopa,6000000321,6000003358
height,17049,33.488,MAC Field Scanner Field Plot 762 Season 2,FALSE,Maricopa,6000000321,6000003358
height,17050,55.962,MAC Field Scanner Field Plot 762 Season 2,FALSE,Maricopa,6000000321,6000003358
height,17051,59.267,MAC Field Scanner Field Plot 762 Season 2,FALSE,Maricopa,6000000321,6000003358
height,17052,61.911,MAC Field Scanner Field Plot 762 Season 2,FALSE,Maricopa,6000000321,6000003358
height,17054,64.555,MAC Field Scanner Field Plot 762 Season 2,FALSE,Maricopa,6000000321,6000003358
height,17055,67.86,MAC Field Scanner Field Plot 762 Season 2,FALSE,Maricopa,6000000321,6000003358
height,17056,70.504,MAC Field Scanner Field Plot 762 Season 2,FALSE,Maricopa,6000000321,6000003358
height,17057,70.504,MAC Field Scanner Field Plot 762 Season 2,FALSE,Maricopa,6000000321,6000003358
height,17059,73.809,MAC Field Scanner Field Plot 762 Season 2,FALSE,Maricopa,6000000321,6000003358
height,17064,77.114,MAC Field Scanner Field Plot 762 Season 2,FALSE,Maricopa,6000000321,6000003358
height,17066,77.114,MAC Field Scanner Field Plot 762 Season 2,FALSE,Maricopa,6000000321,6000003358
height,17068,78.436,MAC Field Scanner Field Plot 762 Season 2,FALSE,Maricopa,6000000321,6000003358
height,17069,79.097,MAC Field Scanner Field Plot 762 Season 2,FALSE,Maricopa,6000000321,6000003358
height,17070,78.436,MAC Field Scanner Field Plot 762 Season 2,FALSE,Maricopa,6000000321,6000003358
height,17072,79.097,MAC Field Scanner Field Plot 762 Season 2,FALSE,Maricopa,6000000321,6000003358
height,17022,31.505,MAC Field Scanner Field Plot 115 Season 2,FALSE,Maricopa,6000000322,6000002711
height,17025,32.166,MAC Field Scanner Field Plot 115 Season 2,FALSE,Maricopa,6000000322,6000002711
height,17026,32.166,MAC Field Scanner Field Plot 115 Season 2,FALSE,Maricopa,6000000322,6000002711
height,17027,32.166,MAC Field Scanner Field Plot 115 Season 2,FALSE,Maricopa,6000000322,6000002711
height,17028,31.505,MAC Field Scanner Field Plot 115 Season 2,FALSE,Maricopa,6000000322,6000002711
height,17029,31.505,MAC Field Scanner Field Plot 115 Season 2,FALSE,Maricopa,6000000322,6000002711
height,17030,31.505,MAC Field Scanner Field Plot 115 Season 2,FALSE,Maricopa,6000000322,6000002711
height,17031,31.505,MAC Field Scanner Field Plot 115 Season 2,FALSE,Maricopa,6000000322,6000002711
height,17037,32.166,MAC Field Scanner Field Plot 115 Season 2,FALSE,Maricopa,6000000322,6000002711
height,17039,32.827,MAC Field Scanner Field Plot 115 Season 2,FALSE,Maricopa,6000000322,6000002711
height,17040,32.827,MAC Field Scanner Field Plot 115 Season 2,FALSE,Maricopa,6000000322,6000002711
height,17043,32.827,MAC Field Scanner Field Plot 115 Season 2,FALSE,Maricopa,6000000322,6000002711
height,17047,34.149,MAC Field Scanner Field Plot 115 Season 2,FALSE,Maricopa,6000000322,6000002711
height,17049,34.149,MAC Field Scanner Field Plot 115 Season 2,FALSE,Maricopa,6000000322,6000002711
height,17050,33.488,MAC Field Scanner Field Plot 115 Season 2,FALSE,Maricopa,6000000322,6000002711
height,17051,49.352,MAC Field Scanner Field Plot 115 Season 2,FALSE,Maricopa,6000000322,6000002711
height,17052,51.335,MAC Field Scanner Field Plot 115 Season 2,FALSE,Maricopa,6000000322,6000002711
height,17053,53.318,MAC Field Scanner Field Plot 115 Season 2,FALSE,Maricopa,6000000322,6000002711
height,17054,55.301,MAC Field Scanner Field Plot 115 Season 2,FALSE,Maricopa,6000000322,6000002711
height,17056,58.606,MAC Field Scanner Field Plot 115 Season 2,FALSE,Maricopa,6000000322,6000002711
height,17057,60.589,MAC Field Scanner Field Plot 115 Season 2,FALSE,Maricopa,6000000322,6000002711
height,17058,61.911,MAC Field Scanner Field Plot 115 Season 2,FALSE,Maricopa,6000000322,6000002711
height,17061,65.877,MAC Field Scanner Field Plot 115 Season 2,FALSE,Maricopa,6000000322,6000002711
height,17064,69.843,MAC Field Scanner Field Plot 115 Season 2,FALSE,Maricopa,6000000322,6000002711
height,17067,72.487,MAC Field Scanner Field Plot 115 Season 2,FALSE,Maricopa,6000000322,6000002711
height,17069,74.47,MAC Field Scanner Field Plot 115 Season 2,FALSE,Maricopa,6000000322,6000002711
height,17070,75.792,MAC Field Scanner Field Plot 115 Season 2,FALSE,Maricopa,6000000322,6000002711
height,17071,77.114,MAC Field Scanner Field Plot 115 Season 2,FALSE,Maricopa,6000000322,6000002711
height,17022,32.166,MAC Field Scanner Field Plot 114 Season 2,FALSE,Maricopa,6000000322,6000002710
height,17025,32.166,MAC Field Scanner Field Plot 114 Season 2,FALSE,Maricopa,6000000322,6000002710
height,17026,32.166,MAC Field Scanner Field Plot 114 Season 2,FALSE,Maricopa,6000000322,6000002710
height,17027,32.166,MAC Field Scanner Field Plot 114 Season 2,FALSE,Maricopa,6000000322,6000002710
height,17028,31.505,MAC Field Scanner Field Plot 114 Season 2,FALSE,Maricopa,6000000322,6000002710
height,17029,32.166,MAC Field Scanner Field Plot 114 Season 2,FALSE,Maricopa,6000000322,6000002710
height,17030,32.166,MAC Field Scanner Field Plot 114 Season 2,FALSE,Maricopa,6000000322,6000002710
height,17031,32.166,MAC Field Scanner Field Plot 114 Season 2,FALSE,Maricopa,6000000322,6000002710
height,17037,31.505,MAC Field Scanner Field Plot 114 Season 2,FALSE,Maricopa,6000000322,6000002710
height,17039,33.488,MAC Field Scanner Field Plot 114 Season 2,FALSE,Maricopa,6000000322,6000002710
height,17040,33.488,MAC Field Scanner Field Plot 114 Season 2,FALSE,Maricopa,6000000322,6000002710
height,17043,33.488,MAC Field Scanner Field Plot 114 Season 2,FALSE,Maricopa,6000000322,6000002710
height,17047,34.149,MAC Field Scanner Field Plot 114 Season 2,FALSE,Maricopa,6000000322,6000002710
height,17049,34.149,MAC Field Scanner Field Plot 114 Season 2,FALSE,Maricopa,6000000322,6000002710
height,17050,34.149,MAC Field Scanner Field Plot 114 Season 2,FALSE,Maricopa,6000000322,6000002710
height,17051,47.369,MAC Field Scanner Field Plot 114 Season 2,FALSE,Maricopa,6000000322,6000002710
height,17052,49.352,MAC Field Scanner Field Plot 114 Season 2,FALSE,Maricopa,6000000322,6000002710
height,17053,55.301,MAC Field Scanner Field Plot 114 Season 2,FALSE,Maricopa,6000000322,6000002710
height,17054,57.284,MAC Field Scanner Field Plot 114 Season 2,FALSE,Maricopa,6000000322,6000002710
height,17056,60.589,MAC Field Scanner Field Plot 114 Season 2,FALSE,Maricopa,6000000322,6000002710
height,17057,63.894,MAC Field Scanner Field Plot 114 Season 2,FALSE,Maricopa,6000000322,6000002710
height,17058,66.538,MAC Field Scanner Field Plot 114 Season 2,FALSE,Maricopa,6000000322,6000002710
height,17061,73.148,MAC Field Scanner Field Plot 114 Season 2,FALSE,Maricopa,6000000322,6000002710
height,17064,78.436,MAC Field Scanner Field Plot 114 Season 2,FALSE,Maricopa,6000000322,6000002710
height,17067,87.029,MAC Field Scanner Field Plot 114 Season 2,FALSE,Maricopa,6000000322,6000002710
height,17069,90.334,MAC Field Scanner Field Plot 114 Season 2,FALSE,Maricopa,6000000322,6000002710
height,17070,95.622,MAC Field Scanner Field Plot 114 Season 2,FALSE,Maricopa,6000000322,6000002710
height,17071,100.91,MAC Field Scanner Field Plot 114 Season 2,FALSE,Maricopa,6000000322,6000002710
height,17021,31.505,MAC Field Scanner Field Plot 552 Season 2,FALSE,Maricopa,6000000322,6000003148
height,17026,31.505,MAC Field Scanner Field Plot 552 Season 2,FALSE,Maricopa,6000000322,6000003148
height,17028,31.505,MAC Field Scanner Field Plot 552 Season 2,FALSE,Maricopa,6000000322,6000003148
height,17029,31.505,MAC Field Scanner Field Plot 552 Season 2,FALSE,Maricopa,6000000322,6000003148
height,17030,31.505,MAC Field Scanner Field Plot 552 Season 2,FALSE,Maricopa,6000000322,6000003148
height,17031,30.844,MAC Field Scanner Field Plot 552 Season 2,FALSE,Maricopa,6000000322,6000003148
height,17036,31.505,MAC Field Scanner Field Plot 552 Season 2,FALSE,Maricopa,6000000322,6000003148
height,17038,33.488,MAC Field Scanner Field Plot 552 Season 2,FALSE,Maricopa,6000000322,6000003148
height,17040,33.488,MAC Field Scanner Field Plot 552 Season 2,FALSE,Maricopa,6000000322,6000003148
height,17042,33.488,MAC Field Scanner Field Plot 552 Season 2,FALSE,Maricopa,6000000322,6000003148
height,17049,34.149,MAC Field Scanner Field Plot 552 Season 2,FALSE,Maricopa,6000000322,6000003148
height,17051,51.996,MAC Field Scanner Field Plot 552 Season 2,FALSE,Maricopa,6000000322,6000003148
height,17053,55.301,MAC Field Scanner Field Plot 552 Season 2,FALSE,Maricopa,6000000322,6000003148
height,17054,58.606,MAC Field Scanner Field Plot 552 Season 2,FALSE,Maricopa,6000000322,6000003148
height,17055,60.589,MAC Field Scanner Field Plot 552 Season 2,FALSE,Maricopa,6000000322,6000003148
height,17058,65.216,MAC Field Scanner Field Plot 552 Season 2,FALSE,Maricopa,6000000322,6000003148
height,17059,69.182,MAC Field Scanner Field Plot 552 Season 2,FALSE,Maricopa,6000000322,6000003148
height,17064,75.131,MAC Field Scanner Field Plot 552 Season 2,FALSE,Maricopa,6000000322,6000003148
height,17067,71.826,MAC Field Scanner Field Plot 552 Season 2,FALSE,Maricopa,6000000322,6000003148
height,17068,72.487,MAC Field Scanner Field Plot 552 Season 2,FALSE,Maricopa,6000000322,6000003148
height,17070,72.487,MAC Field Scanner Field Plot 552 Season 2,FALSE,Maricopa,6000000322,6000003148
height,17071,74.47,MAC Field Scanner Field Plot 552 Season 2,FALSE,Maricopa,6000000322,6000003148
height,17021,32.166,MAC Field Scanner Field Plot 553 Season 2,FALSE,Maricopa,6000000322,6000003149
height,17026,32.166,MAC Field Scanner Field Plot 553 Season 2,FALSE,Maricopa,6000000322,6000003149
height,17028,31.505,MAC Field Scanner Field Plot 553 Season 2,FALSE,Maricopa,6000000322,6000003149
height,17029,31.505,MAC Field Scanner Field Plot 553 Season 2,FALSE,Maricopa,6000000322,6000003149
height,17030,32.166,MAC Field Scanner Field Plot 553 Season 2,FALSE,Maricopa,6000000322,6000003149
height,17031,31.505,MAC Field Scanner Field Plot 553 Season 2,FALSE,Maricopa,6000000322,6000003149
height,17036,32.166,MAC Field Scanner Field Plot 553 Season 2,FALSE,Maricopa,6000000322,6000003149
height,17038,33.488,MAC Field Scanner Field Plot 553 Season 2,FALSE,Maricopa,6000000322,6000003149
height,17040,33.488,MAC Field Scanner Field Plot 553 Season 2,FALSE,Maricopa,6000000322,6000003149
height,17042,34.149,MAC Field Scanner Field Plot 553 Season 2,FALSE,Maricopa,6000000322,6000003149
height,17049,34.81,MAC Field Scanner Field Plot 553 Season 2,FALSE,Maricopa,6000000322,6000003149
height,17053,57.284,MAC Field Scanner Field Plot 553 Season 2,FALSE,Maricopa,6000000322,6000003149
height,17054,59.267,MAC Field Scanner Field Plot 553 Season 2,FALSE,Maricopa,6000000322,6000003149
height,17055,61.911,MAC Field Scanner Field Plot 553 Season 2,FALSE,Maricopa,6000000322,6000003149
height,17058,65.216,MAC Field Scanner Field Plot 553 Season 2,FALSE,Maricopa,6000000322,6000003149
height,17059,67.86,MAC Field Scanner Field Plot 553 Season 2,FALSE,Maricopa,6000000322,6000003149
height,17064,73.809,MAC Field Scanner Field Plot 553 Season 2,FALSE,Maricopa,6000000322,6000003149
height,17067,70.504,MAC Field Scanner Field Plot 553 Season 2,FALSE,Maricopa,6000000322,6000003149
height,17068,71.826,MAC Field Scanner Field Plot 553 Season 2,FALSE,Maricopa,6000000322,6000003149
height,17070,72.487,MAC Field Scanner Field Plot 553 Season 2,FALSE,Maricopa,6000000322,6000003149
height,17071,73.148,MAC Field Scanner Field Plot 553 Season 2,FALSE,Maricopa,6000000322,6000003149
height,17022,31.505,MAC Field Scanner Field Plot 147 Season 2,FALSE,Maricopa,6000000323,6000002743
height,17025,31.505,MAC Field Scanner Field Plot 147 Season 2,FALSE,Maricopa,6000000323,6000002743
height,17026,31.505,MAC Field Scanner Field Plot 147 Season 2,FALSE,Maricopa,6000000323,6000002743
height,17027,31.505,MAC Field Scanner Field Plot 147 Season 2,FALSE,Maricopa,6000000323,6000002743
height,17028,31.505,MAC Field Scanner Field Plot 147 Season 2,FALSE,Maricopa,6000000323,6000002743
height,17029,31.505,MAC Field Scanner Field Plot 147 Season 2,FALSE,Maricopa,6000000323,6000002743
height,17030,31.505,MAC Field Scanner Field Plot 147 Season 2,FALSE,Maricopa,6000000323,6000002743
height,17031,31.505,MAC Field Scanner Field Plot 147 Season 2,FALSE,Maricopa,6000000323,6000002743
height,17037,31.505,MAC Field Scanner Field Plot 147 Season 2,FALSE,Maricopa,6000000323,6000002743
height,17039,32.827,MAC Field Scanner Field Plot 147 Season 2,FALSE,Maricopa,6000000323,6000002743
height,17040,32.166,MAC Field Scanner Field Plot 147 Season 2,FALSE,Maricopa,6000000323,6000002743
height,17043,32.166,MAC Field Scanner Field Plot 147 Season 2,FALSE,Maricopa,6000000323,6000002743
height,17047,32.827,MAC Field Scanner Field Plot 147 Season 2,FALSE,Maricopa,6000000323,6000002743
height,17049,32.827,MAC Field Scanner Field Plot 147 Season 2,FALSE,Maricopa,6000000323,6000002743
height,17050,32.827,MAC Field Scanner Field Plot 147 Season 2,FALSE,Maricopa,6000000323,6000002743
height,17051,46.708,MAC Field Scanner Field Plot 147 Season 2,FALSE,Maricopa,6000000323,6000002743
height,17052,48.691,MAC Field Scanner Field Plot 147 Season 2,FALSE,Maricopa,6000000323,6000002743
height,17053,51.335,MAC Field Scanner Field Plot 147 Season 2,FALSE,Maricopa,6000000323,6000002743
height,17054,53.318,MAC Field Scanner Field Plot 147 Season 2,FALSE,Maricopa,6000000323,6000002743
height,17056,57.284,MAC Field Scanner Field Plot 147 Season 2,FALSE,Maricopa,6000000323,6000002743
height,17057,59.928,MAC Field Scanner Field Plot 147 Season 2,FALSE,Maricopa,6000000323,6000002743
height,17058,61.911,MAC Field Scanner Field Plot 147 Season 2,FALSE,Maricopa,6000000323,6000002743
height,17061,67.86,MAC Field Scanner Field Plot 147 Season 2,FALSE,Maricopa,6000000323,6000002743
height,17064,71.826,MAC Field Scanner Field Plot 147 Season 2,FALSE,Maricopa,6000000323,6000002743
height,17067,73.809,MAC Field Scanner Field Plot 147 Season 2,FALSE,Maricopa,6000000323,6000002743
height,17069,75.792,MAC Field Scanner Field Plot 147 Season 2,FALSE,Maricopa,6000000323,6000002743
height,17070,77.775,MAC Field Scanner Field Plot 147 Season 2,FALSE,Maricopa,6000000323,6000002743
height,17071,78.436,MAC Field Scanner Field Plot 147 Season 2,FALSE,Maricopa,6000000323,6000002743
height,17022,32.166,MAC Field Scanner Field Plot 146 Season 2,FALSE,Maricopa,6000000323,6000002742
height,17025,32.166,MAC Field Scanner Field Plot 146 Season 2,FALSE,Maricopa,6000000323,6000002742
height,17026,31.505,MAC Field Scanner Field Plot 146 Season 2,FALSE,Maricopa,6000000323,6000002742
height,17027,31.505,MAC Field Scanner Field Plot 146 Season 2,FALSE,Maricopa,6000000323,6000002742
height,17028,32.166,MAC Field Scanner Field Plot 146 Season 2,FALSE,Maricopa,6000000323,6000002742
height,17029,32.166,MAC Field Scanner Field Plot 146 Season 2,FALSE,Maricopa,6000000323,6000002742
height,17030,32.166,MAC Field Scanner Field Plot 146 Season 2,FALSE,Maricopa,6000000323,6000002742
height,17031,31.505,MAC Field Scanner Field Plot 146 Season 2,FALSE,Maricopa,6000000323,6000002742
height,17037,32.166,MAC Field Scanner Field Plot 146 Season 2,FALSE,Maricopa,6000000323,6000002742
height,17039,32.827,MAC Field Scanner Field Plot 146 Season 2,FALSE,Maricopa,6000000323,6000002742
height,17040,33.488,MAC Field Scanner Field Plot 146 Season 2,FALSE,Maricopa,6000000323,6000002742
height,17043,32.827,MAC Field Scanner Field Plot 146 Season 2,FALSE,Maricopa,6000000323,6000002742
height,17047,33.488,MAC Field Scanner Field Plot 146 Season 2,FALSE,Maricopa,6000000323,6000002742
height,17049,33.488,MAC Field Scanner Field Plot 146 Season 2,FALSE,Maricopa,6000000323,6000002742
height,17050,33.488,MAC Field Scanner Field Plot 146 Season 2,FALSE,Maricopa,6000000323,6000002742
height,17051,42.742,MAC Field Scanner Field Plot 146 Season 2,FALSE,Maricopa,6000000323,6000002742
height,17052,44.725,MAC Field Scanner Field Plot 146 Season 2,FALSE,Maricopa,6000000323,6000002742
height,17053,55.301,MAC Field Scanner Field Plot 146 Season 2,FALSE,Maricopa,6000000323,6000002742
height,17054,55.301,MAC Field Scanner Field Plot 146 Season 2,FALSE,Maricopa,6000000323,6000002742
height,17056,57.945,MAC Field Scanner Field Plot 146 Season 2,FALSE,Maricopa,6000000323,6000002742
height,17057,61.25,MAC Field Scanner Field Plot 146 Season 2,FALSE,Maricopa,6000000323,6000002742
height,17058,63.233,MAC Field Scanner Field Plot 146 Season 2,FALSE,Maricopa,6000000323,6000002742
height,17061,67.86,MAC Field Scanner Field Plot 146 Season 2,FALSE,Maricopa,6000000323,6000002742
height,17064,69.843,MAC Field Scanner Field Plot 146 Season 2,FALSE,Maricopa,6000000323,6000002742
height,17067,71.826,MAC Field Scanner Field Plot 146 Season 2,FALSE,Maricopa,6000000323,6000002742
height,17069,74.47,MAC Field Scanner Field Plot 146 Season 2,FALSE,Maricopa,6000000323,6000002742
height,17070,75.131,MAC Field Scanner Field Plot 146 Season 2,FALSE,Maricopa,6000000323,6000002742
height,17071,77.775,MAC Field Scanner Field Plot 146 Season 2,FALSE,Maricopa,6000000323,6000002742
height,17021,30.844,MAC Field Scanner Field Plot 793 Season 2,FALSE,Maricopa,6000000323,6000003389
height,17023,30.844,MAC Field Scanner Field Plot 793 Season 2,FALSE,Maricopa,6000000323,6000003389
height,17024,30.844,MAC Field Scanner Field Plot 793 Season 2,FALSE,Maricopa,6000000323,6000003389
height,17027,30.844,MAC Field Scanner Field Plot 793 Season 2,FALSE,Maricopa,6000000323,6000003389
height,17028,31.505,MAC Field Scanner Field Plot 793 Season 2,FALSE,Maricopa,6000000323,6000003389
height,17031,31.505,MAC Field Scanner Field Plot 793 Season 2,FALSE,Maricopa,6000000323,6000003389
height,17036,31.505,MAC Field Scanner Field Plot 793 Season 2,FALSE,Maricopa,6000000323,6000003389
height,17037,30.844,MAC Field Scanner Field Plot 793 Season 2,FALSE,Maricopa,6000000323,6000003389
height,17038,32.827,MAC Field Scanner Field Plot 793 Season 2,FALSE,Maricopa,6000000323,6000003389
height,17040,32.827,MAC Field Scanner Field Plot 793 Season 2,FALSE,Maricopa,6000000323,6000003389
height,17042,33.488,MAC Field Scanner Field Plot 793 Season 2,FALSE,Maricopa,6000000323,6000003389
height,17046,34.81,MAC Field Scanner Field Plot 793 Season 2,FALSE,Maricopa,6000000323,6000003389
height,17048,34.149,MAC Field Scanner Field Plot 793 Season 2,FALSE,Maricopa,6000000323,6000003389
height,17049,34.81,MAC Field Scanner Field Plot 793 Season 2,FALSE,Maricopa,6000000323,6000003389
height,17050,50.674,MAC Field Scanner Field Plot 793 Season 2,FALSE,Maricopa,6000000323,6000003389
height,17051,53.318,MAC Field Scanner Field Plot 793 Season 2,FALSE,Maricopa,6000000323,6000003389
height,17052,55.962,MAC Field Scanner Field Plot 793 Season 2,FALSE,Maricopa,6000000323,6000003389
height,17054,58.606,MAC Field Scanner Field Plot 793 Season 2,FALSE,Maricopa,6000000323,6000003389
height,17056,63.233,MAC Field Scanner Field Plot 793 Season 2,FALSE,Maricopa,6000000323,6000003389
height,17059,69.182,MAC Field Scanner Field Plot 793 Season 2,FALSE,Maricopa,6000000323,6000003389
height,17064,76.453,MAC Field Scanner Field Plot 793 Season 2,FALSE,Maricopa,6000000323,6000003389
height,17068,79.097,MAC Field Scanner Field Plot 793 Season 2,FALSE,Maricopa,6000000323,6000003389
height,17069,80.419,MAC Field Scanner Field Plot 793 Season 2,FALSE,Maricopa,6000000323,6000003389
height,17070,81.08,MAC Field Scanner Field Plot 793 Season 2,FALSE,Maricopa,6000000323,6000003389
height,17072,81.741,MAC Field Scanner Field Plot 793 Season 2,FALSE,Maricopa,6000000323,6000003389
height,17021,31.505,MAC Field Scanner Field Plot 792 Season 2,FALSE,Maricopa,6000000323,6000003388
height,17023,31.505,MAC Field Scanner Field Plot 792 Season 2,FALSE,Maricopa,6000000323,6000003388
height,17024,31.505,MAC Field Scanner Field Plot 792 Season 2,FALSE,Maricopa,6000000323,6000003388
height,17025,31.505,MAC Field Scanner Field Plot 792 Season 2,FALSE,Maricopa,6000000323,6000003388
height,17027,31.505,MAC Field Scanner Field Plot 792 Season 2,FALSE,Maricopa,6000000323,6000003388
height,17028,31.505,MAC Field Scanner Field Plot 792 Season 2,FALSE,Maricopa,6000000323,6000003388
height,17029,31.505,MAC Field Scanner Field Plot 792 Season 2,FALSE,Maricopa,6000000323,6000003388
height,17031,32.166,MAC Field Scanner Field Plot 792 Season 2,FALSE,Maricopa,6000000323,6000003388
height,17036,31.505,MAC Field Scanner Field Plot 792 Season 2,FALSE,Maricopa,6000000323,6000003388
height,17037,31.505,MAC Field Scanner Field Plot 792 Season 2,FALSE,Maricopa,6000000323,6000003388
height,17038,33.488,MAC Field Scanner Field Plot 792 Season 2,FALSE,Maricopa,6000000323,6000003388
height,17040,33.488,MAC Field Scanner Field Plot 792 Season 2,FALSE,Maricopa,6000000323,6000003388
height,17042,33.488,MAC Field Scanner Field Plot 792 Season 2,FALSE,Maricopa,6000000323,6000003388
height,17046,34.149,MAC Field Scanner Field Plot 792 Season 2,FALSE,Maricopa,6000000323,6000003388
height,17048,34.149,MAC Field Scanner Field Plot 792 Season 2,FALSE,Maricopa,6000000323,6000003388
height,17049,34.149,MAC Field Scanner Field Plot 792 Season 2,FALSE,Maricopa,6000000323,6000003388
height,17050,51.335,MAC Field Scanner Field Plot 792 Season 2,FALSE,Maricopa,6000000323,6000003388
height,17051,53.979,MAC Field Scanner Field Plot 792 Season 2,FALSE,Maricopa,6000000323,6000003388
height,17052,55.301,MAC Field Scanner Field Plot 792 Season 2,FALSE,Maricopa,6000000323,6000003388
height,17054,57.945,MAC Field Scanner Field Plot 792 Season 2,FALSE,Maricopa,6000000323,6000003388
height,17056,62.572,MAC Field Scanner Field Plot 792 Season 2,FALSE,Maricopa,6000000323,6000003388
height,17057,64.555,MAC Field Scanner Field Plot 792 Season 2,FALSE,Maricopa,6000000323,6000003388
height,17059,68.521,MAC Field Scanner Field Plot 792 Season 2,FALSE,Maricopa,6000000323,6000003388
height,17064,75.131,MAC Field Scanner Field Plot 792 Season 2,FALSE,Maricopa,6000000323,6000003388
height,17068,78.436,MAC Field Scanner Field Plot 792 Season 2,FALSE,Maricopa,6000000323,6000003388
height,17069,79.758,MAC Field Scanner Field Plot 792 Season 2,FALSE,Maricopa,6000000323,6000003388
height,17070,80.419,MAC Field Scanner Field Plot 792 Season 2,FALSE,Maricopa,6000000323,6000003388
height,17072,81.08,MAC Field Scanner Field Plot 792 Season 2,FALSE,Maricopa,6000000323,6000003388
height,17022,31.505,MAC Field Scanner Field Plot 155 Season 2,FALSE,Maricopa,6000000324,6000002751
height,17025,31.505,MAC Field Scanner Field Plot 155 Season 2,FALSE,Maricopa,6000000324,6000002751
height,17026,31.505,MAC Field Scanner Field Plot 155 Season 2,FALSE,Maricopa,6000000324,6000002751
height,17027,31.505,MAC Field Scanner Field Plot 155 Season 2,FALSE,Maricopa,6000000324,6000002751
height,17028,30.844,MAC Field Scanner Field Plot 155 Season 2,FALSE,Maricopa,6000000324,6000002751
height,17029,31.505,MAC Field Scanner Field Plot 155 Season 2,FALSE,Maricopa,6000000324,6000002751
height,17030,31.505,MAC Field Scanner Field Plot 155 Season 2,FALSE,Maricopa,6000000324,6000002751
height,17031,31.505,MAC Field Scanner Field Plot 155 Season 2,FALSE,Maricopa,6000000324,6000002751
height,17037,31.505,MAC Field Scanner Field Plot 155 Season 2,FALSE,Maricopa,6000000324,6000002751
height,17039,32.166,MAC Field Scanner Field Plot 155 Season 2,FALSE,Maricopa,6000000324,6000002751
height,17040,32.166,MAC Field Scanner Field Plot 155 Season 2,FALSE,Maricopa,6000000324,6000002751
height,17043,32.166,MAC Field Scanner Field Plot 155 Season 2,FALSE,Maricopa,6000000324,6000002751
height,17047,32.166,MAC Field Scanner Field Plot 155 Season 2,FALSE,Maricopa,6000000324,6000002751
height,17049,32.827,MAC Field Scanner Field Plot 155 Season 2,FALSE,Maricopa,6000000324,6000002751
height,17050,32.827,MAC Field Scanner Field Plot 155 Season 2,FALSE,Maricopa,6000000324,6000002751
height,17051,58.606,MAC Field Scanner Field Plot 155 Season 2,FALSE,Maricopa,6000000324,6000002751
height,17052,59.928,MAC Field Scanner Field Plot 155 Season 2,FALSE,Maricopa,6000000324,6000002751
height,17053,61.911,MAC Field Scanner Field Plot 155 Season 2,FALSE,Maricopa,6000000324,6000002751
height,17054,64.555,MAC Field Scanner Field Plot 155 Season 2,FALSE,Maricopa,6000000324,6000002751
height,17056,67.199,MAC Field Scanner Field Plot 155 Season 2,FALSE,Maricopa,6000000324,6000002751
height,17057,69.182,MAC Field Scanner Field Plot 155 Season 2,FALSE,Maricopa,6000000324,6000002751
height,17058,71.165,MAC Field Scanner Field Plot 155 Season 2,FALSE,Maricopa,6000000324,6000002751
height,17061,75.131,MAC Field Scanner Field Plot 155 Season 2,FALSE,Maricopa,6000000324,6000002751
height,17064,77.775,MAC Field Scanner Field Plot 155 Season 2,FALSE,Maricopa,6000000324,6000002751
height,17067,80.419,MAC Field Scanner Field Plot 155 Season 2,FALSE,Maricopa,6000000324,6000002751
height,17069,81.741,MAC Field Scanner Field Plot 155 Season 2,FALSE,Maricopa,6000000324,6000002751
height,17070,81.741,MAC Field Scanner Field Plot 155 Season 2,FALSE,Maricopa,6000000324,6000002751
height,17071,83.724,MAC Field Scanner Field Plot 155 Season 2,FALSE,Maricopa,6000000324,6000002751
height,17022,31.505,MAC Field Scanner Field Plot 154 Season 2,FALSE,Maricopa,6000000324,6000002750
height,17025,31.505,MAC Field Scanner Field Plot 154 Season 2,FALSE,Maricopa,6000000324,6000002750
height,17026,31.505,MAC Field Scanner Field Plot 154 Season 2,FALSE,Maricopa,6000000324,6000002750
height,17027,31.505,MAC Field Scanner Field Plot 154 Season 2,FALSE,Maricopa,6000000324,6000002750
height,17028,30.844,MAC Field Scanner Field Plot 154 Season 2,FALSE,Maricopa,6000000324,6000002750
height,17029,31.505,MAC Field Scanner Field Plot 154 Season 2,FALSE,Maricopa,6000000324,6000002750
height,17030,31.505,MAC Field Scanner Field Plot 154 Season 2,FALSE,Maricopa,6000000324,6000002750
height,17031,31.505,MAC Field Scanner Field Plot 154 Season 2,FALSE,Maricopa,6000000324,6000002750
height,17037,31.505,MAC Field Scanner Field Plot 154 Season 2,FALSE,Maricopa,6000000324,6000002750
height,17039,34.149,MAC Field Scanner Field Plot 154 Season 2,FALSE,Maricopa,6000000324,6000002750
height,17040,34.149,MAC Field Scanner Field Plot 154 Season 2,FALSE,Maricopa,6000000324,6000002750
height,17043,34.149,MAC Field Scanner Field Plot 154 Season 2,FALSE,Maricopa,6000000324,6000002750
height,17047,34.149,MAC Field Scanner Field Plot 154 Season 2,FALSE,Maricopa,6000000324,6000002750
height,17049,34.149,MAC Field Scanner Field Plot 154 Season 2,FALSE,Maricopa,6000000324,6000002750
height,17050,34.149,MAC Field Scanner Field Plot 154 Season 2,FALSE,Maricopa,6000000324,6000002750
height,17051,59.928,MAC Field Scanner Field Plot 154 Season 2,FALSE,Maricopa,6000000324,6000002750
height,17052,61.911,MAC Field Scanner Field Plot 154 Season 2,FALSE,Maricopa,6000000324,6000002750
height,17053,63.894,MAC Field Scanner Field Plot 154 Season 2,FALSE,Maricopa,6000000324,6000002750
height,17054,67.199,MAC Field Scanner Field Plot 154 Season 2,FALSE,Maricopa,6000000324,6000002750
height,17056,70.504,MAC Field Scanner Field Plot 154 Season 2,FALSE,Maricopa,6000000324,6000002750
height,17057,71.826,MAC Field Scanner Field Plot 154 Season 2,FALSE,Maricopa,6000000324,6000002750
height,17058,73.809,MAC Field Scanner Field Plot 154 Season 2,FALSE,Maricopa,6000000324,6000002750
height,17061,77.114,MAC Field Scanner Field Plot 154 Season 2,FALSE,Maricopa,6000000324,6000002750
height,17064,79.758,MAC Field Scanner Field Plot 154 Season 2,FALSE,Maricopa,6000000324,6000002750
height,17067,81.741,MAC Field Scanner Field Plot 154 Season 2,FALSE,Maricopa,6000000324,6000002750
height,17069,83.724,MAC Field Scanner Field Plot 154 Season 2,FALSE,Maricopa,6000000324,6000002750
height,17070,84.385,MAC Field Scanner Field Plot 154 Season 2,FALSE,Maricopa,6000000324,6000002750
height,17071,84.385,MAC Field Scanner Field Plot 154 Season 2,FALSE,Maricopa,6000000324,6000002750
height,17021,31.505,MAC Field Scanner Field Plot 546 Season 2,FALSE,Maricopa,6000000324,6000003142
height,17024,32.166,MAC Field Scanner Field Plot 546 Season 2,FALSE,Maricopa,6000000324,6000003142
height,17026,31.505,MAC Field Scanner Field Plot 546 Season 2,FALSE,Maricopa,6000000324,6000003142
height,17028,31.505,MAC Field Scanner Field Plot 546 Season 2,FALSE,Maricopa,6000000324,6000003142
height,17029,31.505,MAC Field Scanner Field Plot 546 Season 2,FALSE,Maricopa,6000000324,6000003142
height,17030,31.505,MAC Field Scanner Field Plot 546 Season 2,FALSE,Maricopa,6000000324,6000003142
height,17031,31.505,MAC Field Scanner Field Plot 546 Season 2,FALSE,Maricopa,6000000324,6000003142
height,17036,31.505,MAC Field Scanner Field Plot 546 Season 2,FALSE,Maricopa,6000000324,6000003142
height,17038,33.488,MAC Field Scanner Field Plot 546 Season 2,FALSE,Maricopa,6000000324,6000003142
height,17040,33.488,MAC Field Scanner Field Plot 546 Season 2,FALSE,Maricopa,6000000324,6000003142
height,17042,32.827,MAC Field Scanner Field Plot 546 Season 2,FALSE,Maricopa,6000000324,6000003142
height,17046,33.488,MAC Field Scanner Field Plot 546 Season 2,FALSE,Maricopa,6000000324,6000003142
height,17049,34.149,MAC Field Scanner Field Plot 546 Season 2,FALSE,Maricopa,6000000324,6000003142
height,17051,59.928,MAC Field Scanner Field Plot 546 Season 2,FALSE,Maricopa,6000000324,6000003142
height,17053,62.572,MAC Field Scanner Field Plot 546 Season 2,FALSE,Maricopa,6000000324,6000003142
height,17054,64.555,MAC Field Scanner Field Plot 546 Season 2,FALSE,Maricopa,6000000324,6000003142
height,17055,67.199,MAC Field Scanner Field Plot 546 Season 2,FALSE,Maricopa,6000000324,6000003142
height,17056,70.504,MAC Field Scanner Field Plot 546 Season 2,FALSE,Maricopa,6000000324,6000003142
height,17058,71.165,MAC Field Scanner Field Plot 546 Season 2,FALSE,Maricopa,6000000324,6000003142
height,17059,73.809,MAC Field Scanner Field Plot 546 Season 2,FALSE,Maricopa,6000000324,6000003142
height,17064,79.097,MAC Field Scanner Field Plot 546 Season 2,FALSE,Maricopa,6000000324,6000003142
height,17067,83.724,MAC Field Scanner Field Plot 546 Season 2,FALSE,Maricopa,6000000324,6000003142
height,17068,85.046,MAC Field Scanner Field Plot 546 Season 2,FALSE,Maricopa,6000000324,6000003142
height,17070,85.707,MAC Field Scanner Field Plot 546 Season 2,FALSE,Maricopa,6000000324,6000003142
height,17071,84.385,MAC Field Scanner Field Plot 546 Season 2,FALSE,Maricopa,6000000324,6000003142
height,17021,30.844,MAC Field Scanner Field Plot 547 Season 2,FALSE,Maricopa,6000000324,6000003143
height,17024,31.505,MAC Field Scanner Field Plot 547 Season 2,FALSE,Maricopa,6000000324,6000003143
height,17026,31.505,MAC Field Scanner Field Plot 547 Season 2,FALSE,Maricopa,6000000324,6000003143
height,17028,30.844,MAC Field Scanner Field Plot 547 Season 2,FALSE,Maricopa,6000000324,6000003143
height,17029,30.844,MAC Field Scanner Field Plot 547 Season 2,FALSE,Maricopa,6000000324,6000003143
height,17030,31.505,MAC Field Scanner Field Plot 547 Season 2,FALSE,Maricopa,6000000324,6000003143
height,17031,30.844,MAC Field Scanner Field Plot 547 Season 2,FALSE,Maricopa,6000000324,6000003143
height,17036,30.844,MAC Field Scanner Field Plot 547 Season 2,FALSE,Maricopa,6000000324,6000003143
height,17038,32.827,MAC Field Scanner Field Plot 547 Season 2,FALSE,Maricopa,6000000324,6000003143
height,17040,32.827,MAC Field Scanner Field Plot 547 Season 2,FALSE,Maricopa,6000000324,6000003143
height,17042,33.488,MAC Field Scanner Field Plot 547 Season 2,FALSE,Maricopa,6000000324,6000003143
height,17046,33.488,MAC Field Scanner Field Plot 547 Season 2,FALSE,Maricopa,6000000324,6000003143
height,17049,33.488,MAC Field Scanner Field Plot 547 Season 2,FALSE,Maricopa,6000000324,6000003143
height,17051,59.928,MAC Field Scanner Field Plot 547 Season 2,FALSE,Maricopa,6000000324,6000003143
height,17053,62.572,MAC Field Scanner Field Plot 547 Season 2,FALSE,Maricopa,6000000324,6000003143
height,17054,65.216,MAC Field Scanner Field Plot 547 Season 2,FALSE,Maricopa,6000000324,6000003143
height,17055,67.86,MAC Field Scanner Field Plot 547 Season 2,FALSE,Maricopa,6000000324,6000003143
height,17056,70.504,MAC Field Scanner Field Plot 547 Season 2,FALSE,Maricopa,6000000324,6000003143
height,17058,71.826,MAC Field Scanner Field Plot 547 Season 2,FALSE,Maricopa,6000000324,6000003143
height,17059,74.47,MAC Field Scanner Field Plot 547 Season 2,FALSE,Maricopa,6000000324,6000003143
height,17064,80.419,MAC Field Scanner Field Plot 547 Season 2,FALSE,Maricopa,6000000324,6000003143
height,17067,81.08,MAC Field Scanner Field Plot 547 Season 2,FALSE,Maricopa,6000000324,6000003143
height,17068,82.402,MAC Field Scanner Field Plot 547 Season 2,FALSE,Maricopa,6000000324,6000003143
height,17070,83.063,MAC Field Scanner Field Plot 547 Season 2,FALSE,Maricopa,6000000324,6000003143
height,17071,84.385,MAC Field Scanner Field Plot 547 Season 2,FALSE,Maricopa,6000000324,6000003143
height,17022,31.505,MAC Field Scanner Field Plot 95 Season 2,FALSE,Maricopa,6000000325,6000002691
height,17025,31.505,MAC Field Scanner Field Plot 95 Season 2,FALSE,Maricopa,6000000325,6000002691
height,17026,31.505,MAC Field Scanner Field Plot 95 Season 2,FALSE,Maricopa,6000000325,6000002691
height,17027,31.505,MAC Field Scanner Field Plot 95 Season 2,FALSE,Maricopa,6000000325,6000002691
height,17028,31.505,MAC Field Scanner Field Plot 95 Season 2,FALSE,Maricopa,6000000325,6000002691
height,17029,31.505,MAC Field Scanner Field Plot 95 Season 2,FALSE,Maricopa,6000000325,6000002691
height,17030,31.505,MAC Field Scanner Field Plot 95 Season 2,FALSE,Maricopa,6000000325,6000002691
height,17031,31.505,MAC Field Scanner Field Plot 95 Season 2,FALSE,Maricopa,6000000325,6000002691
height,17037,31.505,MAC Field Scanner Field Plot 95 Season 2,FALSE,Maricopa,6000000325,6000002691
height,17039,33.488,MAC Field Scanner Field Plot 95 Season 2,FALSE,Maricopa,6000000325,6000002691
height,17040,33.488,MAC Field Scanner Field Plot 95 Season 2,FALSE,Maricopa,6000000325,6000002691
height,17043,33.488,MAC Field Scanner Field Plot 95 Season 2,FALSE,Maricopa,6000000325,6000002691
height,17047,34.149,MAC Field Scanner Field Plot 95 Season 2,FALSE,Maricopa,6000000325,6000002691
height,17049,34.149,MAC Field Scanner Field Plot 95 Season 2,FALSE,Maricopa,6000000325,6000002691
height,17050,34.149,MAC Field Scanner Field Plot 95 Season 2,FALSE,Maricopa,6000000325,6000002691
height,17051,36.132,MAC Field Scanner Field Plot 95 Season 2,FALSE,Maricopa,6000000325,6000002691
height,17052,39.437,MAC Field Scanner Field Plot 95 Season 2,FALSE,Maricopa,6000000325,6000002691
height,17053,44.064,MAC Field Scanner Field Plot 95 Season 2,FALSE,Maricopa,6000000325,6000002691
height,17054,48.03,MAC Field Scanner Field Plot 95 Season 2,FALSE,Maricopa,6000000325,6000002691
height,17056,53.979,MAC Field Scanner Field Plot 95 Season 2,FALSE,Maricopa,6000000325,6000002691
height,17057,56.623,MAC Field Scanner Field Plot 95 Season 2,FALSE,Maricopa,6000000325,6000002691
height,17058,60.589,MAC Field Scanner Field Plot 95 Season 2,FALSE,Maricopa,6000000325,6000002691
height,17061,66.538,MAC Field Scanner Field Plot 95 Season 2,FALSE,Maricopa,6000000325,6000002691
height,17064,79.097,MAC Field Scanner Field Plot 95 Season 2,FALSE,Maricopa,6000000325,6000002691
height,17067,86.368,MAC Field Scanner Field Plot 95 Season 2,FALSE,Maricopa,6000000325,6000002691
height,17069,87.69,MAC Field Scanner Field Plot 95 Season 2,FALSE,Maricopa,6000000325,6000002691
height,17070,88.351,MAC Field Scanner Field Plot 95 Season 2,FALSE,Maricopa,6000000325,6000002691
height,17071,68.521,MAC Field Scanner Field Plot 95 Season 2,FALSE,Maricopa,6000000325,6000002691
height,17022,31.505,MAC Field Scanner Field Plot 94 Season 2,FALSE,Maricopa,6000000325,6000002690
height,17025,31.505,MAC Field Scanner Field Plot 94 Season 2,FALSE,Maricopa,6000000325,6000002690
height,17026,31.505,MAC Field Scanner Field Plot 94 Season 2,FALSE,Maricopa,6000000325,6000002690
height,17027,31.505,MAC Field Scanner Field Plot 94 Season 2,FALSE,Maricopa,6000000325,6000002690
height,17028,31.505,MAC Field Scanner Field Plot 94 Season 2,FALSE,Maricopa,6000000325,6000002690
height,17029,31.505,MAC Field Scanner Field Plot 94 Season 2,FALSE,Maricopa,6000000325,6000002690
height,17030,31.505,MAC Field Scanner Field Plot 94 Season 2,FALSE,Maricopa,6000000325,6000002690
height,17031,31.505,MAC Field Scanner Field Plot 94 Season 2,FALSE,Maricopa,6000000325,6000002690
height,17037,31.505,MAC Field Scanner Field Plot 94 Season 2,FALSE,Maricopa,6000000325,6000002690
height,17039,33.488,MAC Field Scanner Field Plot 94 Season 2,FALSE,Maricopa,6000000325,6000002690
height,17040,33.488,MAC Field Scanner Field Plot 94 Season 2,FALSE,Maricopa,6000000325,6000002690
height,17043,33.488,MAC Field Scanner Field Plot 94 Season 2,FALSE,Maricopa,6000000325,6000002690
height,17047,34.149,MAC Field Scanner Field Plot 94 Season 2,FALSE,Maricopa,6000000325,6000002690
height,17049,34.149,MAC Field Scanner Field Plot 94 Season 2,FALSE,Maricopa,6000000325,6000002690
height,17050,34.149,MAC Field Scanner Field Plot 94 Season 2,FALSE,Maricopa,6000000325,6000002690
height,17051,36.132,MAC Field Scanner Field Plot 94 Season 2,FALSE,Maricopa,6000000325,6000002690
height,17052,38.776,MAC Field Scanner Field Plot 94 Season 2,FALSE,Maricopa,6000000325,6000002690
height,17053,41.42,MAC Field Scanner Field Plot 94 Season 2,FALSE,Maricopa,6000000325,6000002690
height,17054,44.725,MAC Field Scanner Field Plot 94 Season 2,FALSE,Maricopa,6000000325,6000002690
height,17056,49.352,MAC Field Scanner Field Plot 94 Season 2,FALSE,Maricopa,6000000325,6000002690
height,17057,53.318,MAC Field Scanner Field Plot 94 Season 2,FALSE,Maricopa,6000000325,6000002690
height,17058,55.301,MAC Field Scanner Field Plot 94 Season 2,FALSE,Maricopa,6000000325,6000002690
height,17061,59.928,MAC Field Scanner Field Plot 94 Season 2,FALSE,Maricopa,6000000325,6000002690
height,17064,61.911,MAC Field Scanner Field Plot 94 Season 2,FALSE,Maricopa,6000000325,6000002690
height,17067,67.199,MAC Field Scanner Field Plot 94 Season 2,FALSE,Maricopa,6000000325,6000002690
height,17069,67.199,MAC Field Scanner Field Plot 94 Season 2,FALSE,Maricopa,6000000325,6000002690
height,17070,68.521,MAC Field Scanner Field Plot 94 Season 2,FALSE,Maricopa,6000000325,6000002690
height,17071,69.843,MAC Field Scanner Field Plot 94 Season 2,FALSE,Maricopa,6000000325,6000002690
height,17023,32.166,MAC Field Scanner Field Plot 810 Season 2,FALSE,Maricopa,6000000325,6000003406
height,17024,32.166,MAC Field Scanner Field Plot 810 Season 2,FALSE,Maricopa,6000000325,6000003406
height,17027,32.166,MAC Field Scanner Field Plot 810 Season 2,FALSE,Maricopa,6000000325,6000003406
height,17037,31.505,MAC Field Scanner Field Plot 810 Season 2,FALSE,Maricopa,6000000325,6000003406
height,17046,34.149,MAC Field Scanner Field Plot 810 Season 2,FALSE,Maricopa,6000000325,6000003406
height,17050,36.793,MAC Field Scanner Field Plot 810 Season 2,FALSE,Maricopa,6000000325,6000003406
height,17051,42.081,MAC Field Scanner Field Plot 810 Season 2,FALSE,Maricopa,6000000325,6000003406
height,17054,46.708,MAC Field Scanner Field Plot 810 Season 2,FALSE,Maricopa,6000000325,6000003406
height,17056,53.979,MAC Field Scanner Field Plot 810 Season 2,FALSE,Maricopa,6000000325,6000003406
height,17068,67.86,MAC Field Scanner Field Plot 810 Season 2,FALSE,Maricopa,6000000325,6000003406
height,17069,68.521,MAC Field Scanner Field Plot 810 Season 2,FALSE,Maricopa,6000000325,6000003406
height,17070,69.182,MAC Field Scanner Field Plot 810 Season 2,FALSE,Maricopa,6000000325,6000003406
height,17023,32.166,MAC Field Scanner Field Plot 811 Season 2,FALSE,Maricopa,6000000325,6000003407
height,17024,31.505,MAC Field Scanner Field Plot 811 Season 2,FALSE,Maricopa,6000000325,6000003407
height,17027,31.505,MAC Field Scanner Field Plot 811 Season 2,FALSE,Maricopa,6000000325,6000003407
height,17037,31.505,MAC Field Scanner Field Plot 811 Season 2,FALSE,Maricopa,6000000325,6000003407
height,17046,32.827,MAC Field Scanner Field Plot 811 Season 2,FALSE,Maricopa,6000000325,6000003407
height,17050,32.827,MAC Field Scanner Field Plot 811 Season 2,FALSE,Maricopa,6000000325,6000003407
height,17051,32.827,MAC Field Scanner Field Plot 811 Season 2,FALSE,Maricopa,6000000325,6000003407
height,17054,36.132,MAC Field Scanner Field Plot 811 Season 2,FALSE,Maricopa,6000000325,6000003407
height,17056,44.064,MAC Field Scanner Field Plot 811 Season 2,FALSE,Maricopa,6000000325,6000003407
height,17068,61.911,MAC Field Scanner Field Plot 811 Season 2,FALSE,Maricopa,6000000325,6000003407
height,17069,62.572,MAC Field Scanner Field Plot 811 Season 2,FALSE,Maricopa,6000000325,6000003407
height,17070,66.538,MAC Field Scanner Field Plot 811 Season 2,FALSE,Maricopa,6000000325,6000003407
height,17022,32.166,MAC Field Scanner Field Plot 354 Season 2,FALSE,Maricopa,6000000326,6000002950
height,17024,32.166,MAC Field Scanner Field Plot 354 Season 2,FALSE,Maricopa,6000000326,6000002950
height,17025,32.166,MAC Field Scanner Field Plot 354 Season 2,FALSE,Maricopa,6000000326,6000002950
height,17026,32.166,MAC Field Scanner Field Plot 354 Season 2,FALSE,Maricopa,6000000326,6000002950
height,17028,31.505,MAC Field Scanner Field Plot 354 Season 2,FALSE,Maricopa,6000000326,6000002950
height,17029,32.166,MAC Field Scanner Field Plot 354 Season 2,FALSE,Maricopa,6000000326,6000002950
height,17030,32.166,MAC Field Scanner Field Plot 354 Season 2,FALSE,Maricopa,6000000326,6000002950
height,17031,32.166,MAC Field Scanner Field Plot 354 Season 2,FALSE,Maricopa,6000000326,6000002950
height,17038,33.488,MAC Field Scanner Field Plot 354 Season 2,FALSE,Maricopa,6000000326,6000002950
height,17040,33.488,MAC Field Scanner Field Plot 354 Season 2,FALSE,Maricopa,6000000326,6000002950
height,17043,33.488,MAC Field Scanner Field Plot 354 Season 2,FALSE,Maricopa,6000000326,6000002950
height,17047,34.149,MAC Field Scanner Field Plot 354 Season 2,FALSE,Maricopa,6000000326,6000002950
height,17049,34.81,MAC Field Scanner Field Plot 354 Season 2,FALSE,Maricopa,6000000326,6000002950
height,17050,34.81,MAC Field Scanner Field Plot 354 Season 2,FALSE,Maricopa,6000000326,6000002950
height,17051,50.013,MAC Field Scanner Field Plot 354 Season 2,FALSE,Maricopa,6000000326,6000002950
height,17052,52.657,MAC Field Scanner Field Plot 354 Season 2,FALSE,Maricopa,6000000326,6000002950
height,17053,53.979,MAC Field Scanner Field Plot 354 Season 2,FALSE,Maricopa,6000000326,6000002950
height,17054,55.962,MAC Field Scanner Field Plot 354 Season 2,FALSE,Maricopa,6000000326,6000002950
height,17055,58.606,MAC Field Scanner Field Plot 354 Season 2,FALSE,Maricopa,6000000326,6000002950
height,17056,59.928,MAC Field Scanner Field Plot 354 Season 2,FALSE,Maricopa,6000000326,6000002950
height,17058,60.589,MAC Field Scanner Field Plot 354 Season 2,FALSE,Maricopa,6000000326,6000002950
height,17061,63.894,MAC Field Scanner Field Plot 354 Season 2,FALSE,Maricopa,6000000326,6000002950
height,17064,68.521,MAC Field Scanner Field Plot 354 Season 2,FALSE,Maricopa,6000000326,6000002950
height,17067,72.487,MAC Field Scanner Field Plot 354 Season 2,FALSE,Maricopa,6000000326,6000002950
height,17069,73.809,MAC Field Scanner Field Plot 354 Season 2,FALSE,Maricopa,6000000326,6000002950
height,17070,75.131,MAC Field Scanner Field Plot 354 Season 2,FALSE,Maricopa,6000000326,6000002950
height,17071,69.843,MAC Field Scanner Field Plot 354 Season 2,FALSE,Maricopa,6000000326,6000002950
height,17022,31.505,MAC Field Scanner Field Plot 355 Season 2,FALSE,Maricopa,6000000326,6000002951
height,17024,32.166,MAC Field Scanner Field Plot 355 Season 2,FALSE,Maricopa,6000000326,6000002951
height,17025,31.505,MAC Field Scanner Field Plot 355 Season 2,FALSE,Maricopa,6000000326,6000002951
height,17026,31.505,MAC Field Scanner Field Plot 355 Season 2,FALSE,Maricopa,6000000326,6000002951
height,17028,31.505,MAC Field Scanner Field Plot 355 Season 2,FALSE,Maricopa,6000000326,6000002951
height,17029,31.505,MAC Field Scanner Field Plot 355 Season 2,FALSE,Maricopa,6000000326,6000002951
height,17030,31.505,MAC Field Scanner Field Plot 355 Season 2,FALSE,Maricopa,6000000326,6000002951
height,17031,31.505,MAC Field Scanner Field Plot 355 Season 2,FALSE,Maricopa,6000000326,6000002951
height,17038,33.488,MAC Field Scanner Field Plot 355 Season 2,FALSE,Maricopa,6000000326,6000002951
height,17040,33.488,MAC Field Scanner Field Plot 355 Season 2,FALSE,Maricopa,6000000326,6000002951
height,17043,33.488,MAC Field Scanner Field Plot 355 Season 2,FALSE,Maricopa,6000000326,6000002951
height,17047,34.149,MAC Field Scanner Field Plot 355 Season 2,FALSE,Maricopa,6000000326,6000002951
height,17049,34.149,MAC Field Scanner Field Plot 355 Season 2,FALSE,Maricopa,6000000326,6000002951
height,17050,34.149,MAC Field Scanner Field Plot 355 Season 2,FALSE,Maricopa,6000000326,6000002951
height,17051,50.674,MAC Field Scanner Field Plot 355 Season 2,FALSE,Maricopa,6000000326,6000002951
height,17052,51.996,MAC Field Scanner Field Plot 355 Season 2,FALSE,Maricopa,6000000326,6000002951
height,17053,53.318,MAC Field Scanner Field Plot 355 Season 2,FALSE,Maricopa,6000000326,6000002951
height,17054,55.301,MAC Field Scanner Field Plot 355 Season 2,FALSE,Maricopa,6000000326,6000002951
height,17055,57.284,MAC Field Scanner Field Plot 355 Season 2,FALSE,Maricopa,6000000326,6000002951
height,17056,59.267,MAC Field Scanner Field Plot 355 Season 2,FALSE,Maricopa,6000000326,6000002951
height,17058,61.25,MAC Field Scanner Field Plot 355 Season 2,FALSE,Maricopa,6000000326,6000002951
height,17061,63.894,MAC Field Scanner Field Plot 355 Season 2,FALSE,Maricopa,6000000326,6000002951
height,17064,65.216,MAC Field Scanner Field Plot 355 Season 2,FALSE,Maricopa,6000000326,6000002951
height,17067,67.199,MAC Field Scanner Field Plot 355 Season 2,FALSE,Maricopa,6000000326,6000002951
height,17069,67.86,MAC Field Scanner Field Plot 355 Season 2,FALSE,Maricopa,6000000326,6000002951
height,17070,68.521,MAC Field Scanner Field Plot 355 Season 2,FALSE,Maricopa,6000000326,6000002951
height,17071,69.843,MAC Field Scanner Field Plot 355 Season 2,FALSE,Maricopa,6000000326,6000002951
height,17022,31.505,MAC Field Scanner Field Plot 435 Season 2,FALSE,Maricopa,6000000326,6000003031
height,17024,31.505,MAC Field Scanner Field Plot 435 Season 2,FALSE,Maricopa,6000000326,6000003031
height,17026,31.505,MAC Field Scanner Field Plot 435 Season 2,FALSE,Maricopa,6000000326,6000003031
height,17028,31.505,MAC Field Scanner Field Plot 435 Season 2,FALSE,Maricopa,6000000326,6000003031
height,17029,31.505,MAC Field Scanner Field Plot 435 Season 2,FALSE,Maricopa,6000000326,6000003031
height,17030,31.505,MAC Field Scanner Field Plot 435 Season 2,FALSE,Maricopa,6000000326,6000003031
height,17036,31.505,MAC Field Scanner Field Plot 435 Season 2,FALSE,Maricopa,6000000326,6000003031
height,17038,32.827,MAC Field Scanner Field Plot 435 Season 2,FALSE,Maricopa,6000000326,6000003031
height,17040,32.827,MAC Field Scanner Field Plot 435 Season 2,FALSE,Maricopa,6000000326,6000003031
height,17042,32.827,MAC Field Scanner Field Plot 435 Season 2,FALSE,Maricopa,6000000326,6000003031
height,17046,33.488,MAC Field Scanner Field Plot 435 Season 2,FALSE,Maricopa,6000000326,6000003031
height,17049,33.488,MAC Field Scanner Field Plot 435 Season 2,FALSE,Maricopa,6000000326,6000003031
height,17051,48.691,MAC Field Scanner Field Plot 435 Season 2,FALSE,Maricopa,6000000326,6000003031
height,17053,51.335,MAC Field Scanner Field Plot 435 Season 2,FALSE,Maricopa,6000000326,6000003031
height,17054,53.318,MAC Field Scanner Field Plot 435 Season 2,FALSE,Maricopa,6000000326,6000003031
height,17055,55.301,MAC Field Scanner Field Plot 435 Season 2,FALSE,Maricopa,6000000326,6000003031
height,17056,57.284,MAC Field Scanner Field Plot 435 Season 2,FALSE,Maricopa,6000000326,6000003031
height,17058,58.606,MAC Field Scanner Field Plot 435 Season 2,FALSE,Maricopa,6000000326,6000003031
height,17061,61.911,MAC Field Scanner Field Plot 435 Season 2,FALSE,Maricopa,6000000326,6000003031
height,17064,63.233,MAC Field Scanner Field Plot 435 Season 2,FALSE,Maricopa,6000000326,6000003031
height,17067,65.216,MAC Field Scanner Field Plot 435 Season 2,FALSE,Maricopa,6000000326,6000003031
height,17069,66.538,MAC Field Scanner Field Plot 435 Season 2,FALSE,Maricopa,6000000326,6000003031
height,17070,66.538,MAC Field Scanner Field Plot 435 Season 2,FALSE,Maricopa,6000000326,6000003031
height,17071,67.86,MAC Field Scanner Field Plot 435 Season 2,FALSE,Maricopa,6000000326,6000003031
height,17022,32.827,MAC Field Scanner Field Plot 434 Season 2,FALSE,Maricopa,6000000326,6000003030
height,17024,32.166,MAC Field Scanner Field Plot 434 Season 2,FALSE,Maricopa,6000000326,6000003030
height,17026,32.166,MAC Field Scanner Field Plot 434 Season 2,FALSE,Maricopa,6000000326,6000003030
height,17028,32.166,MAC Field Scanner Field Plot 434 Season 2,FALSE,Maricopa,6000000326,6000003030
height,17029,32.166,MAC Field Scanner Field Plot 434 Season 2,FALSE,Maricopa,6000000326,6000003030
height,17030,32.166,MAC Field Scanner Field Plot 434 Season 2,FALSE,Maricopa,6000000326,6000003030
height,17036,32.166,MAC Field Scanner Field Plot 434 Season 2,FALSE,Maricopa,6000000326,6000003030
height,17038,33.488,MAC Field Scanner Field Plot 434 Season 2,FALSE,Maricopa,6000000326,6000003030
height,17040,33.488,MAC Field Scanner Field Plot 434 Season 2,FALSE,Maricopa,6000000326,6000003030
height,17042,33.488,MAC Field Scanner Field Plot 434 Season 2,FALSE,Maricopa,6000000326,6000003030
height,17046,34.149,MAC Field Scanner Field Plot 434 Season 2,FALSE,Maricopa,6000000326,6000003030
height,17049,34.149,MAC Field Scanner Field Plot 434 Season 2,FALSE,Maricopa,6000000326,6000003030
height,17051,48.691,MAC Field Scanner Field Plot 434 Season 2,FALSE,Maricopa,6000000326,6000003030
height,17053,53.979,MAC Field Scanner Field Plot 434 Season 2,FALSE,Maricopa,6000000326,6000003030
height,17054,56.623,MAC Field Scanner Field Plot 434 Season 2,FALSE,Maricopa,6000000326,6000003030
height,17055,59.267,MAC Field Scanner Field Plot 434 Season 2,FALSE,Maricopa,6000000326,6000003030
height,17056,61.25,MAC Field Scanner Field Plot 434 Season 2,FALSE,Maricopa,6000000326,6000003030
height,17058,62.572,MAC Field Scanner Field Plot 434 Season 2,FALSE,Maricopa,6000000326,6000003030
height,17061,65.877,MAC Field Scanner Field Plot 434 Season 2,FALSE,Maricopa,6000000326,6000003030
height,17064,68.521,MAC Field Scanner Field Plot 434 Season 2,FALSE,Maricopa,6000000326,6000003030
height,17067,69.843,MAC Field Scanner Field Plot 434 Season 2,FALSE,Maricopa,6000000326,6000003030
height,17069,71.826,MAC Field Scanner Field Plot 434 Season 2,FALSE,Maricopa,6000000326,6000003030
height,17070,72.487,MAC Field Scanner Field Plot 434 Season 2,FALSE,Maricopa,6000000326,6000003030
height,17071,75.131,MAC Field Scanner Field Plot 434 Season 2,FALSE,Maricopa,6000000326,6000003030
height,17022,31.505,MAC Field Scanner Field Plot 183 Season 2,FALSE,Maricopa,6000000327,6000002779
height,17025,31.505,MAC Field Scanner Field Plot 183 Season 2,FALSE,Maricopa,6000000327,6000002779
height,17037,31.505,MAC Field Scanner Field Plot 183 Season 2,FALSE,Maricopa,6000000327,6000002779
height,17039,32.827,MAC Field Scanner Field Plot 183 Season 2,FALSE,Maricopa,6000000327,6000002779
height,17040,33.488,MAC Field Scanner Field Plot 183 Season 2,FALSE,Maricopa,6000000327,6000002779
height,17043,33.488,MAC Field Scanner Field Plot 183 Season 2,FALSE,Maricopa,6000000327,6000002779
height,17047,33.488,MAC Field Scanner Field Plot 183 Season 2,FALSE,Maricopa,6000000327,6000002779
height,17049,33.488,MAC Field Scanner Field Plot 183 Season 2,FALSE,Maricopa,6000000327,6000002779
height,17050,33.488,MAC Field Scanner Field Plot 183 Season 2,FALSE,Maricopa,6000000327,6000002779
height,17051,56.623,MAC Field Scanner Field Plot 183 Season 2,FALSE,Maricopa,6000000327,6000002779
height,17052,58.606,MAC Field Scanner Field Plot 183 Season 2,FALSE,Maricopa,6000000327,6000002779
height,17053,61.25,MAC Field Scanner Field Plot 183 Season 2,FALSE,Maricopa,6000000327,6000002779
height,17057,68.521,MAC Field Scanner Field Plot 183 Season 2,FALSE,Maricopa,6000000327,6000002779
height,17061,73.148,MAC Field Scanner Field Plot 183 Season 2,FALSE,Maricopa,6000000327,6000002779
height,17064,75.792,MAC Field Scanner Field Plot 183 Season 2,FALSE,Maricopa,6000000327,6000002779
height,17069,79.758,MAC Field Scanner Field Plot 183 Season 2,FALSE,Maricopa,6000000327,6000002779
height,17070,80.419,MAC Field Scanner Field Plot 183 Season 2,FALSE,Maricopa,6000000327,6000002779
height,17071,81.08,MAC Field Scanner Field Plot 183 Season 2,FALSE,Maricopa,6000000327,6000002779
height,17022,31.505,MAC Field Scanner Field Plot 182 Season 2,FALSE,Maricopa,6000000327,6000002778
height,17025,31.505,MAC Field Scanner Field Plot 182 Season 2,FALSE,Maricopa,6000000327,6000002778
height,17028,31.505,MAC Field Scanner Field Plot 182 Season 2,FALSE,Maricopa,6000000327,6000002778
height,17029,31.505,MAC Field Scanner Field Plot 182 Season 2,FALSE,Maricopa,6000000327,6000002778
height,17037,31.505,MAC Field Scanner Field Plot 182 Season 2,FALSE,Maricopa,6000000327,6000002778
height,17039,33.488,MAC Field Scanner Field Plot 182 Season 2,FALSE,Maricopa,6000000327,6000002778
height,17040,33.488,MAC Field Scanner Field Plot 182 Season 2,FALSE,Maricopa,6000000327,6000002778
height,17043,33.488,MAC Field Scanner Field Plot 182 Season 2,FALSE,Maricopa,6000000327,6000002778
height,17047,34.149,MAC Field Scanner Field Plot 182 Season 2,FALSE,Maricopa,6000000327,6000002778
height,17049,34.81,MAC Field Scanner Field Plot 182 Season 2,FALSE,Maricopa,6000000327,6000002778
height,17050,34.149,MAC Field Scanner Field Plot 182 Season 2,FALSE,Maricopa,6000000327,6000002778
height,17051,57.284,MAC Field Scanner Field Plot 182 Season 2,FALSE,Maricopa,6000000327,6000002778
height,17052,59.267,MAC Field Scanner Field Plot 182 Season 2,FALSE,Maricopa,6000000327,6000002778
height,17053,61.911,MAC Field Scanner Field Plot 182 Season 2,FALSE,Maricopa,6000000327,6000002778
height,17057,69.843,MAC Field Scanner Field Plot 182 Season 2,FALSE,Maricopa,6000000327,6000002778
height,17058,71.165,MAC Field Scanner Field Plot 182 Season 2,FALSE,Maricopa,6000000327,6000002778
height,17061,73.809,MAC Field Scanner Field Plot 182 Season 2,FALSE,Maricopa,6000000327,6000002778
height,17064,75.792,MAC Field Scanner Field Plot 182 Season 2,FALSE,Maricopa,6000000327,6000002778
height,17069,79.097,MAC Field Scanner Field Plot 182 Season 2,FALSE,Maricopa,6000000327,6000002778
height,17070,79.758,MAC Field Scanner Field Plot 182 Season 2,FALSE,Maricopa,6000000327,6000002778
height,17071,79.758,MAC Field Scanner Field Plot 182 Season 2,FALSE,Maricopa,6000000327,6000002778
height,17022,31.505,MAC Field Scanner Field Plot 460 Season 2,FALSE,Maricopa,6000000327,6000003056
height,17024,31.505,MAC Field Scanner Field Plot 460 Season 2,FALSE,Maricopa,6000000327,6000003056
height,17026,32.166,MAC Field Scanner Field Plot 460 Season 2,FALSE,Maricopa,6000000327,6000003056
height,17028,31.505,MAC Field Scanner Field Plot 460 Season 2,FALSE,Maricopa,6000000327,6000003056
height,17029,31.505,MAC Field Scanner Field Plot 460 Season 2,FALSE,Maricopa,6000000327,6000003056
height,17030,31.505,MAC Field Scanner Field Plot 460 Season 2,FALSE,Maricopa,6000000327,6000003056
height,17036,31.505,MAC Field Scanner Field Plot 460 Season 2,FALSE,Maricopa,6000000327,6000003056
height,17038,32.827,MAC Field Scanner Field Plot 460 Season 2,FALSE,Maricopa,6000000327,6000003056
height,17040,32.827,MAC Field Scanner Field Plot 460 Season 2,FALSE,Maricopa,6000000327,6000003056
height,17042,32.166,MAC Field Scanner Field Plot 460 Season 2,FALSE,Maricopa,6000000327,6000003056
height,17046,32.827,MAC Field Scanner Field Plot 460 Season 2,FALSE,Maricopa,6000000327,6000003056
height,17049,32.827,MAC Field Scanner Field Plot 460 Season 2,FALSE,Maricopa,6000000327,6000003056
height,17051,56.623,MAC Field Scanner Field Plot 460 Season 2,FALSE,Maricopa,6000000327,6000003056
height,17053,59.928,MAC Field Scanner Field Plot 460 Season 2,FALSE,Maricopa,6000000327,6000003056
height,17054,62.572,MAC Field Scanner Field Plot 460 Season 2,FALSE,Maricopa,6000000327,6000003056
height,17055,65.216,MAC Field Scanner Field Plot 460 Season 2,FALSE,Maricopa,6000000327,6000003056
height,17056,66.538,MAC Field Scanner Field Plot 460 Season 2,FALSE,Maricopa,6000000327,6000003056
height,17058,67.86,MAC Field Scanner Field Plot 460 Season 2,FALSE,Maricopa,6000000327,6000003056
height,17061,72.487,MAC Field Scanner Field Plot 460 Season 2,FALSE,Maricopa,6000000327,6000003056
height,17064,75.792,MAC Field Scanner Field Plot 460 Season 2,FALSE,Maricopa,6000000327,6000003056
height,17067,77.775,MAC Field Scanner Field Plot 460 Season 2,FALSE,Maricopa,6000000327,6000003056
height,17069,77.775,MAC Field Scanner Field Plot 460 Season 2,FALSE,Maricopa,6000000327,6000003056
height,17070,79.097,MAC Field Scanner Field Plot 460 Season 2,FALSE,Maricopa,6000000327,6000003056
height,17071,79.097,MAC Field Scanner Field Plot 460 Season 2,FALSE,Maricopa,6000000327,6000003056
height,17022,31.505,MAC Field Scanner Field Plot 461 Season 2,FALSE,Maricopa,6000000327,6000003057
height,17024,31.505,MAC Field Scanner Field Plot 461 Season 2,FALSE,Maricopa,6000000327,6000003057
height,17026,31.505,MAC Field Scanner Field Plot 461 Season 2,FALSE,Maricopa,6000000327,6000003057
height,17028,31.505,MAC Field Scanner Field Plot 461 Season 2,FALSE,Maricopa,6000000327,6000003057
height,17029,31.505,MAC Field Scanner Field Plot 461 Season 2,FALSE,Maricopa,6000000327,6000003057
height,17030,31.505,MAC Field Scanner Field Plot 461 Season 2,FALSE,Maricopa,6000000327,6000003057
height,17036,31.505,MAC Field Scanner Field Plot 461 Season 2,FALSE,Maricopa,6000000327,6000003057
height,17038,33.488,MAC Field Scanner Field Plot 461 Season 2,FALSE,Maricopa,6000000327,6000003057
height,17040,33.488,MAC Field Scanner Field Plot 461 Season 2,FALSE,Maricopa,6000000327,6000003057
height,17042,33.488,MAC Field Scanner Field Plot 461 Season 2,FALSE,Maricopa,6000000327,6000003057
height,17046,33.488,MAC Field Scanner Field Plot 461 Season 2,FALSE,Maricopa,6000000327,6000003057
height,17049,33.488,MAC Field Scanner Field Plot 461 Season 2,FALSE,Maricopa,6000000327,6000003057
height,17051,56.623,MAC Field Scanner Field Plot 461 Season 2,FALSE,Maricopa,6000000327,6000003057
height,17053,59.267,MAC Field Scanner Field Plot 461 Season 2,FALSE,Maricopa,6000000327,6000003057
height,17054,61.911,MAC Field Scanner Field Plot 461 Season 2,FALSE,Maricopa,6000000327,6000003057
height,17055,64.555,MAC Field Scanner Field Plot 461 Season 2,FALSE,Maricopa,6000000327,6000003057
height,17056,67.86,MAC Field Scanner Field Plot 461 Season 2,FALSE,Maricopa,6000000327,6000003057
height,17058,69.182,MAC Field Scanner Field Plot 461 Season 2,FALSE,Maricopa,6000000327,6000003057
height,17061,73.809,MAC Field Scanner Field Plot 461 Season 2,FALSE,Maricopa,6000000327,6000003057
height,17064,76.453,MAC Field Scanner Field Plot 461 Season 2,FALSE,Maricopa,6000000327,6000003057
height,17067,77.114,MAC Field Scanner Field Plot 461 Season 2,FALSE,Maricopa,6000000327,6000003057
height,17069,78.436,MAC Field Scanner Field Plot 461 Season 2,FALSE,Maricopa,6000000327,6000003057
height,17070,78.436,MAC Field Scanner Field Plot 461 Season 2,FALSE,Maricopa,6000000327,6000003057
height,17071,79.097,MAC Field Scanner Field Plot 461 Season 2,FALSE,Maricopa,6000000327,6000003057
height,17022,30.844,MAC Field Scanner Field Plot 168 Season 2,FALSE,Maricopa,6000000411,6000002764
height,17025,30.844,MAC Field Scanner Field Plot 168 Season 2,FALSE,Maricopa,6000000411,6000002764
height,17026,30.844,MAC Field Scanner Field Plot 168 Season 2,FALSE,Maricopa,6000000411,6000002764
height,17027,30.844,MAC Field Scanner Field Plot 168 Season 2,FALSE,Maricopa,6000000411,6000002764
height,17028,30.844,MAC Field Scanner Field Plot 168 Season 2,FALSE,Maricopa,6000000411,6000002764
height,17029,30.844,MAC Field Scanner Field Plot 168 Season 2,FALSE,Maricopa,6000000411,6000002764
height,17030,30.844,MAC Field Scanner Field Plot 168 Season 2,FALSE,Maricopa,6000000411,6000002764
height,17031,30.844,MAC Field Scanner Field Plot 168 Season 2,FALSE,Maricopa,6000000411,6000002764
height,17037,30.844,MAC Field Scanner Field Plot 168 Season 2,FALSE,Maricopa,6000000411,6000002764
height,17039,33.488,MAC Field Scanner Field Plot 168 Season 2,FALSE,Maricopa,6000000411,6000002764
height,17040,33.488,MAC Field Scanner Field Plot 168 Season 2,FALSE,Maricopa,6000000411,6000002764
height,17043,33.488,MAC Field Scanner Field Plot 168 Season 2,FALSE,Maricopa,6000000411,6000002764
height,17047,34.149,MAC Field Scanner Field Plot 168 Season 2,FALSE,Maricopa,6000000411,6000002764
height,17049,34.149,MAC Field Scanner Field Plot 168 Season 2,FALSE,Maricopa,6000000411,6000002764
height,17050,34.149,MAC Field Scanner Field Plot 168 Season 2,FALSE,Maricopa,6000000411,6000002764
height,17051,44.725,MAC Field Scanner Field Plot 168 Season 2,FALSE,Maricopa,6000000411,6000002764
height,17052,47.369,MAC Field Scanner Field Plot 168 Season 2,FALSE,Maricopa,6000000411,6000002764
height,17053,50.674,MAC Field Scanner Field Plot 168 Season 2,FALSE,Maricopa,6000000411,6000002764
height,17054,53.979,MAC Field Scanner Field Plot 168 Season 2,FALSE,Maricopa,6000000411,6000002764
height,17056,57.945,MAC Field Scanner Field Plot 168 Season 2,FALSE,Maricopa,6000000411,6000002764
height,17057,61.911,MAC Field Scanner Field Plot 168 Season 2,FALSE,Maricopa,6000000411,6000002764
height,17058,63.894,MAC Field Scanner Field Plot 168 Season 2,FALSE,Maricopa,6000000411,6000002764
height,17061,68.521,MAC Field Scanner Field Plot 168 Season 2,FALSE,Maricopa,6000000411,6000002764
height,17064,71.165,MAC Field Scanner Field Plot 168 Season 2,FALSE,Maricopa,6000000411,6000002764
height,17067,72.487,MAC Field Scanner Field Plot 168 Season 2,FALSE,Maricopa,6000000411,6000002764
height,17069,73.809,MAC Field Scanner Field Plot 168 Season 2,FALSE,Maricopa,6000000411,6000002764
height,17070,74.47,MAC Field Scanner Field Plot 168 Season 2,FALSE,Maricopa,6000000411,6000002764
height,17071,75.131,MAC Field Scanner Field Plot 168 Season 2,FALSE,Maricopa,6000000411,6000002764
height,17022,30.844,MAC Field Scanner Field Plot 169 Season 2,FALSE,Maricopa,6000000411,6000002765
height,17025,31.505,MAC Field Scanner Field Plot 169 Season 2,FALSE,Maricopa,6000000411,6000002765
height,17026,30.844,MAC Field Scanner Field Plot 169 Season 2,FALSE,Maricopa,6000000411,6000002765
height,17027,30.844,MAC Field Scanner Field Plot 169 Season 2,FALSE,Maricopa,6000000411,6000002765
height,17028,31.505,MAC Field Scanner Field Plot 169 Season 2,FALSE,Maricopa,6000000411,6000002765
height,17029,31.505,MAC Field Scanner Field Plot 169 Season 2,FALSE,Maricopa,6000000411,6000002765
height,17030,30.844,MAC Field Scanner Field Plot 169 Season 2,FALSE,Maricopa,6000000411,6000002765
height,17031,31.505,MAC Field Scanner Field Plot 169 Season 2,FALSE,Maricopa,6000000411,6000002765
height,17037,30.844,MAC Field Scanner Field Plot 169 Season 2,FALSE,Maricopa,6000000411,6000002765
height,17039,33.488,MAC Field Scanner Field Plot 169 Season 2,FALSE,Maricopa,6000000411,6000002765
height,17040,33.488,MAC Field Scanner Field Plot 169 Season 2,FALSE,Maricopa,6000000411,6000002765
height,17043,33.488,MAC Field Scanner Field Plot 169 Season 2,FALSE,Maricopa,6000000411,6000002765
height,17047,34.149,MAC Field Scanner Field Plot 169 Season 2,FALSE,Maricopa,6000000411,6000002765
height,17049,34.149,MAC Field Scanner Field Plot 169 Season 2,FALSE,Maricopa,6000000411,6000002765
height,17050,34.149,MAC Field Scanner Field Plot 169 Season 2,FALSE,Maricopa,6000000411,6000002765
height,17051,48.691,MAC Field Scanner Field Plot 169 Season 2,FALSE,Maricopa,6000000411,6000002765
height,17052,49.352,MAC Field Scanner Field Plot 169 Season 2,FALSE,Maricopa,6000000411,6000002765
height,17053,52.657,MAC Field Scanner Field Plot 169 Season 2,FALSE,Maricopa,6000000411,6000002765
height,17054,55.962,MAC Field Scanner Field Plot 169 Season 2,FALSE,Maricopa,6000000411,6000002765
height,17056,58.606,MAC Field Scanner Field Plot 169 Season 2,FALSE,Maricopa,6000000411,6000002765
height,17057,61.911,MAC Field Scanner Field Plot 169 Season 2,FALSE,Maricopa,6000000411,6000002765
height,17058,63.894,MAC Field Scanner Field Plot 169 Season 2,FALSE,Maricopa,6000000411,6000002765
height,17061,68.521,MAC Field Scanner Field Plot 169 Season 2,FALSE,Maricopa,6000000411,6000002765
height,17064,71.826,MAC Field Scanner Field Plot 169 Season 2,FALSE,Maricopa,6000000411,6000002765
height,17067,73.809,MAC Field Scanner Field Plot 169 Season 2,FALSE,Maricopa,6000000411,6000002765
height,17069,75.131,MAC Field Scanner Field Plot 169 Season 2,FALSE,Maricopa,6000000411,6000002765
height,17070,75.792,MAC Field Scanner Field Plot 169 Season 2,FALSE,Maricopa,6000000411,6000002765
height,17071,75.792,MAC Field Scanner Field Plot 169 Season 2,FALSE,Maricopa,6000000411,6000002765
height,17022,32.166,MAC Field Scanner Field Plot 450 Season 2,FALSE,Maricopa,6000000411,6000003046
height,17024,31.505,MAC Field Scanner Field Plot 450 Season 2,FALSE,Maricopa,6000000411,6000003046
height,17026,32.166,MAC Field Scanner Field Plot 450 Season 2,FALSE,Maricopa,6000000411,6000003046
height,17028,31.505,MAC Field Scanner Field Plot 450 Season 2,FALSE,Maricopa,6000000411,6000003046
height,17029,31.505,MAC Field Scanner Field Plot 450 Season 2,FALSE,Maricopa,6000000411,6000003046
height,17030,32.166,MAC Field Scanner Field Plot 450 Season 2,FALSE,Maricopa,6000000411,6000003046
height,17036,31.505,MAC Field Scanner Field Plot 450 Season 2,FALSE,Maricopa,6000000411,6000003046
height,17038,34.81,MAC Field Scanner Field Plot 450 Season 2,FALSE,Maricopa,6000000411,6000003046
height,17040,34.81,MAC Field Scanner Field Plot 450 Season 2,FALSE,Maricopa,6000000411,6000003046
height,17042,34.149,MAC Field Scanner Field Plot 450 Season 2,FALSE,Maricopa,6000000411,6000003046
height,17046,35.471,MAC Field Scanner Field Plot 450 Season 2,FALSE,Maricopa,6000000411,6000003046
height,17049,35.471,MAC Field Scanner Field Plot 450 Season 2,FALSE,Maricopa,6000000411,6000003046
height,17051,52.657,MAC Field Scanner Field Plot 450 Season 2,FALSE,Maricopa,6000000411,6000003046
height,17053,56.623,MAC Field Scanner Field Plot 450 Season 2,FALSE,Maricopa,6000000411,6000003046
height,17054,59.928,MAC Field Scanner Field Plot 450 Season 2,FALSE,Maricopa,6000000411,6000003046
height,17055,63.894,MAC Field Scanner Field Plot 450 Season 2,FALSE,Maricopa,6000000411,6000003046
height,17056,65.877,MAC Field Scanner Field Plot 450 Season 2,FALSE,Maricopa,6000000411,6000003046
height,17058,67.199,MAC Field Scanner Field Plot 450 Season 2,FALSE,Maricopa,6000000411,6000003046
height,17061,72.487,MAC Field Scanner Field Plot 450 Season 2,FALSE,Maricopa,6000000411,6000003046
height,17064,78.436,MAC Field Scanner Field Plot 450 Season 2,FALSE,Maricopa,6000000411,6000003046
height,17067,85.707,MAC Field Scanner Field Plot 450 Season 2,FALSE,Maricopa,6000000411,6000003046
height,17069,89.012,MAC Field Scanner Field Plot 450 Season 2,FALSE,Maricopa,6000000411,6000003046
height,17070,88.351,MAC Field Scanner Field Plot 450 Season 2,FALSE,Maricopa,6000000411,6000003046
height,17071,77.114,MAC Field Scanner Field Plot 450 Season 2,FALSE,Maricopa,6000000411,6000003046
height,17022,32.166,MAC Field Scanner Field Plot 451 Season 2,FALSE,Maricopa,6000000411,6000003047
height,17024,32.166,MAC Field Scanner Field Plot 451 Season 2,FALSE,Maricopa,6000000411,6000003047
height,17026,32.166,MAC Field Scanner Field Plot 451 Season 2,FALSE,Maricopa,6000000411,6000003047
height,17028,32.166,MAC Field Scanner Field Plot 451 Season 2,FALSE,Maricopa,6000000411,6000003047
height,17029,32.166,MAC Field Scanner Field Plot 451 Season 2,FALSE,Maricopa,6000000411,6000003047
height,17030,32.166,MAC Field Scanner Field Plot 451 Season 2,FALSE,Maricopa,6000000411,6000003047
height,17036,31.505,MAC Field Scanner Field Plot 451 Season 2,FALSE,Maricopa,6000000411,6000003047
height,17038,34.149,MAC Field Scanner Field Plot 451 Season 2,FALSE,Maricopa,6000000411,6000003047
height,17040,34.149,MAC Field Scanner Field Plot 451 Season 2,FALSE,Maricopa,6000000411,6000003047
height,17042,34.149,MAC Field Scanner Field Plot 451 Season 2,FALSE,Maricopa,6000000411,6000003047
height,17046,34.81,MAC Field Scanner Field Plot 451 Season 2,FALSE,Maricopa,6000000411,6000003047
height,17049,35.471,MAC Field Scanner Field Plot 451 Season 2,FALSE,Maricopa,6000000411,6000003047
height,17051,50.674,MAC Field Scanner Field Plot 451 Season 2,FALSE,Maricopa,6000000411,6000003047
height,17053,54.64,MAC Field Scanner Field Plot 451 Season 2,FALSE,Maricopa,6000000411,6000003047
height,17054,57.284,MAC Field Scanner Field Plot 451 Season 2,FALSE,Maricopa,6000000411,6000003047
height,17055,61.25,MAC Field Scanner Field Plot 451 Season 2,FALSE,Maricopa,6000000411,6000003047
height,17056,63.894,MAC Field Scanner Field Plot 451 Season 2,FALSE,Maricopa,6000000411,6000003047
height,17058,65.216,MAC Field Scanner Field Plot 451 Season 2,FALSE,Maricopa,6000000411,6000003047
height,17061,71.165,MAC Field Scanner Field Plot 451 Season 2,FALSE,Maricopa,6000000411,6000003047
height,17064,73.809,MAC Field Scanner Field Plot 451 Season 2,FALSE,Maricopa,6000000411,6000003047
height,17067,75.792,MAC Field Scanner Field Plot 451 Season 2,FALSE,Maricopa,6000000411,6000003047
height,17069,77.114,MAC Field Scanner Field Plot 451 Season 2,FALSE,Maricopa,6000000411,6000003047
height,17070,78.436,MAC Field Scanner Field Plot 451 Season 2,FALSE,Maricopa,6000000411,6000003047
height,17071,78.436,MAC Field Scanner Field Plot 451 Season 2,FALSE,Maricopa,6000000411,6000003047
height,17022,32.166,MAC Field Scanner Field Plot 125 Season 2,FALSE,Maricopa,6000000328,6000002721
height,17025,32.166,MAC Field Scanner Field Plot 125 Season 2,FALSE,Maricopa,6000000328,6000002721
height,17026,32.166,MAC Field Scanner Field Plot 125 Season 2,FALSE,Maricopa,6000000328,6000002721
height,17027,32.166,MAC Field Scanner Field Plot 125 Season 2,FALSE,Maricopa,6000000328,6000002721
height,17028,32.166,MAC Field Scanner Field Plot 125 Season 2,FALSE,Maricopa,6000000328,6000002721
height,17029,32.166,MAC Field Scanner Field Plot 125 Season 2,FALSE,Maricopa,6000000328,6000002721
height,17030,32.166,MAC Field Scanner Field Plot 125 Season 2,FALSE,Maricopa,6000000328,6000002721
height,17031,32.827,MAC Field Scanner Field Plot 125 Season 2,FALSE,Maricopa,6000000328,6000002721
height,17037,32.166,MAC Field Scanner Field Plot 125 Season 2,FALSE,Maricopa,6000000328,6000002721
height,17039,32.827,MAC Field Scanner Field Plot 125 Season 2,FALSE,Maricopa,6000000328,6000002721
height,17040,32.827,MAC Field Scanner Field Plot 125 Season 2,FALSE,Maricopa,6000000328,6000002721
height,17043,32.827,MAC Field Scanner Field Plot 125 Season 2,FALSE,Maricopa,6000000328,6000002721
height,17047,32.827,MAC Field Scanner Field Plot 125 Season 2,FALSE,Maricopa,6000000328,6000002721
height,17049,32.827,MAC Field Scanner Field Plot 125 Season 2,FALSE,Maricopa,6000000328,6000002721
height,17050,32.827,MAC Field Scanner Field Plot 125 Season 2,FALSE,Maricopa,6000000328,6000002721
height,17051,50.674,MAC Field Scanner Field Plot 125 Season 2,FALSE,Maricopa,6000000328,6000002721
height,17052,52.657,MAC Field Scanner Field Plot 125 Season 2,FALSE,Maricopa,6000000328,6000002721
height,17053,55.962,MAC Field Scanner Field Plot 125 Season 2,FALSE,Maricopa,6000000328,6000002721
height,17054,58.606,MAC Field Scanner Field Plot 125 Season 2,FALSE,Maricopa,6000000328,6000002721
height,17056,63.233,MAC Field Scanner Field Plot 125 Season 2,FALSE,Maricopa,6000000328,6000002721
height,17057,65.877,MAC Field Scanner Field Plot 125 Season 2,FALSE,Maricopa,6000000328,6000002721
height,17058,67.86,MAC Field Scanner Field Plot 125 Season 2,FALSE,Maricopa,6000000328,6000002721
height,17061,73.809,MAC Field Scanner Field Plot 125 Season 2,FALSE,Maricopa,6000000328,6000002721
height,17064,76.453,MAC Field Scanner Field Plot 125 Season 2,FALSE,Maricopa,6000000328,6000002721
height,17067,78.436,MAC Field Scanner Field Plot 125 Season 2,FALSE,Maricopa,6000000328,6000002721
height,17069,79.758,MAC Field Scanner Field Plot 125 Season 2,FALSE,Maricopa,6000000328,6000002721
height,17070,80.419,MAC Field Scanner Field Plot 125 Season 2,FALSE,Maricopa,6000000328,6000002721
height,17071,82.402,MAC Field Scanner Field Plot 125 Season 2,FALSE,Maricopa,6000000328,6000002721
height,17022,32.827,MAC Field Scanner Field Plot 124 Season 2,FALSE,Maricopa,6000000328,6000002720
height,17025,32.166,MAC Field Scanner Field Plot 124 Season 2,FALSE,Maricopa,6000000328,6000002720
height,17026,32.166,MAC Field Scanner Field Plot 124 Season 2,FALSE,Maricopa,6000000328,6000002720
height,17027,32.166,MAC Field Scanner Field Plot 124 Season 2,FALSE,Maricopa,6000000328,6000002720
height,17028,32.166,MAC Field Scanner Field Plot 124 Season 2,FALSE,Maricopa,6000000328,6000002720
height,17029,32.166,MAC Field Scanner Field Plot 124 Season 2,FALSE,Maricopa,6000000328,6000002720
height,17030,32.166,MAC Field Scanner Field Plot 124 Season 2,FALSE,Maricopa,6000000328,6000002720
height,17031,32.827,MAC Field Scanner Field Plot 124 Season 2,FALSE,Maricopa,6000000328,6000002720
height,17037,32.827,MAC Field Scanner Field Plot 124 Season 2,FALSE,Maricopa,6000000328,6000002720
height,17039,32.827,MAC Field Scanner Field Plot 124 Season 2,FALSE,Maricopa,6000000328,6000002720
height,17040,32.827,MAC Field Scanner Field Plot 124 Season 2,FALSE,Maricopa,6000000328,6000002720
height,17043,32.827,MAC Field Scanner Field Plot 124 Season 2,FALSE,Maricopa,6000000328,6000002720
height,17047,33.488,MAC Field Scanner Field Plot 124 Season 2,FALSE,Maricopa,6000000328,6000002720
height,17049,33.488,MAC Field Scanner Field Plot 124 Season 2,FALSE,Maricopa,6000000328,6000002720
height,17050,33.488,MAC Field Scanner Field Plot 124 Season 2,FALSE,Maricopa,6000000328,6000002720
height,17051,53.979,MAC Field Scanner Field Plot 124 Season 2,FALSE,Maricopa,6000000328,6000002720
height,17052,55.962,MAC Field Scanner Field Plot 124 Season 2,FALSE,Maricopa,6000000328,6000002720
height,17053,57.945,MAC Field Scanner Field Plot 124 Season 2,FALSE,Maricopa,6000000328,6000002720
height,17054,60.589,MAC Field Scanner Field Plot 124 Season 2,FALSE,Maricopa,6000000328,6000002720
height,17056,64.555,MAC Field Scanner Field Plot 124 Season 2,FALSE,Maricopa,6000000328,6000002720
height,17057,69.182,MAC Field Scanner Field Plot 124 Season 2,FALSE,Maricopa,6000000328,6000002720
height,17058,70.504,MAC Field Scanner Field Plot 124 Season 2,FALSE,Maricopa,6000000328,6000002720
height,17061,74.47,MAC Field Scanner Field Plot 124 Season 2,FALSE,Maricopa,6000000328,6000002720
height,17064,76.453,MAC Field Scanner Field Plot 124 Season 2,FALSE,Maricopa,6000000328,6000002720
height,17067,77.775,MAC Field Scanner Field Plot 124 Season 2,FALSE,Maricopa,6000000328,6000002720
height,17069,79.758,MAC Field Scanner Field Plot 124 Season 2,FALSE,Maricopa,6000000328,6000002720
height,17070,81.08,MAC Field Scanner Field Plot 124 Season 2,FALSE,Maricopa,6000000328,6000002720
height,17071,83.724,MAC Field Scanner Field Plot 124 Season 2,FALSE,Maricopa,6000000328,6000002720
height,17022,32.166,MAC Field Scanner Field Plot 522 Season 2,FALSE,Maricopa,6000000328,6000003118
height,17024,31.505,MAC Field Scanner Field Plot 522 Season 2,FALSE,Maricopa,6000000328,6000003118
height,17026,32.166,MAC Field Scanner Field Plot 522 Season 2,FALSE,Maricopa,6000000328,6000003118
height,17028,31.505,MAC Field Scanner Field Plot 522 Season 2,FALSE,Maricopa,6000000328,6000003118
height,17029,31.505,MAC Field Scanner Field Plot 522 Season 2,FALSE,Maricopa,6000000328,6000003118
height,17030,31.505,MAC Field Scanner Field Plot 522 Season 2,FALSE,Maricopa,6000000328,6000003118
height,17036,31.505,MAC Field Scanner Field Plot 522 Season 2,FALSE,Maricopa,6000000328,6000003118
height,17038,33.488,MAC Field Scanner Field Plot 522 Season 2,FALSE,Maricopa,6000000328,6000003118
height,17040,33.488,MAC Field Scanner Field Plot 522 Season 2,FALSE,Maricopa,6000000328,6000003118
height,17042,32.827,MAC Field Scanner Field Plot 522 Season 2,FALSE,Maricopa,6000000328,6000003118
height,17046,33.488,MAC Field Scanner Field Plot 522 Season 2,FALSE,Maricopa,6000000328,6000003118
height,17049,32.827,MAC Field Scanner Field Plot 522 Season 2,FALSE,Maricopa,6000000328,6000003118
height,17051,56.623,MAC Field Scanner Field Plot 522 Season 2,FALSE,Maricopa,6000000328,6000003118
height,17053,59.928,MAC Field Scanner Field Plot 522 Season 2,FALSE,Maricopa,6000000328,6000003118
height,17054,62.572,MAC Field Scanner Field Plot 522 Season 2,FALSE,Maricopa,6000000328,6000003118
height,17055,65.877,MAC Field Scanner Field Plot 522 Season 2,FALSE,Maricopa,6000000328,6000003118
height,17056,69.182,MAC Field Scanner Field Plot 522 Season 2,FALSE,Maricopa,6000000328,6000003118
height,17058,69.843,MAC Field Scanner Field Plot 522 Season 2,FALSE,Maricopa,6000000328,6000003118
height,17059,73.148,MAC Field Scanner Field Plot 522 Season 2,FALSE,Maricopa,6000000328,6000003118
height,17061,75.792,MAC Field Scanner Field Plot 522 Season 2,FALSE,Maricopa,6000000328,6000003118
height,17064,77.114,MAC Field Scanner Field Plot 522 Season 2,FALSE,Maricopa,6000000328,6000003118
height,17067,79.097,MAC Field Scanner Field Plot 522 Season 2,FALSE,Maricopa,6000000328,6000003118
height,17068,81.08,MAC Field Scanner Field Plot 522 Season 2,FALSE,Maricopa,6000000328,6000003118
height,17070,81.08,MAC Field Scanner Field Plot 522 Season 2,FALSE,Maricopa,6000000328,6000003118
height,17071,83.063,MAC Field Scanner Field Plot 522 Season 2,FALSE,Maricopa,6000000328,6000003118
height,17022,31.505,MAC Field Scanner Field Plot 523 Season 2,FALSE,Maricopa,6000000328,6000003119
height,17024,32.166,MAC Field Scanner Field Plot 523 Season 2,FALSE,Maricopa,6000000328,6000003119
height,17026,31.505,MAC Field Scanner Field Plot 523 Season 2,FALSE,Maricopa,6000000328,6000003119
height,17028,30.844,MAC Field Scanner Field Plot 523 Season 2,FALSE,Maricopa,6000000328,6000003119
height,17029,30.844,MAC Field Scanner Field Plot 523 Season 2,FALSE,Maricopa,6000000328,6000003119
height,17030,31.505,MAC Field Scanner Field Plot 523 Season 2,FALSE,Maricopa,6000000328,6000003119
height,17036,31.505,MAC Field Scanner Field Plot 523 Season 2,FALSE,Maricopa,6000000328,6000003119
height,17038,33.488,MAC Field Scanner Field Plot 523 Season 2,FALSE,Maricopa,6000000328,6000003119
height,17040,33.488,MAC Field Scanner Field Plot 523 Season 2,FALSE,Maricopa,6000000328,6000003119
height,17042,33.488,MAC Field Scanner Field Plot 523 Season 2,FALSE,Maricopa,6000000328,6000003119
height,17046,34.149,MAC Field Scanner Field Plot 523 Season 2,FALSE,Maricopa,6000000328,6000003119
height,17049,34.149,MAC Field Scanner Field Plot 523 Season 2,FALSE,Maricopa,6000000328,6000003119
height,17051,56.623,MAC Field Scanner Field Plot 523 Season 2,FALSE,Maricopa,6000000328,6000003119
height,17053,58.606,MAC Field Scanner Field Plot 523 Season 2,FALSE,Maricopa,6000000328,6000003119
height,17054,61.911,MAC Field Scanner Field Plot 523 Season 2,FALSE,Maricopa,6000000328,6000003119
height,17055,65.877,MAC Field Scanner Field Plot 523 Season 2,FALSE,Maricopa,6000000328,6000003119
height,17056,69.182,MAC Field Scanner Field Plot 523 Season 2,FALSE,Maricopa,6000000328,6000003119
height,17058,69.843,MAC Field Scanner Field Plot 523 Season 2,FALSE,Maricopa,6000000328,6000003119
height,17059,73.809,MAC Field Scanner Field Plot 523 Season 2,FALSE,Maricopa,6000000328,6000003119
height,17061,75.131,MAC Field Scanner Field Plot 523 Season 2,FALSE,Maricopa,6000000328,6000003119
height,17064,77.114,MAC Field Scanner Field Plot 523 Season 2,FALSE,Maricopa,6000000328,6000003119
height,17067,79.097,MAC Field Scanner Field Plot 523 Season 2,FALSE,Maricopa,6000000328,6000003119
height,17068,80.419,MAC Field Scanner Field Plot 523 Season 2,FALSE,Maricopa,6000000328,6000003119
height,17070,82.402,MAC Field Scanner Field Plot 523 Season 2,FALSE,Maricopa,6000000328,6000003119
height,17071,84.385,MAC Field Scanner Field Plot 523 Season 2,FALSE,Maricopa,6000000328,6000003119
height,17022,32.827,MAC Field Scanner Field Plot 407 Season 2,FALSE,Maricopa,6000000329,6000003003
height,17024,32.827,MAC Field Scanner Field Plot 407 Season 2,FALSE,Maricopa,6000000329,6000003003
height,17025,32.827,MAC Field Scanner Field Plot 407 Season 2,FALSE,Maricopa,6000000329,6000003003
height,17026,32.827,MAC Field Scanner Field Plot 407 Season 2,FALSE,Maricopa,6000000329,6000003003
height,17028,32.166,MAC Field Scanner Field Plot 407 Season 2,FALSE,Maricopa,6000000329,6000003003
height,17029,32.166,MAC Field Scanner Field Plot 407 Season 2,FALSE,Maricopa,6000000329,6000003003
height,17030,32.166,MAC Field Scanner Field Plot 407 Season 2,FALSE,Maricopa,6000000329,6000003003
height,17031,32.827,MAC Field Scanner Field Plot 407 Season 2,FALSE,Maricopa,6000000329,6000003003
height,17036,32.166,MAC Field Scanner Field Plot 407 Season 2,FALSE,Maricopa,6000000329,6000003003
height,17038,32.827,MAC Field Scanner Field Plot 407 Season 2,FALSE,Maricopa,6000000329,6000003003
height,17040,32.827,MAC Field Scanner Field Plot 407 Season 2,FALSE,Maricopa,6000000329,6000003003
height,17043,33.488,MAC Field Scanner Field Plot 407 Season 2,FALSE,Maricopa,6000000329,6000003003
height,17046,33.488,MAC Field Scanner Field Plot 407 Season 2,FALSE,Maricopa,6000000329,6000003003
height,17047,33.488,MAC Field Scanner Field Plot 407 Season 2,FALSE,Maricopa,6000000329,6000003003
height,17049,33.488,MAC Field Scanner Field Plot 407 Season 2,FALSE,Maricopa,6000000329,6000003003
height,17051,53.979,MAC Field Scanner Field Plot 407 Season 2,FALSE,Maricopa,6000000329,6000003003
height,17052,55.301,MAC Field Scanner Field Plot 407 Season 2,FALSE,Maricopa,6000000329,6000003003
height,17053,58.606,MAC Field Scanner Field Plot 407 Season 2,FALSE,Maricopa,6000000329,6000003003
height,17054,60.589,MAC Field Scanner Field Plot 407 Season 2,FALSE,Maricopa,6000000329,6000003003
height,17055,63.894,MAC Field Scanner Field Plot 407 Season 2,FALSE,Maricopa,6000000329,6000003003
height,17056,67.199,MAC Field Scanner Field Plot 407 Season 2,FALSE,Maricopa,6000000329,6000003003
height,17058,67.86,MAC Field Scanner Field Plot 407 Season 2,FALSE,Maricopa,6000000329,6000003003
height,17061,72.487,MAC Field Scanner Field Plot 407 Season 2,FALSE,Maricopa,6000000329,6000003003
height,17064,76.453,MAC Field Scanner Field Plot 407 Season 2,FALSE,Maricopa,6000000329,6000003003
height,17067,79.097,MAC Field Scanner Field Plot 407 Season 2,FALSE,Maricopa,6000000329,6000003003
height,17069,79.097,MAC Field Scanner Field Plot 407 Season 2,FALSE,Maricopa,6000000329,6000003003
height,17070,80.419,MAC Field Scanner Field Plot 407 Season 2,FALSE,Maricopa,6000000329,6000003003
height,17071,80.419,MAC Field Scanner Field Plot 407 Season 2,FALSE,Maricopa,6000000329,6000003003
height,17022,31.505,MAC Field Scanner Field Plot 406 Season 2,FALSE,Maricopa,6000000329,6000003002
height,17024,31.505,MAC Field Scanner Field Plot 406 Season 2,FALSE,Maricopa,6000000329,6000003002
height,17025,31.505,MAC Field Scanner Field Plot 406 Season 2,FALSE,Maricopa,6000000329,6000003002
height,17026,31.505,MAC Field Scanner Field Plot 406 Season 2,FALSE,Maricopa,6000000329,6000003002
height,17028,30.844,MAC Field Scanner Field Plot 406 Season 2,FALSE,Maricopa,6000000329,6000003002
height,17029,30.844,MAC Field Scanner Field Plot 406 Season 2,FALSE,Maricopa,6000000329,6000003002
height,17030,30.844,MAC Field Scanner Field Plot 406 Season 2,FALSE,Maricopa,6000000329,6000003002
height,17031,31.505,MAC Field Scanner Field Plot 406 Season 2,FALSE,Maricopa,6000000329,6000003002
height,17036,30.844,MAC Field Scanner Field Plot 406 Season 2,FALSE,Maricopa,6000000329,6000003002
height,17038,32.827,MAC Field Scanner Field Plot 406 Season 2,FALSE,Maricopa,6000000329,6000003002
height,17040,32.827,MAC Field Scanner Field Plot 406 Season 2,FALSE,Maricopa,6000000329,6000003002
height,17043,32.827,MAC Field Scanner Field Plot 406 Season 2,FALSE,Maricopa,6000000329,6000003002
height,17046,32.827,MAC Field Scanner Field Plot 406 Season 2,FALSE,Maricopa,6000000329,6000003002
height,17047,34.149,MAC Field Scanner Field Plot 406 Season 2,FALSE,Maricopa,6000000329,6000003002
height,17049,33.488,MAC Field Scanner Field Plot 406 Season 2,FALSE,Maricopa,6000000329,6000003002
height,17051,54.64,MAC Field Scanner Field Plot 406 Season 2,FALSE,Maricopa,6000000329,6000003002
height,17052,56.623,MAC Field Scanner Field Plot 406 Season 2,FALSE,Maricopa,6000000329,6000003002
height,17053,57.945,MAC Field Scanner Field Plot 406 Season 2,FALSE,Maricopa,6000000329,6000003002
height,17054,60.589,MAC Field Scanner Field Plot 406 Season 2,FALSE,Maricopa,6000000329,6000003002
height,17055,63.233,MAC Field Scanner Field Plot 406 Season 2,FALSE,Maricopa,6000000329,6000003002
height,17056,66.538,MAC Field Scanner Field Plot 406 Season 2,FALSE,Maricopa,6000000329,6000003002
height,17058,68.521,MAC Field Scanner Field Plot 406 Season 2,FALSE,Maricopa,6000000329,6000003002
height,17061,73.148,MAC Field Scanner Field Plot 406 Season 2,FALSE,Maricopa,6000000329,6000003002
height,17064,75.131,MAC Field Scanner Field Plot 406 Season 2,FALSE,Maricopa,6000000329,6000003002
height,17067,78.436,MAC Field Scanner Field Plot 406 Season 2,FALSE,Maricopa,6000000329,6000003002
height,17069,79.097,MAC Field Scanner Field Plot 406 Season 2,FALSE,Maricopa,6000000329,6000003002
height,17070,79.758,MAC Field Scanner Field Plot 406 Season 2,FALSE,Maricopa,6000000329,6000003002
height,17071,79.758,MAC Field Scanner Field Plot 406 Season 2,FALSE,Maricopa,6000000329,6000003002
height,17021,31.505,MAC Field Scanner Field Plot 650 Season 2,FALSE,Maricopa,6000000329,6000003246
height,17024,32.166,MAC Field Scanner Field Plot 650 Season 2,FALSE,Maricopa,6000000329,6000003246
height,17025,31.505,MAC Field Scanner Field Plot 650 Season 2,FALSE,Maricopa,6000000329,6000003246
height,17026,31.505,MAC Field Scanner Field Plot 650 Season 2,FALSE,Maricopa,6000000329,6000003246
height,17028,32.166,MAC Field Scanner Field Plot 650 Season 2,FALSE,Maricopa,6000000329,6000003246
height,17029,32.166,MAC Field Scanner Field Plot 650 Season 2,FALSE,Maricopa,6000000329,6000003246
height,17030,31.505,MAC Field Scanner Field Plot 650 Season 2,FALSE,Maricopa,6000000329,6000003246
height,17031,31.505,MAC Field Scanner Field Plot 650 Season 2,FALSE,Maricopa,6000000329,6000003246
height,17036,31.505,MAC Field Scanner Field Plot 650 Season 2,FALSE,Maricopa,6000000329,6000003246
height,17038,33.488,MAC Field Scanner Field Plot 650 Season 2,FALSE,Maricopa,6000000329,6000003246
height,17040,33.488,MAC Field Scanner Field Plot 650 Season 2,FALSE,Maricopa,6000000329,6000003246
height,17042,33.488,MAC Field Scanner Field Plot 650 Season 2,FALSE,Maricopa,6000000329,6000003246
height,17046,34.149,MAC Field Scanner Field Plot 650 Season 2,FALSE,Maricopa,6000000329,6000003246
height,17048,33.488,MAC Field Scanner Field Plot 650 Season 2,FALSE,Maricopa,6000000329,6000003246
height,17049,33.488,MAC Field Scanner Field Plot 650 Season 2,FALSE,Maricopa,6000000329,6000003246
height,17050,55.962,MAC Field Scanner Field Plot 650 Season 2,FALSE,Maricopa,6000000329,6000003246
height,17051,57.945,MAC Field Scanner Field Plot 650 Season 2,FALSE,Maricopa,6000000329,6000003246
height,17052,59.928,MAC Field Scanner Field Plot 650 Season 2,FALSE,Maricopa,6000000329,6000003246
height,17054,62.572,MAC Field Scanner Field Plot 650 Season 2,FALSE,Maricopa,6000000329,6000003246
height,17055,66.538,MAC Field Scanner Field Plot 650 Season 2,FALSE,Maricopa,6000000329,6000003246
height,17056,68.521,MAC Field Scanner Field Plot 650 Season 2,FALSE,Maricopa,6000000329,6000003246
height,17058,70.504,MAC Field Scanner Field Plot 650 Season 2,FALSE,Maricopa,6000000329,6000003246
height,17059,73.809,MAC Field Scanner Field Plot 650 Season 2,FALSE,Maricopa,6000000329,6000003246
height,17064,78.436,MAC Field Scanner Field Plot 650 Season 2,FALSE,Maricopa,6000000329,6000003246
height,17067,81.08,MAC Field Scanner Field Plot 650 Season 2,FALSE,Maricopa,6000000329,6000003246
height,17068,81.08,MAC Field Scanner Field Plot 650 Season 2,FALSE,Maricopa,6000000329,6000003246
height,17069,81.741,MAC Field Scanner Field Plot 650 Season 2,FALSE,Maricopa,6000000329,6000003246
height,17071,82.402,MAC Field Scanner Field Plot 650 Season 2,FALSE,Maricopa,6000000329,6000003246
height,17072,82.402,MAC Field Scanner Field Plot 650 Season 2,FALSE,Maricopa,6000000329,6000003246
height,17021,32.166,MAC Field Scanner Field Plot 651 Season 2,FALSE,Maricopa,6000000329,6000003247
height,17024,32.166,MAC Field Scanner Field Plot 651 Season 2,FALSE,Maricopa,6000000329,6000003247
height,17025,32.166,MAC Field Scanner Field Plot 651 Season 2,FALSE,Maricopa,6000000329,6000003247
height,17026,32.166,MAC Field Scanner Field Plot 651 Season 2,FALSE,Maricopa,6000000329,6000003247
height,17028,31.505,MAC Field Scanner Field Plot 651 Season 2,FALSE,Maricopa,6000000329,6000003247
height,17029,31.505,MAC Field Scanner Field Plot 651 Season 2,FALSE,Maricopa,6000000329,6000003247
height,17030,32.166,MAC Field Scanner Field Plot 651 Season 2,FALSE,Maricopa,6000000329,6000003247
height,17031,32.166,MAC Field Scanner Field Plot 651 Season 2,FALSE,Maricopa,6000000329,6000003247
height,17036,32.166,MAC Field Scanner Field Plot 651 Season 2,FALSE,Maricopa,6000000329,6000003247
height,17038,33.488,MAC Field Scanner Field Plot 651 Season 2,FALSE,Maricopa,6000000329,6000003247
height,17040,46.708,MAC Field Scanner Field Plot 651 Season 2,FALSE,Maricopa,6000000329,6000003247
height,17042,34.149,MAC Field Scanner Field Plot 651 Season 2,FALSE,Maricopa,6000000329,6000003247
height,17046,34.81,MAC Field Scanner Field Plot 651 Season 2,FALSE,Maricopa,6000000329,6000003247
height,17048,34.81,MAC Field Scanner Field Plot 651 Season 2,FALSE,Maricopa,6000000329,6000003247
height,17049,34.81,MAC Field Scanner Field Plot 651 Season 2,FALSE,Maricopa,6000000329,6000003247
height,17050,55.962,MAC Field Scanner Field Plot 651 Season 2,FALSE,Maricopa,6000000329,6000003247
height,17051,58.606,MAC Field Scanner Field Plot 651 Season 2,FALSE,Maricopa,6000000329,6000003247
height,17052,59.928,MAC Field Scanner Field Plot 651 Season 2,FALSE,Maricopa,6000000329,6000003247
height,17054,63.233,MAC Field Scanner Field Plot 651 Season 2,FALSE,Maricopa,6000000329,6000003247
height,17055,66.538,MAC Field Scanner Field Plot 651 Season 2,FALSE,Maricopa,6000000329,6000003247
height,17056,69.182,MAC Field Scanner Field Plot 651 Season 2,FALSE,Maricopa,6000000329,6000003247
height,17058,69.843,MAC Field Scanner Field Plot 651 Season 2,FALSE,Maricopa,6000000329,6000003247
height,17059,72.487,MAC Field Scanner Field Plot 651 Season 2,FALSE,Maricopa,6000000329,6000003247
height,17064,77.775,MAC Field Scanner Field Plot 651 Season 2,FALSE,Maricopa,6000000329,6000003247
height,17067,79.758,MAC Field Scanner Field Plot 651 Season 2,FALSE,Maricopa,6000000329,6000003247
height,17068,81.08,MAC Field Scanner Field Plot 651 Season 2,FALSE,Maricopa,6000000329,6000003247
height,17069,81.08,MAC Field Scanner Field Plot 651 Season 2,FALSE,Maricopa,6000000329,6000003247
height,17071,81.741,MAC Field Scanner Field Plot 651 Season 2,FALSE,Maricopa,6000000329,6000003247
height,17072,81.741,MAC Field Scanner Field Plot 651 Season 2,FALSE,Maricopa,6000000329,6000003247
height,17022,30.844,MAC Field Scanner Field Plot 89 Season 2,FALSE,Maricopa,6000000243,6000002685
height,17025,30.844,MAC Field Scanner Field Plot 89 Season 2,FALSE,Maricopa,6000000243,6000002685
height,17026,30.844,MAC Field Scanner Field Plot 89 Season 2,FALSE,Maricopa,6000000243,6000002685
height,17027,31.505,MAC Field Scanner Field Plot 89 Season 2,FALSE,Maricopa,6000000243,6000002685
height,17028,30.844,MAC Field Scanner Field Plot 89 Season 2,FALSE,Maricopa,6000000243,6000002685
height,17029,30.844,MAC Field Scanner Field Plot 89 Season 2,FALSE,Maricopa,6000000243,6000002685
height,17030,30.844,MAC Field Scanner Field Plot 89 Season 2,FALSE,Maricopa,6000000243,6000002685
height,17031,30.844,MAC Field Scanner Field Plot 89 Season 2,FALSE,Maricopa,6000000243,6000002685
height,17037,30.844,MAC Field Scanner Field Plot 89 Season 2,FALSE,Maricopa,6000000243,6000002685
height,17039,32.827,MAC Field Scanner Field Plot 89 Season 2,FALSE,Maricopa,6000000243,6000002685
height,17040,32.166,MAC Field Scanner Field Plot 89 Season 2,FALSE,Maricopa,6000000243,6000002685
height,17043,32.827,MAC Field Scanner Field Plot 89 Season 2,FALSE,Maricopa,6000000243,6000002685
height,17047,32.827,MAC Field Scanner Field Plot 89 Season 2,FALSE,Maricopa,6000000243,6000002685
height,17049,33.488,MAC Field Scanner Field Plot 89 Season 2,FALSE,Maricopa,6000000243,6000002685
height,17050,33.488,MAC Field Scanner Field Plot 89 Season 2,FALSE,Maricopa,6000000243,6000002685
height,17051,55.962,MAC Field Scanner Field Plot 89 Season 2,FALSE,Maricopa,6000000243,6000002685
height,17052,57.284,MAC Field Scanner Field Plot 89 Season 2,FALSE,Maricopa,6000000243,6000002685
height,17053,60.589,MAC Field Scanner Field Plot 89 Season 2,FALSE,Maricopa,6000000243,6000002685
height,17054,62.572,MAC Field Scanner Field Plot 89 Season 2,FALSE,Maricopa,6000000243,6000002685
height,17056,67.86,MAC Field Scanner Field Plot 89 Season 2,FALSE,Maricopa,6000000243,6000002685
height,17057,70.504,MAC Field Scanner Field Plot 89 Season 2,FALSE,Maricopa,6000000243,6000002685
height,17058,72.487,MAC Field Scanner Field Plot 89 Season 2,FALSE,Maricopa,6000000243,6000002685
height,17061,77.114,MAC Field Scanner Field Plot 89 Season 2,FALSE,Maricopa,6000000243,6000002685
height,17067,81.741,MAC Field Scanner Field Plot 89 Season 2,FALSE,Maricopa,6000000243,6000002685
height,17069,83.063,MAC Field Scanner Field Plot 89 Season 2,FALSE,Maricopa,6000000243,6000002685
height,17070,83.724,MAC Field Scanner Field Plot 89 Season 2,FALSE,Maricopa,6000000243,6000002685
height,17071,85.046,MAC Field Scanner Field Plot 89 Season 2,FALSE,Maricopa,6000000243,6000002685
height,17022,31.505,MAC Field Scanner Field Plot 88 Season 2,FALSE,Maricopa,6000000243,6000002684
height,17025,31.505,MAC Field Scanner Field Plot 88 Season 2,FALSE,Maricopa,6000000243,6000002684
height,17026,31.505,MAC Field Scanner Field Plot 88 Season 2,FALSE,Maricopa,6000000243,6000002684
height,17027,31.505,MAC Field Scanner Field Plot 88 Season 2,FALSE,Maricopa,6000000243,6000002684
height,17028,31.505,MAC Field Scanner Field Plot 88 Season 2,FALSE,Maricopa,6000000243,6000002684
height,17029,31.505,MAC Field Scanner Field Plot 88 Season 2,FALSE,Maricopa,6000000243,6000002684
height,17030,31.505,MAC Field Scanner Field Plot 88 Season 2,FALSE,Maricopa,6000000243,6000002684
height,17031,31.505,MAC Field Scanner Field Plot 88 Season 2,FALSE,Maricopa,6000000243,6000002684
height,17037,31.505,MAC Field Scanner Field Plot 88 Season 2,FALSE,Maricopa,6000000243,6000002684
height,17039,33.488,MAC Field Scanner Field Plot 88 Season 2,FALSE,Maricopa,6000000243,6000002684
height,17040,33.488,MAC Field Scanner Field Plot 88 Season 2,FALSE,Maricopa,6000000243,6000002684
height,17043,33.488,MAC Field Scanner Field Plot 88 Season 2,FALSE,Maricopa,6000000243,6000002684
height,17047,34.149,MAC Field Scanner Field Plot 88 Season 2,FALSE,Maricopa,6000000243,6000002684
height,17049,33.488,MAC Field Scanner Field Plot 88 Season 2,FALSE,Maricopa,6000000243,6000002684
height,17050,33.488,MAC Field Scanner Field Plot 88 Season 2,FALSE,Maricopa,6000000243,6000002684
height,17051,53.979,MAC Field Scanner Field Plot 88 Season 2,FALSE,Maricopa,6000000243,6000002684
height,17052,56.623,MAC Field Scanner Field Plot 88 Season 2,FALSE,Maricopa,6000000243,6000002684
height,17053,59.267,MAC Field Scanner Field Plot 88 Season 2,FALSE,Maricopa,6000000243,6000002684
height,17054,63.894,MAC Field Scanner Field Plot 88 Season 2,FALSE,Maricopa,6000000243,6000002684
height,17056,68.521,MAC Field Scanner Field Plot 88 Season 2,FALSE,Maricopa,6000000243,6000002684
height,17057,71.826,MAC Field Scanner Field Plot 88 Season 2,FALSE,Maricopa,6000000243,6000002684
height,17058,73.809,MAC Field Scanner Field Plot 88 Season 2,FALSE,Maricopa,6000000243,6000002684
height,17061,79.097,MAC Field Scanner Field Plot 88 Season 2,FALSE,Maricopa,6000000243,6000002684
height,17064,83.063,MAC Field Scanner Field Plot 88 Season 2,FALSE,Maricopa,6000000243,6000002684
height,17067,85.046,MAC Field Scanner Field Plot 88 Season 2,FALSE,Maricopa,6000000243,6000002684
height,17069,86.368,MAC Field Scanner Field Plot 88 Season 2,FALSE,Maricopa,6000000243,6000002684
height,17070,87.029,MAC Field Scanner Field Plot 88 Season 2,FALSE,Maricopa,6000000243,6000002684
height,17071,87.029,MAC Field Scanner Field Plot 88 Season 2,FALSE,Maricopa,6000000243,6000002684
height,17022,30.844,MAC Field Scanner Field Plot 475 Season 2,FALSE,Maricopa,6000000243,6000003071
height,17024,31.505,MAC Field Scanner Field Plot 475 Season 2,FALSE,Maricopa,6000000243,6000003071
height,17026,31.505,MAC Field Scanner Field Plot 475 Season 2,FALSE,Maricopa,6000000243,6000003071
height,17028,30.844,MAC Field Scanner Field Plot 475 Season 2,FALSE,Maricopa,6000000243,6000003071
height,17029,30.844,MAC Field Scanner Field Plot 475 Season 2,FALSE,Maricopa,6000000243,6000003071
height,17030,30.844,MAC Field Scanner Field Plot 475 Season 2,FALSE,Maricopa,6000000243,6000003071
height,17036,30.844,MAC Field Scanner Field Plot 475 Season 2,FALSE,Maricopa,6000000243,6000003071
height,17038,32.827,MAC Field Scanner Field Plot 475 Season 2,FALSE,Maricopa,6000000243,6000003071
height,17040,32.827,MAC Field Scanner Field Plot 475 Season 2,FALSE,Maricopa,6000000243,6000003071
height,17042,32.827,MAC Field Scanner Field Plot 475 Season 2,FALSE,Maricopa,6000000243,6000003071
height,17046,33.488,MAC Field Scanner Field Plot 475 Season 2,FALSE,Maricopa,6000000243,6000003071
height,17049,33.488,MAC Field Scanner Field Plot 475 Season 2,FALSE,Maricopa,6000000243,6000003071
height,17051,59.928,MAC Field Scanner Field Plot 475 Season 2,FALSE,Maricopa,6000000243,6000003071
height,17053,62.572,MAC Field Scanner Field Plot 475 Season 2,FALSE,Maricopa,6000000243,6000003071
height,17054,65.216,MAC Field Scanner Field Plot 475 Season 2,FALSE,Maricopa,6000000243,6000003071
height,17055,69.843,MAC Field Scanner Field Plot 475 Season 2,FALSE,Maricopa,6000000243,6000003071
height,17056,71.826,MAC Field Scanner Field Plot 475 Season 2,FALSE,Maricopa,6000000243,6000003071
height,17058,71.826,MAC Field Scanner Field Plot 475 Season 2,FALSE,Maricopa,6000000243,6000003071
height,17059,76.453,MAC Field Scanner Field Plot 475 Season 2,FALSE,Maricopa,6000000243,6000003071
height,17061,77.114,MAC Field Scanner Field Plot 475 Season 2,FALSE,Maricopa,6000000243,6000003071
height,17064,81.08,MAC Field Scanner Field Plot 475 Season 2,FALSE,Maricopa,6000000243,6000003071
height,17067,83.063,MAC Field Scanner Field Plot 475 Season 2,FALSE,Maricopa,6000000243,6000003071
height,17069,83.724,MAC Field Scanner Field Plot 475 Season 2,FALSE,Maricopa,6000000243,6000003071
height,17070,84.385,MAC Field Scanner Field Plot 475 Season 2,FALSE,Maricopa,6000000243,6000003071
height,17071,85.046,MAC Field Scanner Field Plot 475 Season 2,FALSE,Maricopa,6000000243,6000003071
height,17022,30.844,MAC Field Scanner Field Plot 474 Season 2,FALSE,Maricopa,6000000243,6000003070
height,17024,31.505,MAC Field Scanner Field Plot 474 Season 2,FALSE,Maricopa,6000000243,6000003070
height,17026,30.844,MAC Field Scanner Field Plot 474 Season 2,FALSE,Maricopa,6000000243,6000003070
height,17028,31.505,MAC Field Scanner Field Plot 474 Season 2,FALSE,Maricopa,6000000243,6000003070
height,17029,31.505,MAC Field Scanner Field Plot 474 Season 2,FALSE,Maricopa,6000000243,6000003070
height,17030,31.505,MAC Field Scanner Field Plot 474 Season 2,FALSE,Maricopa,6000000243,6000003070
height,17036,30.844,MAC Field Scanner Field Plot 474 Season 2,FALSE,Maricopa,6000000243,6000003070
height,17038,32.166,MAC Field Scanner Field Plot 474 Season 2,FALSE,Maricopa,6000000243,6000003070
height,17040,32.166,MAC Field Scanner Field Plot 474 Season 2,FALSE,Maricopa,6000000243,6000003070
height,17042,32.827,MAC Field Scanner Field Plot 474 Season 2,FALSE,Maricopa,6000000243,6000003070
height,17046,32.166,MAC Field Scanner Field Plot 474 Season 2,FALSE,Maricopa,6000000243,6000003070
height,17049,32.827,MAC Field Scanner Field Plot 474 Season 2,FALSE,Maricopa,6000000243,6000003070
height,17051,47.369,MAC Field Scanner Field Plot 474 Season 2,FALSE,Maricopa,6000000243,6000003070
height,17053,51.996,MAC Field Scanner Field Plot 474 Season 2,FALSE,Maricopa,6000000243,6000003070
height,17054,55.962,MAC Field Scanner Field Plot 474 Season 2,FALSE,Maricopa,6000000243,6000003070
height,17055,59.267,MAC Field Scanner Field Plot 474 Season 2,FALSE,Maricopa,6000000243,6000003070
height,17056,61.911,MAC Field Scanner Field Plot 474 Season 2,FALSE,Maricopa,6000000243,6000003070
height,17058,63.233,MAC Field Scanner Field Plot 474 Season 2,FALSE,Maricopa,6000000243,6000003070
height,17059,64.555,MAC Field Scanner Field Plot 474 Season 2,FALSE,Maricopa,6000000243,6000003070
height,17061,68.521,MAC Field Scanner Field Plot 474 Season 2,FALSE,Maricopa,6000000243,6000003070
height,17064,73.809,MAC Field Scanner Field Plot 474 Season 2,FALSE,Maricopa,6000000243,6000003070
height,17067,76.453,MAC Field Scanner Field Plot 474 Season 2,FALSE,Maricopa,6000000243,6000003070
height,17069,78.436,MAC Field Scanner Field Plot 474 Season 2,FALSE,Maricopa,6000000243,6000003070
height,17070,78.436,MAC Field Scanner Field Plot 474 Season 2,FALSE,Maricopa,6000000243,6000003070
height,17071,79.097,MAC Field Scanner Field Plot 474 Season 2,FALSE,Maricopa,6000000243,6000003070
height,17022,30.844,MAC Field Scanner Field Plot 136 Season 2,FALSE,Maricopa,6000000330,6000002732
height,17025,30.844,MAC Field Scanner Field Plot 136 Season 2,FALSE,Maricopa,6000000330,6000002732
height,17026,31.505,MAC Field Scanner Field Plot 136 Season 2,FALSE,Maricopa,6000000330,6000002732
height,17027,30.844,MAC Field Scanner Field Plot 136 Season 2,FALSE,Maricopa,6000000330,6000002732
height,17028,31.505,MAC Field Scanner Field Plot 136 Season 2,FALSE,Maricopa,6000000330,6000002732
height,17029,31.505,MAC Field Scanner Field Plot 136 Season 2,FALSE,Maricopa,6000000330,6000002732
height,17030,31.505,MAC Field Scanner Field Plot 136 Season 2,FALSE,Maricopa,6000000330,6000002732
height,17031,30.844,MAC Field Scanner Field Plot 136 Season 2,FALSE,Maricopa,6000000330,6000002732
height,17037,31.505,MAC Field Scanner Field Plot 136 Season 2,FALSE,Maricopa,6000000330,6000002732
height,17039,32.827,MAC Field Scanner Field Plot 136 Season 2,FALSE,Maricopa,6000000330,6000002732
height,17040,33.488,MAC Field Scanner Field Plot 136 Season 2,FALSE,Maricopa,6000000330,6000002732
height,17043,33.488,MAC Field Scanner Field Plot 136 Season 2,FALSE,Maricopa,6000000330,6000002732
height,17047,34.149,MAC Field Scanner Field Plot 136 Season 2,FALSE,Maricopa,6000000330,6000002732
height,17049,34.149,MAC Field Scanner Field Plot 136 Season 2,FALSE,Maricopa,6000000330,6000002732
height,17050,34.149,MAC Field Scanner Field Plot 136 Season 2,FALSE,Maricopa,6000000330,6000002732
height,17051,50.013,MAC Field Scanner Field Plot 136 Season 2,FALSE,Maricopa,6000000330,6000002732
height,17052,52.657,MAC Field Scanner Field Plot 136 Season 2,FALSE,Maricopa,6000000330,6000002732
height,17053,55.301,MAC Field Scanner Field Plot 136 Season 2,FALSE,Maricopa,6000000330,6000002732
height,17054,57.945,MAC Field Scanner Field Plot 136 Season 2,FALSE,Maricopa,6000000330,6000002732
height,17056,62.572,MAC Field Scanner Field Plot 136 Season 2,FALSE,Maricopa,6000000330,6000002732
height,17057,65.216,MAC Field Scanner Field Plot 136 Season 2,FALSE,Maricopa,6000000330,6000002732
height,17058,67.199,MAC Field Scanner Field Plot 136 Season 2,FALSE,Maricopa,6000000330,6000002732
height,17061,71.165,MAC Field Scanner Field Plot 136 Season 2,FALSE,Maricopa,6000000330,6000002732
height,17064,75.131,MAC Field Scanner Field Plot 136 Season 2,FALSE,Maricopa,6000000330,6000002732
height,17067,78.436,MAC Field Scanner Field Plot 136 Season 2,FALSE,Maricopa,6000000330,6000002732
height,17069,81.741,MAC Field Scanner Field Plot 136 Season 2,FALSE,Maricopa,6000000330,6000002732
height,17070,82.402,MAC Field Scanner Field Plot 136 Season 2,FALSE,Maricopa,6000000330,6000002732
height,17071,84.385,MAC Field Scanner Field Plot 136 Season 2,FALSE,Maricopa,6000000330,6000002732
height,17022,32.827,MAC Field Scanner Field Plot 137 Season 2,FALSE,Maricopa,6000000330,6000002733
height,17025,32.827,MAC Field Scanner Field Plot 137 Season 2,FALSE,Maricopa,6000000330,6000002733
height,17026,32.827,MAC Field Scanner Field Plot 137 Season 2,FALSE,Maricopa,6000000330,6000002733
height,17027,32.827,MAC Field Scanner Field Plot 137 Season 2,FALSE,Maricopa,6000000330,6000002733
height,17028,32.827,MAC Field Scanner Field Plot 137 Season 2,FALSE,Maricopa,6000000330,6000002733
height,17029,32.827,MAC Field Scanner Field Plot 137 Season 2,FALSE,Maricopa,6000000330,6000002733
height,17030,32.827,MAC Field Scanner Field Plot 137 Season 2,FALSE,Maricopa,6000000330,6000002733
height,17031,32.827,MAC Field Scanner Field Plot 137 Season 2,FALSE,Maricopa,6000000330,6000002733
height,17037,32.827,MAC Field Scanner Field Plot 137 Season 2,FALSE,Maricopa,6000000330,6000002733
height,17039,33.488,MAC Field Scanner Field Plot 137 Season 2,FALSE,Maricopa,6000000330,6000002733
height,17040,33.488,MAC Field Scanner Field Plot 137 Season 2,FALSE,Maricopa,6000000330,6000002733
height,17043,33.488,MAC Field Scanner Field Plot 137 Season 2,FALSE,Maricopa,6000000330,6000002733
height,17047,34.149,MAC Field Scanner Field Plot 137 Season 2,FALSE,Maricopa,6000000330,6000002733
height,17049,34.149,MAC Field Scanner Field Plot 137 Season 2,FALSE,Maricopa,6000000330,6000002733
height,17050,34.149,MAC Field Scanner Field Plot 137 Season 2,FALSE,Maricopa,6000000330,6000002733
height,17051,51.335,MAC Field Scanner Field Plot 137 Season 2,FALSE,Maricopa,6000000330,6000002733
height,17052,53.318,MAC Field Scanner Field Plot 137 Season 2,FALSE,Maricopa,6000000330,6000002733
height,17053,55.962,MAC Field Scanner Field Plot 137 Season 2,FALSE,Maricopa,6000000330,6000002733
height,17054,59.267,MAC Field Scanner Field Plot 137 Season 2,FALSE,Maricopa,6000000330,6000002733
height,17056,63.233,MAC Field Scanner Field Plot 137 Season 2,FALSE,Maricopa,6000000330,6000002733
height,17057,65.877,MAC Field Scanner Field Plot 137 Season 2,FALSE,Maricopa,6000000330,6000002733
height,17058,67.199,MAC Field Scanner Field Plot 137 Season 2,FALSE,Maricopa,6000000330,6000002733
height,17061,71.826,MAC Field Scanner Field Plot 137 Season 2,FALSE,Maricopa,6000000330,6000002733
height,17064,75.131,MAC Field Scanner Field Plot 137 Season 2,FALSE,Maricopa,6000000330,6000002733
height,17067,79.758,MAC Field Scanner Field Plot 137 Season 2,FALSE,Maricopa,6000000330,6000002733
height,17069,81.741,MAC Field Scanner Field Plot 137 Season 2,FALSE,Maricopa,6000000330,6000002733
height,17070,83.063,MAC Field Scanner Field Plot 137 Season 2,FALSE,Maricopa,6000000330,6000002733
height,17071,84.385,MAC Field Scanner Field Plot 137 Season 2,FALSE,Maricopa,6000000330,6000002733
height,17023,31.505,MAC Field Scanner Field Plot 814 Season 2,FALSE,Maricopa,6000000330,6000003410
height,17024,31.505,MAC Field Scanner Field Plot 814 Season 2,FALSE,Maricopa,6000000330,6000003410
height,17027,31.505,MAC Field Scanner Field Plot 814 Season 2,FALSE,Maricopa,6000000330,6000003410
height,17037,30.844,MAC Field Scanner Field Plot 814 Season 2,FALSE,Maricopa,6000000330,6000003410
height,17046,33.488,MAC Field Scanner Field Plot 814 Season 2,FALSE,Maricopa,6000000330,6000003410
height,17050,33.488,MAC Field Scanner Field Plot 814 Season 2,FALSE,Maricopa,6000000330,6000003410
height,17051,33.488,MAC Field Scanner Field Plot 814 Season 2,FALSE,Maricopa,6000000330,6000003410
height,17054,36.132,MAC Field Scanner Field Plot 814 Season 2,FALSE,Maricopa,6000000330,6000003410
height,17056,44.725,MAC Field Scanner Field Plot 814 Season 2,FALSE,Maricopa,6000000330,6000003410
height,17068,63.894,MAC Field Scanner Field Plot 814 Season 2,FALSE,Maricopa,6000000330,6000003410
height,17069,65.216,MAC Field Scanner Field Plot 814 Season 2,FALSE,Maricopa,6000000330,6000003410
height,17070,67.199,MAC Field Scanner Field Plot 814 Season 2,FALSE,Maricopa,6000000330,6000003410
height,17024,31.505,MAC Field Scanner Field Plot 815 Season 2,FALSE,Maricopa,6000000330,6000003411
height,17027,31.505,MAC Field Scanner Field Plot 815 Season 2,FALSE,Maricopa,6000000330,6000003411
height,17037,40.098,MAC Field Scanner Field Plot 815 Season 2,FALSE,Maricopa,6000000330,6000003411
height,17046,33.488,MAC Field Scanner Field Plot 815 Season 2,FALSE,Maricopa,6000000330,6000003411
height,17050,43.403,MAC Field Scanner Field Plot 815 Season 2,FALSE,Maricopa,6000000330,6000003411
height,17051,46.047,MAC Field Scanner Field Plot 815 Season 2,FALSE,Maricopa,6000000330,6000003411
height,17054,54.64,MAC Field Scanner Field Plot 815 Season 2,FALSE,Maricopa,6000000330,6000003411
height,17056,59.928,MAC Field Scanner Field Plot 815 Season 2,FALSE,Maricopa,6000000330,6000003411
height,17068,72.487,MAC Field Scanner Field Plot 815 Season 2,FALSE,Maricopa,6000000330,6000003411
height,17069,73.148,MAC Field Scanner Field Plot 815 Season 2,FALSE,Maricopa,6000000330,6000003411
height,17070,75.792,MAC Field Scanner Field Plot 815 Season 2,FALSE,Maricopa,6000000330,6000003411
height,17022,33.488,MAC Field Scanner Field Plot 422 Season 2,FALSE,Maricopa,6000000331,6000003018
height,17024,33.488,MAC Field Scanner Field Plot 422 Season 2,FALSE,Maricopa,6000000331,6000003018
height,17026,34.149,MAC Field Scanner Field Plot 422 Season 2,FALSE,Maricopa,6000000331,6000003018
height,17028,33.488,MAC Field Scanner Field Plot 422 Season 2,FALSE,Maricopa,6000000331,6000003018
height,17029,33.488,MAC Field Scanner Field Plot 422 Season 2,FALSE,Maricopa,6000000331,6000003018
height,17030,33.488,MAC Field Scanner Field Plot 422 Season 2,FALSE,Maricopa,6000000331,6000003018
height,17036,32.827,MAC Field Scanner Field Plot 422 Season 2,FALSE,Maricopa,6000000331,6000003018
height,17038,34.149,MAC Field Scanner Field Plot 422 Season 2,FALSE,Maricopa,6000000331,6000003018
height,17040,34.149,MAC Field Scanner Field Plot 422 Season 2,FALSE,Maricopa,6000000331,6000003018
height,17042,33.488,MAC Field Scanner Field Plot 422 Season 2,FALSE,Maricopa,6000000331,6000003018
height,17043,33.488,MAC Field Scanner Field Plot 422 Season 2,FALSE,Maricopa,6000000331,6000003018
height,17046,34.149,MAC Field Scanner Field Plot 422 Season 2,FALSE,Maricopa,6000000331,6000003018
height,17049,34.149,MAC Field Scanner Field Plot 422 Season 2,FALSE,Maricopa,6000000331,6000003018
height,17051,57.284,MAC Field Scanner Field Plot 422 Season 2,FALSE,Maricopa,6000000331,6000003018
height,17052,62.572,MAC Field Scanner Field Plot 422 Season 2,FALSE,Maricopa,6000000331,6000003018
height,17053,62.572,MAC Field Scanner Field Plot 422 Season 2,FALSE,Maricopa,6000000331,6000003018
height,17054,65.216,MAC Field Scanner Field Plot 422 Season 2,FALSE,Maricopa,6000000331,6000003018
height,17055,68.521,MAC Field Scanner Field Plot 422 Season 2,FALSE,Maricopa,6000000331,6000003018
height,17056,70.504,MAC Field Scanner Field Plot 422 Season 2,FALSE,Maricopa,6000000331,6000003018
height,17058,71.165,MAC Field Scanner Field Plot 422 Season 2,FALSE,Maricopa,6000000331,6000003018
height,17061,75.792,MAC Field Scanner Field Plot 422 Season 2,FALSE,Maricopa,6000000331,6000003018
height,17064,77.775,MAC Field Scanner Field Plot 422 Season 2,FALSE,Maricopa,6000000331,6000003018
height,17067,80.419,MAC Field Scanner Field Plot 422 Season 2,FALSE,Maricopa,6000000331,6000003018
height,17069,80.419,MAC Field Scanner Field Plot 422 Season 2,FALSE,Maricopa,6000000331,6000003018
height,17070,81.08,MAC Field Scanner Field Plot 422 Season 2,FALSE,Maricopa,6000000331,6000003018
height,17071,81.741,MAC Field Scanner Field Plot 422 Season 2,FALSE,Maricopa,6000000331,6000003018
height,17022,33.488,MAC Field Scanner Field Plot 423 Season 2,FALSE,Maricopa,6000000331,6000003019
height,17024,33.488,MAC Field Scanner Field Plot 423 Season 2,FALSE,Maricopa,6000000331,6000003019
height,17026,32.827,MAC Field Scanner Field Plot 423 Season 2,FALSE,Maricopa,6000000331,6000003019
height,17028,32.827,MAC Field Scanner Field Plot 423 Season 2,FALSE,Maricopa,6000000331,6000003019
height,17029,32.827,MAC Field Scanner Field Plot 423 Season 2,FALSE,Maricopa,6000000331,6000003019
height,17030,32.827,MAC Field Scanner Field Plot 423 Season 2,FALSE,Maricopa,6000000331,6000003019
height,17036,32.827,MAC Field Scanner Field Plot 423 Season 2,FALSE,Maricopa,6000000331,6000003019
height,17038,33.488,MAC Field Scanner Field Plot 423 Season 2,FALSE,Maricopa,6000000331,6000003019
height,17040,33.488,MAC Field Scanner Field Plot 423 Season 2,FALSE,Maricopa,6000000331,6000003019
height,17042,32.166,MAC Field Scanner Field Plot 423 Season 2,FALSE,Maricopa,6000000331,6000003019
height,17043,32.827,MAC Field Scanner Field Plot 423 Season 2,FALSE,Maricopa,6000000331,6000003019
height,17046,33.488,MAC Field Scanner Field Plot 423 Season 2,FALSE,Maricopa,6000000331,6000003019
height,17049,33.488,MAC Field Scanner Field Plot 423 Season 2,FALSE,Maricopa,6000000331,6000003019
height,17051,55.962,MAC Field Scanner Field Plot 423 Season 2,FALSE,Maricopa,6000000331,6000003019
height,17052,58.606,MAC Field Scanner Field Plot 423 Season 2,FALSE,Maricopa,6000000331,6000003019
height,17053,59.928,MAC Field Scanner Field Plot 423 Season 2,FALSE,Maricopa,6000000331,6000003019
height,17054,63.233,MAC Field Scanner Field Plot 423 Season 2,FALSE,Maricopa,6000000331,6000003019
height,17055,66.538,MAC Field Scanner Field Plot 423 Season 2,FALSE,Maricopa,6000000331,6000003019
height,17056,67.86,MAC Field Scanner Field Plot 423 Season 2,FALSE,Maricopa,6000000331,6000003019
height,17058,69.182,MAC Field Scanner Field Plot 423 Season 2,FALSE,Maricopa,6000000331,6000003019
height,17061,73.809,MAC Field Scanner Field Plot 423 Season 2,FALSE,Maricopa,6000000331,6000003019
height,17064,75.792,MAC Field Scanner Field Plot 423 Season 2,FALSE,Maricopa,6000000331,6000003019
height,17067,79.097,MAC Field Scanner Field Plot 423 Season 2,FALSE,Maricopa,6000000331,6000003019
height,17069,79.097,MAC Field Scanner Field Plot 423 Season 2,FALSE,Maricopa,6000000331,6000003019
height,17070,80.419,MAC Field Scanner Field Plot 423 Season 2,FALSE,Maricopa,6000000331,6000003019
height,17071,81.08,MAC Field Scanner Field Plot 423 Season 2,FALSE,Maricopa,6000000331,6000003019
height,17024,32.166,MAC Field Scanner Field Plot 595 Season 2,FALSE,Maricopa,6000000331,6000003191
height,17046,33.488,MAC Field Scanner Field Plot 595 Season 2,FALSE,Maricopa,6000000331,6000003191
height,17056,69.843,MAC Field Scanner Field Plot 595 Season 2,FALSE,Maricopa,6000000331,6000003191
height,17024,32.166,MAC Field Scanner Field Plot 594 Season 2,FALSE,Maricopa,6000000331,6000003190
height,17046,33.488,MAC Field Scanner Field Plot 594 Season 2,FALSE,Maricopa,6000000331,6000003190
height,17051,56.623,MAC Field Scanner Field Plot 594 Season 2,FALSE,Maricopa,6000000331,6000003190
height,17056,66.538,MAC Field Scanner Field Plot 594 Season 2,FALSE,Maricopa,6000000331,6000003190
height,17071,77.775,MAC Field Scanner Field Plot 594 Season 2,FALSE,Maricopa,6000000331,6000003190
height,17022,31.505,MAC Field Scanner Field Plot 292 Season 2,FALSE,Maricopa,6000000332,6000002888
height,17024,31.505,MAC Field Scanner Field Plot 292 Season 2,FALSE,Maricopa,6000000332,6000002888
height,17025,31.505,MAC Field Scanner Field Plot 292 Season 2,FALSE,Maricopa,6000000332,6000002888
height,17026,31.505,MAC Field Scanner Field Plot 292 Season 2,FALSE,Maricopa,6000000332,6000002888
height,17027,31.505,MAC Field Scanner Field Plot 292 Season 2,FALSE,Maricopa,6000000332,6000002888
height,17028,30.844,MAC Field Scanner Field Plot 292 Season 2,FALSE,Maricopa,6000000332,6000002888
height,17029,30.844,MAC Field Scanner Field Plot 292 Season 2,FALSE,Maricopa,6000000332,6000002888
height,17030,30.844,MAC Field Scanner Field Plot 292 Season 2,FALSE,Maricopa,6000000332,6000002888
height,17031,31.505,MAC Field Scanner Field Plot 292 Season 2,FALSE,Maricopa,6000000332,6000002888
height,17037,32.166,MAC Field Scanner Field Plot 292 Season 2,FALSE,Maricopa,6000000332,6000002888
height,17038,32.827,MAC Field Scanner Field Plot 292 Season 2,FALSE,Maricopa,6000000332,6000002888
height,17040,33.488,MAC Field Scanner Field Plot 292 Season 2,FALSE,Maricopa,6000000332,6000002888
height,17043,33.488,MAC Field Scanner Field Plot 292 Season 2,FALSE,Maricopa,6000000332,6000002888
height,17047,33.488,MAC Field Scanner Field Plot 292 Season 2,FALSE,Maricopa,6000000332,6000002888
height,17049,33.488,MAC Field Scanner Field Plot 292 Season 2,FALSE,Maricopa,6000000332,6000002888
height,17050,33.488,MAC Field Scanner Field Plot 292 Season 2,FALSE,Maricopa,6000000332,6000002888
height,17051,57.945,MAC Field Scanner Field Plot 292 Season 2,FALSE,Maricopa,6000000332,6000002888
height,17052,60.589,MAC Field Scanner Field Plot 292 Season 2,FALSE,Maricopa,6000000332,6000002888
height,17053,62.572,MAC Field Scanner Field Plot 292 Season 2,FALSE,Maricopa,6000000332,6000002888
height,17054,65.877,MAC Field Scanner Field Plot 292 Season 2,FALSE,Maricopa,6000000332,6000002888
height,17056,69.182,MAC Field Scanner Field Plot 292 Season 2,FALSE,Maricopa,6000000332,6000002888
height,17057,71.165,MAC Field Scanner Field Plot 292 Season 2,FALSE,Maricopa,6000000332,6000002888
height,17058,72.487,MAC Field Scanner Field Plot 292 Season 2,FALSE,Maricopa,6000000332,6000002888
height,17061,76.453,MAC Field Scanner Field Plot 292 Season 2,FALSE,Maricopa,6000000332,6000002888
height,17064,79.097,MAC Field Scanner Field Plot 292 Season 2,FALSE,Maricopa,6000000332,6000002888
height,17067,81.741,MAC Field Scanner Field Plot 292 Season 2,FALSE,Maricopa,6000000332,6000002888
height,17069,82.402,MAC Field Scanner Field Plot 292 Season 2,FALSE,Maricopa,6000000332,6000002888
height,17070,82.402,MAC Field Scanner Field Plot 292 Season 2,FALSE,Maricopa,6000000332,6000002888
height,17071,83.063,MAC Field Scanner Field Plot 292 Season 2,FALSE,Maricopa,6000000332,6000002888
height,17022,32.166,MAC Field Scanner Field Plot 293 Season 2,FALSE,Maricopa,6000000332,6000002889
height,17024,32.166,MAC Field Scanner Field Plot 293 Season 2,FALSE,Maricopa,6000000332,6000002889
height,17025,32.166,MAC Field Scanner Field Plot 293 Season 2,FALSE,Maricopa,6000000332,6000002889
height,17026,32.166,MAC Field Scanner Field Plot 293 Season 2,FALSE,Maricopa,6000000332,6000002889
height,17027,32.166,MAC Field Scanner Field Plot 293 Season 2,FALSE,Maricopa,6000000332,6000002889
height,17028,32.166,MAC Field Scanner Field Plot 293 Season 2,FALSE,Maricopa,6000000332,6000002889
height,17029,31.505,MAC Field Scanner Field Plot 293 Season 2,FALSE,Maricopa,6000000332,6000002889
height,17030,32.166,MAC Field Scanner Field Plot 293 Season 2,FALSE,Maricopa,6000000332,6000002889
height,17031,32.166,MAC Field Scanner Field Plot 293 Season 2,FALSE,Maricopa,6000000332,6000002889
height,17037,31.505,MAC Field Scanner Field Plot 293 Season 2,FALSE,Maricopa,6000000332,6000002889
height,17038,33.488,MAC Field Scanner Field Plot 293 Season 2,FALSE,Maricopa,6000000332,6000002889
height,17040,33.488,MAC Field Scanner Field Plot 293 Season 2,FALSE,Maricopa,6000000332,6000002889
height,17043,33.488,MAC Field Scanner Field Plot 293 Season 2,FALSE,Maricopa,6000000332,6000002889
height,17047,34.81,MAC Field Scanner Field Plot 293 Season 2,FALSE,Maricopa,6000000332,6000002889
height,17049,34.81,MAC Field Scanner Field Plot 293 Season 2,FALSE,Maricopa,6000000332,6000002889
height,17050,34.81,MAC Field Scanner Field Plot 293 Season 2,FALSE,Maricopa,6000000332,6000002889
height,17051,58.606,MAC Field Scanner Field Plot 293 Season 2,FALSE,Maricopa,6000000332,6000002889
height,17052,61.25,MAC Field Scanner Field Plot 293 Season 2,FALSE,Maricopa,6000000332,6000002889
height,17053,63.233,MAC Field Scanner Field Plot 293 Season 2,FALSE,Maricopa,6000000332,6000002889
height,17054,67.199,MAC Field Scanner Field Plot 293 Season 2,FALSE,Maricopa,6000000332,6000002889
height,17056,69.182,MAC Field Scanner Field Plot 293 Season 2,FALSE,Maricopa,6000000332,6000002889
height,17057,71.826,MAC Field Scanner Field Plot 293 Season 2,FALSE,Maricopa,6000000332,6000002889
height,17058,73.809,MAC Field Scanner Field Plot 293 Season 2,FALSE,Maricopa,6000000332,6000002889
height,17061,77.114,MAC Field Scanner Field Plot 293 Season 2,FALSE,Maricopa,6000000332,6000002889
height,17064,79.758,MAC Field Scanner Field Plot 293 Season 2,FALSE,Maricopa,6000000332,6000002889
height,17067,81.741,MAC Field Scanner Field Plot 293 Season 2,FALSE,Maricopa,6000000332,6000002889
height,17069,82.402,MAC Field Scanner Field Plot 293 Season 2,FALSE,Maricopa,6000000332,6000002889
height,17070,82.402,MAC Field Scanner Field Plot 293 Season 2,FALSE,Maricopa,6000000332,6000002889
height,17071,83.724,MAC Field Scanner Field Plot 293 Season 2,FALSE,Maricopa,6000000332,6000002889
height,17022,31.505,MAC Field Scanner Field Plot 477 Season 2,FALSE,Maricopa,6000000332,6000003073
height,17024,31.505,MAC Field Scanner Field Plot 477 Season 2,FALSE,Maricopa,6000000332,6000003073
height,17026,32.166,MAC Field Scanner Field Plot 477 Season 2,FALSE,Maricopa,6000000332,6000003073
height,17028,31.505,MAC Field Scanner Field Plot 477 Season 2,FALSE,Maricopa,6000000332,6000003073
height,17029,31.505,MAC Field Scanner Field Plot 477 Season 2,FALSE,Maricopa,6000000332,6000003073
height,17030,32.166,MAC Field Scanner Field Plot 477 Season 2,FALSE,Maricopa,6000000332,6000003073
height,17036,31.505,MAC Field Scanner Field Plot 477 Season 2,FALSE,Maricopa,6000000332,6000003073
height,17038,33.488,MAC Field Scanner Field Plot 477 Season 2,FALSE,Maricopa,6000000332,6000003073
height,17040,33.488,MAC Field Scanner Field Plot 477 Season 2,FALSE,Maricopa,6000000332,6000003073
height,17042,33.488,MAC Field Scanner Field Plot 477 Season 2,FALSE,Maricopa,6000000332,6000003073
height,17046,32.827,MAC Field Scanner Field Plot 477 Season 2,FALSE,Maricopa,6000000332,6000003073
height,17049,32.827,MAC Field Scanner Field Plot 477 Season 2,FALSE,Maricopa,6000000332,6000003073
height,17051,63.894,MAC Field Scanner Field Plot 477 Season 2,FALSE,Maricopa,6000000332,6000003073
height,17053,67.199,MAC Field Scanner Field Plot 477 Season 2,FALSE,Maricopa,6000000332,6000003073
height,17054,69.843,MAC Field Scanner Field Plot 477 Season 2,FALSE,Maricopa,6000000332,6000003073
height,17055,73.809,MAC Field Scanner Field Plot 477 Season 2,FALSE,Maricopa,6000000332,6000003073
height,17056,75.792,MAC Field Scanner Field Plot 477 Season 2,FALSE,Maricopa,6000000332,6000003073
height,17058,76.453,MAC Field Scanner Field Plot 477 Season 2,FALSE,Maricopa,6000000332,6000003073
height,17059,77.114,MAC Field Scanner Field Plot 477 Season 2,FALSE,Maricopa,6000000332,6000003073
height,17061,81.08,MAC Field Scanner Field Plot 477 Season 2,FALSE,Maricopa,6000000332,6000003073
height,17064,81.741,MAC Field Scanner Field Plot 477 Season 2,FALSE,Maricopa,6000000332,6000003073
height,17067,83.063,MAC Field Scanner Field Plot 477 Season 2,FALSE,Maricopa,6000000332,6000003073
height,17069,84.385,MAC Field Scanner Field Plot 477 Season 2,FALSE,Maricopa,6000000332,6000003073
height,17070,84.385,MAC Field Scanner Field Plot 477 Season 2,FALSE,Maricopa,6000000332,6000003073
height,17071,85.046,MAC Field Scanner Field Plot 477 Season 2,FALSE,Maricopa,6000000332,6000003073
height,17022,31.505,MAC Field Scanner Field Plot 476 Season 2,FALSE,Maricopa,6000000332,6000003072
height,17024,32.166,MAC Field Scanner Field Plot 476 Season 2,FALSE,Maricopa,6000000332,6000003072
height,17026,31.505,MAC Field Scanner Field Plot 476 Season 2,FALSE,Maricopa,6000000332,6000003072
height,17028,31.505,MAC Field Scanner Field Plot 476 Season 2,FALSE,Maricopa,6000000332,6000003072
height,17029,31.505,MAC Field Scanner Field Plot 476 Season 2,FALSE,Maricopa,6000000332,6000003072
height,17030,31.505,MAC Field Scanner Field Plot 476 Season 2,FALSE,Maricopa,6000000332,6000003072
height,17036,31.505,MAC Field Scanner Field Plot 476 Season 2,FALSE,Maricopa,6000000332,6000003072
height,17038,32.827,MAC Field Scanner Field Plot 476 Season 2,FALSE,Maricopa,6000000332,6000003072
height,17040,32.827,MAC Field Scanner Field Plot 476 Season 2,FALSE,Maricopa,6000000332,6000003072
height,17042,32.827,MAC Field Scanner Field Plot 476 Season 2,FALSE,Maricopa,6000000332,6000003072
height,17046,34.149,MAC Field Scanner Field Plot 476 Season 2,FALSE,Maricopa,6000000332,6000003072
height,17049,33.488,MAC Field Scanner Field Plot 476 Season 2,FALSE,Maricopa,6000000332,6000003072
height,17051,64.555,MAC Field Scanner Field Plot 476 Season 2,FALSE,Maricopa,6000000332,6000003072
height,17053,67.199,MAC Field Scanner Field Plot 476 Season 2,FALSE,Maricopa,6000000332,6000003072
height,17054,70.504,MAC Field Scanner Field Plot 476 Season 2,FALSE,Maricopa,6000000332,6000003072
height,17055,73.148,MAC Field Scanner Field Plot 476 Season 2,FALSE,Maricopa,6000000332,6000003072
height,17056,75.792,MAC Field Scanner Field Plot 476 Season 2,FALSE,Maricopa,6000000332,6000003072
height,17058,76.453,MAC Field Scanner Field Plot 476 Season 2,FALSE,Maricopa,6000000332,6000003072
height,17059,78.436,MAC Field Scanner Field Plot 476 Season 2,FALSE,Maricopa,6000000332,6000003072
height,17061,80.419,MAC Field Scanner Field Plot 476 Season 2,FALSE,Maricopa,6000000332,6000003072
height,17064,82.402,MAC Field Scanner Field Plot 476 Season 2,FALSE,Maricopa,6000000332,6000003072
height,17067,82.402,MAC Field Scanner Field Plot 476 Season 2,FALSE,Maricopa,6000000332,6000003072
height,17069,83.063,MAC Field Scanner Field Plot 476 Season 2,FALSE,Maricopa,6000000332,6000003072
height,17070,83.724,MAC Field Scanner Field Plot 476 Season 2,FALSE,Maricopa,6000000332,6000003072
height,17071,85.046,MAC Field Scanner Field Plot 476 Season 2,FALSE,Maricopa,6000000332,6000003072
height,17025,30.844,MAC Field Scanner Field Plot 57 Season 2,FALSE,Maricopa,6000000333,6000002653
height,17028,30.183,MAC Field Scanner Field Plot 57 Season 2,FALSE,Maricopa,6000000333,6000002653
height,17047,34.149,MAC Field Scanner Field Plot 57 Season 2,FALSE,Maricopa,6000000333,6000002653
height,17051,46.708,MAC Field Scanner Field Plot 57 Season 2,FALSE,Maricopa,6000000333,6000002653
height,17052,48.03,MAC Field Scanner Field Plot 57 Season 2,FALSE,Maricopa,6000000333,6000002653
height,17057,60.589,MAC Field Scanner Field Plot 57 Season 2,FALSE,Maricopa,6000000333,6000002653
height,17064,71.826,MAC Field Scanner Field Plot 57 Season 2,FALSE,Maricopa,6000000333,6000002653
height,17069,75.131,MAC Field Scanner Field Plot 57 Season 2,FALSE,Maricopa,6000000333,6000002653
height,17070,76.453,MAC Field Scanner Field Plot 57 Season 2,FALSE,Maricopa,6000000333,6000002653
height,17071,77.114,MAC Field Scanner Field Plot 57 Season 2,FALSE,Maricopa,6000000333,6000002653
height,17022,30.844,MAC Field Scanner Field Plot 56 Season 2,FALSE,Maricopa,6000000333,6000002652
height,17025,30.844,MAC Field Scanner Field Plot 56 Season 2,FALSE,Maricopa,6000000333,6000002652
height,17041,32.827,MAC Field Scanner Field Plot 56 Season 2,FALSE,Maricopa,6000000333,6000002652
height,17043,33.488,MAC Field Scanner Field Plot 56 Season 2,FALSE,Maricopa,6000000333,6000002652
height,17047,33.488,MAC Field Scanner Field Plot 56 Season 2,FALSE,Maricopa,6000000333,6000002652
height,17049,34.149,MAC Field Scanner Field Plot 56 Season 2,FALSE,Maricopa,6000000333,6000002652
height,17050,34.149,MAC Field Scanner Field Plot 56 Season 2,FALSE,Maricopa,6000000333,6000002652
height,17051,51.335,MAC Field Scanner Field Plot 56 Season 2,FALSE,Maricopa,6000000333,6000002652
height,17052,53.318,MAC Field Scanner Field Plot 56 Season 2,FALSE,Maricopa,6000000333,6000002652
height,17053,56.623,MAC Field Scanner Field Plot 56 Season 2,FALSE,Maricopa,6000000333,6000002652
height,17057,67.86,MAC Field Scanner Field Plot 56 Season 2,FALSE,Maricopa,6000000333,6000002652
height,17061,76.453,MAC Field Scanner Field Plot 56 Season 2,FALSE,Maricopa,6000000333,6000002652
height,17064,77.775,MAC Field Scanner Field Plot 56 Season 2,FALSE,Maricopa,6000000333,6000002652
height,17069,77.114,MAC Field Scanner Field Plot 56 Season 2,FALSE,Maricopa,6000000333,6000002652
height,17070,77.775,MAC Field Scanner Field Plot 56 Season 2,FALSE,Maricopa,6000000333,6000002652
height,17071,78.436,MAC Field Scanner Field Plot 56 Season 2,FALSE,Maricopa,6000000333,6000002652
height,17022,32.166,MAC Field Scanner Field Plot 484 Season 2,FALSE,Maricopa,6000000333,6000003080
height,17024,32.166,MAC Field Scanner Field Plot 484 Season 2,FALSE,Maricopa,6000000333,6000003080
height,17026,31.505,MAC Field Scanner Field Plot 484 Season 2,FALSE,Maricopa,6000000333,6000003080
height,17028,31.505,MAC Field Scanner Field Plot 484 Season 2,FALSE,Maricopa,6000000333,6000003080
height,17029,31.505,MAC Field Scanner Field Plot 484 Season 2,FALSE,Maricopa,6000000333,6000003080
height,17030,31.505,MAC Field Scanner Field Plot 484 Season 2,FALSE,Maricopa,6000000333,6000003080
height,17036,31.505,MAC Field Scanner Field Plot 484 Season 2,FALSE,Maricopa,6000000333,6000003080
height,17038,34.81,MAC Field Scanner Field Plot 484 Season 2,FALSE,Maricopa,6000000333,6000003080
height,17040,34.81,MAC Field Scanner Field Plot 484 Season 2,FALSE,Maricopa,6000000333,6000003080
height,17042,34.149,MAC Field Scanner Field Plot 484 Season 2,FALSE,Maricopa,6000000333,6000003080
height,17046,34.149,MAC Field Scanner Field Plot 484 Season 2,FALSE,Maricopa,6000000333,6000003080
height,17049,34.149,MAC Field Scanner Field Plot 484 Season 2,FALSE,Maricopa,6000000333,6000003080
height,17051,56.623,MAC Field Scanner Field Plot 484 Season 2,FALSE,Maricopa,6000000333,6000003080
height,17053,59.928,MAC Field Scanner Field Plot 484 Season 2,FALSE,Maricopa,6000000333,6000003080
height,17054,63.233,MAC Field Scanner Field Plot 484 Season 2,FALSE,Maricopa,6000000333,6000003080
height,17055,67.199,MAC Field Scanner Field Plot 484 Season 2,FALSE,Maricopa,6000000333,6000003080
height,17056,69.843,MAC Field Scanner Field Plot 484 Season 2,FALSE,Maricopa,6000000333,6000003080
height,17058,71.826,MAC Field Scanner Field Plot 484 Season 2,FALSE,Maricopa,6000000333,6000003080
height,17059,76.453,MAC Field Scanner Field Plot 484 Season 2,FALSE,Maricopa,6000000333,6000003080
height,17061,77.114,MAC Field Scanner Field Plot 484 Season 2,FALSE,Maricopa,6000000333,6000003080
height,17064,81.741,MAC Field Scanner Field Plot 484 Season 2,FALSE,Maricopa,6000000333,6000003080
height,17067,84.385,MAC Field Scanner Field Plot 484 Season 2,FALSE,Maricopa,6000000333,6000003080
height,17069,85.707,MAC Field Scanner Field Plot 484 Season 2,FALSE,Maricopa,6000000333,6000003080
height,17070,86.368,MAC Field Scanner Field Plot 484 Season 2,FALSE,Maricopa,6000000333,6000003080
height,17071,87.029,MAC Field Scanner Field Plot 484 Season 2,FALSE,Maricopa,6000000333,6000003080
height,17022,31.505,MAC Field Scanner Field Plot 485 Season 2,FALSE,Maricopa,6000000333,6000003081
height,17024,32.166,MAC Field Scanner Field Plot 485 Season 2,FALSE,Maricopa,6000000333,6000003081
height,17026,31.505,MAC Field Scanner Field Plot 485 Season 2,FALSE,Maricopa,6000000333,6000003081
height,17028,31.505,MAC Field Scanner Field Plot 485 Season 2,FALSE,Maricopa,6000000333,6000003081
height,17029,31.505,MAC Field Scanner Field Plot 485 Season 2,FALSE,Maricopa,6000000333,6000003081
height,17030,31.505,MAC Field Scanner Field Plot 485 Season 2,FALSE,Maricopa,6000000333,6000003081
height,17036,31.505,MAC Field Scanner Field Plot 485 Season 2,FALSE,Maricopa,6000000333,6000003081
height,17038,32.827,MAC Field Scanner Field Plot 485 Season 2,FALSE,Maricopa,6000000333,6000003081
height,17040,32.827,MAC Field Scanner Field Plot 485 Season 2,FALSE,Maricopa,6000000333,6000003081
height,17042,32.827,MAC Field Scanner Field Plot 485 Season 2,FALSE,Maricopa,6000000333,6000003081
height,17046,33.488,MAC Field Scanner Field Plot 485 Season 2,FALSE,Maricopa,6000000333,6000003081
height,17049,34.149,MAC Field Scanner Field Plot 485 Season 2,FALSE,Maricopa,6000000333,6000003081
height,17051,53.979,MAC Field Scanner Field Plot 485 Season 2,FALSE,Maricopa,6000000333,6000003081
height,17053,56.623,MAC Field Scanner Field Plot 485 Season 2,FALSE,Maricopa,6000000333,6000003081
height,17054,59.267,MAC Field Scanner Field Plot 485 Season 2,FALSE,Maricopa,6000000333,6000003081
height,17055,63.233,MAC Field Scanner Field Plot 485 Season 2,FALSE,Maricopa,6000000333,6000003081
height,17056,65.877,MAC Field Scanner Field Plot 485 Season 2,FALSE,Maricopa,6000000333,6000003081
height,17058,67.86,MAC Field Scanner Field Plot 485 Season 2,FALSE,Maricopa,6000000333,6000003081
height,17059,71.826,MAC Field Scanner Field Plot 485 Season 2,FALSE,Maricopa,6000000333,6000003081
height,17061,74.47,MAC Field Scanner Field Plot 485 Season 2,FALSE,Maricopa,6000000333,6000003081
height,17064,77.775,MAC Field Scanner Field Plot 485 Season 2,FALSE,Maricopa,6000000333,6000003081
height,17067,80.419,MAC Field Scanner Field Plot 485 Season 2,FALSE,Maricopa,6000000333,6000003081
height,17069,83.063,MAC Field Scanner Field Plot 485 Season 2,FALSE,Maricopa,6000000333,6000003081
height,17070,83.063,MAC Field Scanner Field Plot 485 Season 2,FALSE,Maricopa,6000000333,6000003081
height,17071,85.707,MAC Field Scanner Field Plot 485 Season 2,FALSE,Maricopa,6000000333,6000003081
height,17022,31.505,MAC Field Scanner Field Plot 51 Season 2,FALSE,Maricopa,6000000334,6000002647
height,17025,31.505,MAC Field Scanner Field Plot 51 Season 2,FALSE,Maricopa,6000000334,6000002647
height,17037,30.844,MAC Field Scanner Field Plot 51 Season 2,FALSE,Maricopa,6000000334,6000002647
height,17041,32.827,MAC Field Scanner Field Plot 51 Season 2,FALSE,Maricopa,6000000334,6000002647
height,17043,32.827,MAC Field Scanner Field Plot 51 Season 2,FALSE,Maricopa,6000000334,6000002647
height,17049,33.488,MAC Field Scanner Field Plot 51 Season 2,FALSE,Maricopa,6000000334,6000002647
height,17050,33.488,MAC Field Scanner Field Plot 51 Season 2,FALSE,Maricopa,6000000334,6000002647
height,17053,55.301,MAC Field Scanner Field Plot 51 Season 2,FALSE,Maricopa,6000000334,6000002647
height,17057,63.233,MAC Field Scanner Field Plot 51 Season 2,FALSE,Maricopa,6000000334,6000002647
height,17061,66.538,MAC Field Scanner Field Plot 51 Season 2,FALSE,Maricopa,6000000334,6000002647
height,17064,69.182,MAC Field Scanner Field Plot 51 Season 2,FALSE,Maricopa,6000000334,6000002647
height,17071,73.809,MAC Field Scanner Field Plot 51 Season 2,FALSE,Maricopa,6000000334,6000002647
height,17022,32.166,MAC Field Scanner Field Plot 50 Season 2,FALSE,Maricopa,6000000334,6000002646
height,17025,32.166,MAC Field Scanner Field Plot 50 Season 2,FALSE,Maricopa,6000000334,6000002646
height,17037,32.166,MAC Field Scanner Field Plot 50 Season 2,FALSE,Maricopa,6000000334,6000002646
height,17041,33.488,MAC Field Scanner Field Plot 50 Season 2,FALSE,Maricopa,6000000334,6000002646
height,17043,33.488,MAC Field Scanner Field Plot 50 Season 2,FALSE,Maricopa,6000000334,6000002646
height,17049,34.149,MAC Field Scanner Field Plot 50 Season 2,FALSE,Maricopa,6000000334,6000002646
height,17050,34.149,MAC Field Scanner Field Plot 50 Season 2,FALSE,Maricopa,6000000334,6000002646
height,17053,61.911,MAC Field Scanner Field Plot 50 Season 2,FALSE,Maricopa,6000000334,6000002646
height,17057,66.538,MAC Field Scanner Field Plot 50 Season 2,FALSE,Maricopa,6000000334,6000002646
height,17061,66.538,MAC Field Scanner Field Plot 50 Season 2,FALSE,Maricopa,6000000334,6000002646
height,17064,69.843,MAC Field Scanner Field Plot 50 Season 2,FALSE,Maricopa,6000000334,6000002646
height,17071,75.792,MAC Field Scanner Field Plot 50 Season 2,FALSE,Maricopa,6000000334,6000002646
height,17021,31.505,MAC Field Scanner Field Plot 535 Season 2,FALSE,Maricopa,6000000334,6000003131
height,17022,31.505,MAC Field Scanner Field Plot 535 Season 2,FALSE,Maricopa,6000000334,6000003131
height,17024,32.166,MAC Field Scanner Field Plot 535 Season 2,FALSE,Maricopa,6000000334,6000003131
height,17026,32.166,MAC Field Scanner Field Plot 535 Season 2,FALSE,Maricopa,6000000334,6000003131
height,17028,31.505,MAC Field Scanner Field Plot 535 Season 2,FALSE,Maricopa,6000000334,6000003131
height,17029,31.505,MAC Field Scanner Field Plot 535 Season 2,FALSE,Maricopa,6000000334,6000003131
height,17030,31.505,MAC Field Scanner Field Plot 535 Season 2,FALSE,Maricopa,6000000334,6000003131
height,17036,31.505,MAC Field Scanner Field Plot 535 Season 2,FALSE,Maricopa,6000000334,6000003131
height,17038,32.166,MAC Field Scanner Field Plot 535 Season 2,FALSE,Maricopa,6000000334,6000003131
height,17040,32.166,MAC Field Scanner Field Plot 535 Season 2,FALSE,Maricopa,6000000334,6000003131
height,17042,32.166,MAC Field Scanner Field Plot 535 Season 2,FALSE,Maricopa,6000000334,6000003131
height,17046,32.166,MAC Field Scanner Field Plot 535 Season 2,FALSE,Maricopa,6000000334,6000003131
height,17049,32.827,MAC Field Scanner Field Plot 535 Season 2,FALSE,Maricopa,6000000334,6000003131
height,17051,56.623,MAC Field Scanner Field Plot 535 Season 2,FALSE,Maricopa,6000000334,6000003131
height,17053,59.928,MAC Field Scanner Field Plot 535 Season 2,FALSE,Maricopa,6000000334,6000003131
height,17054,62.572,MAC Field Scanner Field Plot 535 Season 2,FALSE,Maricopa,6000000334,6000003131
height,17055,65.216,MAC Field Scanner Field Plot 535 Season 2,FALSE,Maricopa,6000000334,6000003131
height,17056,66.538,MAC Field Scanner Field Plot 535 Season 2,FALSE,Maricopa,6000000334,6000003131
height,17058,67.199,MAC Field Scanner Field Plot 535 Season 2,FALSE,Maricopa,6000000334,6000003131
height,17059,68.521,MAC Field Scanner Field Plot 535 Season 2,FALSE,Maricopa,6000000334,6000003131
height,17064,68.521,MAC Field Scanner Field Plot 535 Season 2,FALSE,Maricopa,6000000334,6000003131
height,17067,70.504,MAC Field Scanner Field Plot 535 Season 2,FALSE,Maricopa,6000000334,6000003131
height,17068,72.487,MAC Field Scanner Field Plot 535 Season 2,FALSE,Maricopa,6000000334,6000003131
height,17070,73.148,MAC Field Scanner Field Plot 535 Season 2,FALSE,Maricopa,6000000334,6000003131
height,17071,74.47,MAC Field Scanner Field Plot 535 Season 2,FALSE,Maricopa,6000000334,6000003131
height,17021,31.505,MAC Field Scanner Field Plot 534 Season 2,FALSE,Maricopa,6000000334,6000003130
height,17022,32.166,MAC Field Scanner Field Plot 534 Season 2,FALSE,Maricopa,6000000334,6000003130
height,17024,31.505,MAC Field Scanner Field Plot 534 Season 2,FALSE,Maricopa,6000000334,6000003130
height,17026,32.166,MAC Field Scanner Field Plot 534 Season 2,FALSE,Maricopa,6000000334,6000003130
height,17028,31.505,MAC Field Scanner Field Plot 534 Season 2,FALSE,Maricopa,6000000334,6000003130
height,17029,31.505,MAC Field Scanner Field Plot 534 Season 2,FALSE,Maricopa,6000000334,6000003130
height,17030,32.166,MAC Field Scanner Field Plot 534 Season 2,FALSE,Maricopa,6000000334,6000003130
height,17036,31.505,MAC Field Scanner Field Plot 534 Season 2,FALSE,Maricopa,6000000334,6000003130
height,17038,33.488,MAC Field Scanner Field Plot 534 Season 2,FALSE,Maricopa,6000000334,6000003130
height,17040,33.488,MAC Field Scanner Field Plot 534 Season 2,FALSE,Maricopa,6000000334,6000003130
height,17042,32.827,MAC Field Scanner Field Plot 534 Season 2,FALSE,Maricopa,6000000334,6000003130
height,17046,34.149,MAC Field Scanner Field Plot 534 Season 2,FALSE,Maricopa,6000000334,6000003130
height,17049,34.149,MAC Field Scanner Field Plot 534 Season 2,FALSE,Maricopa,6000000334,6000003130
height,17051,57.945,MAC Field Scanner Field Plot 534 Season 2,FALSE,Maricopa,6000000334,6000003130
height,17053,60.589,MAC Field Scanner Field Plot 534 Season 2,FALSE,Maricopa,6000000334,6000003130
height,17054,63.894,MAC Field Scanner Field Plot 534 Season 2,FALSE,Maricopa,6000000334,6000003130
height,17055,65.216,MAC Field Scanner Field Plot 534 Season 2,FALSE,Maricopa,6000000334,6000003130
height,17056,67.199,MAC Field Scanner Field Plot 534 Season 2,FALSE,Maricopa,6000000334,6000003130
height,17058,67.199,MAC Field Scanner Field Plot 534 Season 2,FALSE,Maricopa,6000000334,6000003130
height,17059,68.521,MAC Field Scanner Field Plot 534 Season 2,FALSE,Maricopa,6000000334,6000003130
height,17064,70.504,MAC Field Scanner Field Plot 534 Season 2,FALSE,Maricopa,6000000334,6000003130
height,17067,73.809,MAC Field Scanner Field Plot 534 Season 2,FALSE,Maricopa,6000000334,6000003130
height,17068,75.131,MAC Field Scanner Field Plot 534 Season 2,FALSE,Maricopa,6000000334,6000003130
height,17070,75.792,MAC Field Scanner Field Plot 534 Season 2,FALSE,Maricopa,6000000334,6000003130
height,17071,76.453,MAC Field Scanner Field Plot 534 Season 2,FALSE,Maricopa,6000000334,6000003130
height,17022,32.166,MAC Field Scanner Field Plot 134 Season 2,FALSE,Maricopa,6000000335,6000002730
height,17025,32.166,MAC Field Scanner Field Plot 134 Season 2,FALSE,Maricopa,6000000335,6000002730
height,17026,32.166,MAC Field Scanner Field Plot 134 Season 2,FALSE,Maricopa,6000000335,6000002730
height,17027,32.166,MAC Field Scanner Field Plot 134 Season 2,FALSE,Maricopa,6000000335,6000002730
height,17028,31.505,MAC Field Scanner Field Plot 134 Season 2,FALSE,Maricopa,6000000335,6000002730
height,17029,32.166,MAC Field Scanner Field Plot 134 Season 2,FALSE,Maricopa,6000000335,6000002730
height,17030,32.166,MAC Field Scanner Field Plot 134 Season 2,FALSE,Maricopa,6000000335,6000002730
height,17031,32.166,MAC Field Scanner Field Plot 134 Season 2,FALSE,Maricopa,6000000335,6000002730
height,17037,31.505,MAC Field Scanner Field Plot 134 Season 2,FALSE,Maricopa,6000000335,6000002730
height,17039,32.827,MAC Field Scanner Field Plot 134 Season 2,FALSE,Maricopa,6000000335,6000002730
height,17040,32.827,MAC Field Scanner Field Plot 134 Season 2,FALSE,Maricopa,6000000335,6000002730
height,17043,32.827,MAC Field Scanner Field Plot 134 Season 2,FALSE,Maricopa,6000000335,6000002730
height,17047,33.488,MAC Field Scanner Field Plot 134 Season 2,FALSE,Maricopa,6000000335,6000002730
height,17049,33.488,MAC Field Scanner Field Plot 134 Season 2,FALSE,Maricopa,6000000335,6000002730
height,17050,33.488,MAC Field Scanner Field Plot 134 Season 2,FALSE,Maricopa,6000000335,6000002730
height,17051,57.945,MAC Field Scanner Field Plot 134 Season 2,FALSE,Maricopa,6000000335,6000002730
height,17052,46.708,MAC Field Scanner Field Plot 134 Season 2,FALSE,Maricopa,6000000335,6000002730
height,17053,50.013,MAC Field Scanner Field Plot 134 Season 2,FALSE,Maricopa,6000000335,6000002730
height,17054,53.318,MAC Field Scanner Field Plot 134 Season 2,FALSE,Maricopa,6000000335,6000002730
height,17056,57.945,MAC Field Scanner Field Plot 134 Season 2,FALSE,Maricopa,6000000335,6000002730
height,17057,61.25,MAC Field Scanner Field Plot 134 Season 2,FALSE,Maricopa,6000000335,6000002730
height,17058,62.572,MAC Field Scanner Field Plot 134 Season 2,FALSE,Maricopa,6000000335,6000002730
height,17061,67.199,MAC Field Scanner Field Plot 134 Season 2,FALSE,Maricopa,6000000335,6000002730
height,17064,71.165,MAC Field Scanner Field Plot 134 Season 2,FALSE,Maricopa,6000000335,6000002730
height,17067,73.148,MAC Field Scanner Field Plot 134 Season 2,FALSE,Maricopa,6000000335,6000002730
height,17069,75.131,MAC Field Scanner Field Plot 134 Season 2,FALSE,Maricopa,6000000335,6000002730
height,17070,76.453,MAC Field Scanner Field Plot 134 Season 2,FALSE,Maricopa,6000000335,6000002730
height,17071,76.453,MAC Field Scanner Field Plot 134 Season 2,FALSE,Maricopa,6000000335,6000002730
height,17022,31.505,MAC Field Scanner Field Plot 135 Season 2,FALSE,Maricopa,6000000335,6000002731
height,17025,31.505,MAC Field Scanner Field Plot 135 Season 2,FALSE,Maricopa,6000000335,6000002731
height,17026,31.505,MAC Field Scanner Field Plot 135 Season 2,FALSE,Maricopa,6000000335,6000002731
height,17027,31.505,MAC Field Scanner Field Plot 135 Season 2,FALSE,Maricopa,6000000335,6000002731
height,17028,31.505,MAC Field Scanner Field Plot 135 Season 2,FALSE,Maricopa,6000000335,6000002731
height,17029,31.505,MAC Field Scanner Field Plot 135 Season 2,FALSE,Maricopa,6000000335,6000002731
height,17030,31.505,MAC Field Scanner Field Plot 135 Season 2,FALSE,Maricopa,6000000335,6000002731
height,17031,31.505,MAC Field Scanner Field Plot 135 Season 2,FALSE,Maricopa,6000000335,6000002731
height,17037,31.505,MAC Field Scanner Field Plot 135 Season 2,FALSE,Maricopa,6000000335,6000002731
height,17039,34.149,MAC Field Scanner Field Plot 135 Season 2,FALSE,Maricopa,6000000335,6000002731
height,17040,33.488,MAC Field Scanner Field Plot 135 Season 2,FALSE,Maricopa,6000000335,6000002731
height,17043,34.149,MAC Field Scanner Field Plot 135 Season 2,FALSE,Maricopa,6000000335,6000002731
height,17047,33.488,MAC Field Scanner Field Plot 135 Season 2,FALSE,Maricopa,6000000335,6000002731
height,17049,34.149,MAC Field Scanner Field Plot 135 Season 2,FALSE,Maricopa,6000000335,6000002731
height,17050,34.149,MAC Field Scanner Field Plot 135 Season 2,FALSE,Maricopa,6000000335,6000002731
height,17051,34.149,MAC Field Scanner Field Plot 135 Season 2,FALSE,Maricopa,6000000335,6000002731
height,17052,34.81,MAC Field Scanner Field Plot 135 Season 2,FALSE,Maricopa,6000000335,6000002731
height,17053,35.471,MAC Field Scanner Field Plot 135 Season 2,FALSE,Maricopa,6000000335,6000002731
height,17054,35.471,MAC Field Scanner Field Plot 135 Season 2,FALSE,Maricopa,6000000335,6000002731
height,17056,42.081,MAC Field Scanner Field Plot 135 Season 2,FALSE,Maricopa,6000000335,6000002731
height,17057,46.708,MAC Field Scanner Field Plot 135 Season 2,FALSE,Maricopa,6000000335,6000002731
height,17058,49.352,MAC Field Scanner Field Plot 135 Season 2,FALSE,Maricopa,6000000335,6000002731
height,17061,56.623,MAC Field Scanner Field Plot 135 Season 2,FALSE,Maricopa,6000000335,6000002731
height,17064,63.233,MAC Field Scanner Field Plot 135 Season 2,FALSE,Maricopa,6000000335,6000002731
height,17067,66.538,MAC Field Scanner Field Plot 135 Season 2,FALSE,Maricopa,6000000335,6000002731
height,17069,68.521,MAC Field Scanner Field Plot 135 Season 2,FALSE,Maricopa,6000000335,6000002731
height,17070,69.843,MAC Field Scanner Field Plot 135 Season 2,FALSE,Maricopa,6000000335,6000002731
height,17071,71.826,MAC Field Scanner Field Plot 135 Season 2,FALSE,Maricopa,6000000335,6000002731
height,17021,32.166,MAC Field Scanner Field Plot 676 Season 2,FALSE,Maricopa,6000000335,6000003272
height,17024,31.505,MAC Field Scanner Field Plot 676 Season 2,FALSE,Maricopa,6000000335,6000003272
height,17025,31.505,MAC Field Scanner Field Plot 676 Season 2,FALSE,Maricopa,6000000335,6000003272
height,17026,31.505,MAC Field Scanner Field Plot 676 Season 2,FALSE,Maricopa,6000000335,6000003272
height,17027,31.505,MAC Field Scanner Field Plot 676 Season 2,FALSE,Maricopa,6000000335,6000003272
height,17029,31.505,MAC Field Scanner Field Plot 676 Season 2,FALSE,Maricopa,6000000335,6000003272
height,17030,32.166,MAC Field Scanner Field Plot 676 Season 2,FALSE,Maricopa,6000000335,6000003272
height,17031,32.166,MAC Field Scanner Field Plot 676 Season 2,FALSE,Maricopa,6000000335,6000003272
height,17036,31.505,MAC Field Scanner Field Plot 676 Season 2,FALSE,Maricopa,6000000335,6000003272
height,17037,31.505,MAC Field Scanner Field Plot 676 Season 2,FALSE,Maricopa,6000000335,6000003272
height,17038,32.827,MAC Field Scanner Field Plot 676 Season 2,FALSE,Maricopa,6000000335,6000003272
height,17040,32.827,MAC Field Scanner Field Plot 676 Season 2,FALSE,Maricopa,6000000335,6000003272
height,17042,32.827,MAC Field Scanner Field Plot 676 Season 2,FALSE,Maricopa,6000000335,6000003272
height,17046,32.827,MAC Field Scanner Field Plot 676 Season 2,FALSE,Maricopa,6000000335,6000003272
height,17048,32.827,MAC Field Scanner Field Plot 676 Season 2,FALSE,Maricopa,6000000335,6000003272
height,17049,32.827,MAC Field Scanner Field Plot 676 Season 2,FALSE,Maricopa,6000000335,6000003272
height,17050,33.488,MAC Field Scanner Field Plot 676 Season 2,FALSE,Maricopa,6000000335,6000003272
height,17051,33.488,MAC Field Scanner Field Plot 676 Season 2,FALSE,Maricopa,6000000335,6000003272
height,17052,34.149,MAC Field Scanner Field Plot 676 Season 2,FALSE,Maricopa,6000000335,6000003272
height,17054,38.776,MAC Field Scanner Field Plot 676 Season 2,FALSE,Maricopa,6000000335,6000003272
height,17055,44.064,MAC Field Scanner Field Plot 676 Season 2,FALSE,Maricopa,6000000335,6000003272
height,17056,48.691,MAC Field Scanner Field Plot 676 Season 2,FALSE,Maricopa,6000000335,6000003272
height,17057,50.674,MAC Field Scanner Field Plot 676 Season 2,FALSE,Maricopa,6000000335,6000003272
height,17059,55.301,MAC Field Scanner Field Plot 676 Season 2,FALSE,Maricopa,6000000335,6000003272
height,17064,62.572,MAC Field Scanner Field Plot 676 Season 2,FALSE,Maricopa,6000000335,6000003272
height,17066,66.538,MAC Field Scanner Field Plot 676 Season 2,FALSE,Maricopa,6000000335,6000003272
height,17068,67.86,MAC Field Scanner Field Plot 676 Season 2,FALSE,Maricopa,6000000335,6000003272
height,17069,69.182,MAC Field Scanner Field Plot 676 Season 2,FALSE,Maricopa,6000000335,6000003272
height,17071,69.843,MAC Field Scanner Field Plot 676 Season 2,FALSE,Maricopa,6000000335,6000003272
height,17072,71.165,MAC Field Scanner Field Plot 676 Season 2,FALSE,Maricopa,6000000335,6000003272
height,17021,31.505,MAC Field Scanner Field Plot 677 Season 2,FALSE,Maricopa,6000000335,6000003273
height,17024,31.505,MAC Field Scanner Field Plot 677 Season 2,FALSE,Maricopa,6000000335,6000003273
height,17025,31.505,MAC Field Scanner Field Plot 677 Season 2,FALSE,Maricopa,6000000335,6000003273
height,17026,31.505,MAC Field Scanner Field Plot 677 Season 2,FALSE,Maricopa,6000000335,6000003273
height,17027,31.505,MAC Field Scanner Field Plot 677 Season 2,FALSE,Maricopa,6000000335,6000003273
height,17029,31.505,MAC Field Scanner Field Plot 677 Season 2,FALSE,Maricopa,6000000335,6000003273
height,17030,32.166,MAC Field Scanner Field Plot 677 Season 2,FALSE,Maricopa,6000000335,6000003273
height,17031,32.166,MAC Field Scanner Field Plot 677 Season 2,FALSE,Maricopa,6000000335,6000003273
height,17036,31.505,MAC Field Scanner Field Plot 677 Season 2,FALSE,Maricopa,6000000335,6000003273
height,17037,31.505,MAC Field Scanner Field Plot 677 Season 2,FALSE,Maricopa,6000000335,6000003273
height,17038,32.827,MAC Field Scanner Field Plot 677 Season 2,FALSE,Maricopa,6000000335,6000003273
height,17040,32.827,MAC Field Scanner Field Plot 677 Season 2,FALSE,Maricopa,6000000335,6000003273
height,17042,33.488,MAC Field Scanner Field Plot 677 Season 2,FALSE,Maricopa,6000000335,6000003273
height,17046,34.149,MAC Field Scanner Field Plot 677 Season 2,FALSE,Maricopa,6000000335,6000003273
height,17048,33.488,MAC Field Scanner Field Plot 677 Season 2,FALSE,Maricopa,6000000335,6000003273
height,17049,34.149,MAC Field Scanner Field Plot 677 Season 2,FALSE,Maricopa,6000000335,6000003273
height,17050,38.115,MAC Field Scanner Field Plot 677 Season 2,FALSE,Maricopa,6000000335,6000003273
height,17051,41.42,MAC Field Scanner Field Plot 677 Season 2,FALSE,Maricopa,6000000335,6000003273
height,17052,43.403,MAC Field Scanner Field Plot 677 Season 2,FALSE,Maricopa,6000000335,6000003273
height,17054,46.708,MAC Field Scanner Field Plot 677 Season 2,FALSE,Maricopa,6000000335,6000003273
height,17055,51.335,MAC Field Scanner Field Plot 677 Season 2,FALSE,Maricopa,6000000335,6000003273
height,17056,55.962,MAC Field Scanner Field Plot 677 Season 2,FALSE,Maricopa,6000000335,6000003273
height,17057,57.945,MAC Field Scanner Field Plot 677 Season 2,FALSE,Maricopa,6000000335,6000003273
height,17059,61.25,MAC Field Scanner Field Plot 677 Season 2,FALSE,Maricopa,6000000335,6000003273
height,17064,68.521,MAC Field Scanner Field Plot 677 Season 2,FALSE,Maricopa,6000000335,6000003273
height,17066,71.826,MAC Field Scanner Field Plot 677 Season 2,FALSE,Maricopa,6000000335,6000003273
height,17068,72.487,MAC Field Scanner Field Plot 677 Season 2,FALSE,Maricopa,6000000335,6000003273
height,17069,73.148,MAC Field Scanner Field Plot 677 Season 2,FALSE,Maricopa,6000000335,6000003273
height,17071,75.131,MAC Field Scanner Field Plot 677 Season 2,FALSE,Maricopa,6000000335,6000003273
height,17072,75.792,MAC Field Scanner Field Plot 677 Season 2,FALSE,Maricopa,6000000335,6000003273
height,17022,32.166,MAC Field Scanner Field Plot 104 Season 2,FALSE,Maricopa,6000000336,6000002700
height,17025,31.505,MAC Field Scanner Field Plot 104 Season 2,FALSE,Maricopa,6000000336,6000002700
height,17026,31.505,MAC Field Scanner Field Plot 104 Season 2,FALSE,Maricopa,6000000336,6000002700
height,17027,32.166,MAC Field Scanner Field Plot 104 Season 2,FALSE,Maricopa,6000000336,6000002700
height,17028,31.505,MAC Field Scanner Field Plot 104 Season 2,FALSE,Maricopa,6000000336,6000002700
height,17029,32.166,MAC Field Scanner Field Plot 104 Season 2,FALSE,Maricopa,6000000336,6000002700
height,17030,31.505,MAC Field Scanner Field Plot 104 Season 2,FALSE,Maricopa,6000000336,6000002700
height,17031,31.505,MAC Field Scanner Field Plot 104 Season 2,FALSE,Maricopa,6000000336,6000002700
height,17037,31.505,MAC Field Scanner Field Plot 104 Season 2,FALSE,Maricopa,6000000336,6000002700
height,17039,32.827,MAC Field Scanner Field Plot 104 Season 2,FALSE,Maricopa,6000000336,6000002700
height,17040,32.827,MAC Field Scanner Field Plot 104 Season 2,FALSE,Maricopa,6000000336,6000002700
height,17043,32.827,MAC Field Scanner Field Plot 104 Season 2,FALSE,Maricopa,6000000336,6000002700
height,17047,33.488,MAC Field Scanner Field Plot 104 Season 2,FALSE,Maricopa,6000000336,6000002700
height,17049,33.488,MAC Field Scanner Field Plot 104 Season 2,FALSE,Maricopa,6000000336,6000002700
height,17050,33.488,MAC Field Scanner Field Plot 104 Season 2,FALSE,Maricopa,6000000336,6000002700
height,17051,56.623,MAC Field Scanner Field Plot 104 Season 2,FALSE,Maricopa,6000000336,6000002700
height,17052,58.606,MAC Field Scanner Field Plot 104 Season 2,FALSE,Maricopa,6000000336,6000002700
height,17053,61.25,MAC Field Scanner Field Plot 104 Season 2,FALSE,Maricopa,6000000336,6000002700
height,17054,63.233,MAC Field Scanner Field Plot 104 Season 2,FALSE,Maricopa,6000000336,6000002700
height,17056,67.86,MAC Field Scanner Field Plot 104 Season 2,FALSE,Maricopa,6000000336,6000002700
height,17057,70.504,MAC Field Scanner Field Plot 104 Season 2,FALSE,Maricopa,6000000336,6000002700
height,17058,72.487,MAC Field Scanner Field Plot 104 Season 2,FALSE,Maricopa,6000000336,6000002700
height,17061,77.775,MAC Field Scanner Field Plot 104 Season 2,FALSE,Maricopa,6000000336,6000002700
height,17064,81.741,MAC Field Scanner Field Plot 104 Season 2,FALSE,Maricopa,6000000336,6000002700
height,17067,86.368,MAC Field Scanner Field Plot 104 Season 2,FALSE,Maricopa,6000000336,6000002700
height,17069,87.69,MAC Field Scanner Field Plot 104 Season 2,FALSE,Maricopa,6000000336,6000002700
height,17070,88.351,MAC Field Scanner Field Plot 104 Season 2,FALSE,Maricopa,6000000336,6000002700
height,17071,89.012,MAC Field Scanner Field Plot 104 Season 2,FALSE,Maricopa,6000000336,6000002700
height,17022,31.505,MAC Field Scanner Field Plot 105 Season 2,FALSE,Maricopa,6000000336,6000002701
height,17025,31.505,MAC Field Scanner Field Plot 105 Season 2,FALSE,Maricopa,6000000336,6000002701
height,17026,31.505,MAC Field Scanner Field Plot 105 Season 2,FALSE,Maricopa,6000000336,6000002701
height,17027,31.505,MAC Field Scanner Field Plot 105 Season 2,FALSE,Maricopa,6000000336,6000002701
height,17028,31.505,MAC Field Scanner Field Plot 105 Season 2,FALSE,Maricopa,6000000336,6000002701
height,17029,31.505,MAC Field Scanner Field Plot 105 Season 2,FALSE,Maricopa,6000000336,6000002701
height,17030,31.505,MAC Field Scanner Field Plot 105 Season 2,FALSE,Maricopa,6000000336,6000002701
height,17031,31.505,MAC Field Scanner Field Plot 105 Season 2,FALSE,Maricopa,6000000336,6000002701
height,17037,31.505,MAC Field Scanner Field Plot 105 Season 2,FALSE,Maricopa,6000000336,6000002701
height,17039,32.827,MAC Field Scanner Field Plot 105 Season 2,FALSE,Maricopa,6000000336,6000002701
height,17040,32.827,MAC Field Scanner Field Plot 105 Season 2,FALSE,Maricopa,6000000336,6000002701
height,17043,32.827,MAC Field Scanner Field Plot 105 Season 2,FALSE,Maricopa,6000000336,6000002701
height,17047,33.488,MAC Field Scanner Field Plot 105 Season 2,FALSE,Maricopa,6000000336,6000002701
height,17049,33.488,MAC Field Scanner Field Plot 105 Season 2,FALSE,Maricopa,6000000336,6000002701
height,17050,33.488,MAC Field Scanner Field Plot 105 Season 2,FALSE,Maricopa,6000000336,6000002701
height,17051,56.623,MAC Field Scanner Field Plot 105 Season 2,FALSE,Maricopa,6000000336,6000002701
height,17052,58.606,MAC Field Scanner Field Plot 105 Season 2,FALSE,Maricopa,6000000336,6000002701
height,17053,61.911,MAC Field Scanner Field Plot 105 Season 2,FALSE,Maricopa,6000000336,6000002701
height,17054,64.555,MAC Field Scanner Field Plot 105 Season 2,FALSE,Maricopa,6000000336,6000002701
height,17056,68.521,MAC Field Scanner Field Plot 105 Season 2,FALSE,Maricopa,6000000336,6000002701
height,17057,70.504,MAC Field Scanner Field Plot 105 Season 2,FALSE,Maricopa,6000000336,6000002701
height,17058,73.148,MAC Field Scanner Field Plot 105 Season 2,FALSE,Maricopa,6000000336,6000002701
height,17061,79.097,MAC Field Scanner Field Plot 105 Season 2,FALSE,Maricopa,6000000336,6000002701
height,17064,82.402,MAC Field Scanner Field Plot 105 Season 2,FALSE,Maricopa,6000000336,6000002701
height,17067,86.368,MAC Field Scanner Field Plot 105 Season 2,FALSE,Maricopa,6000000336,6000002701
height,17069,87.029,MAC Field Scanner Field Plot 105 Season 2,FALSE,Maricopa,6000000336,6000002701
height,17070,88.351,MAC Field Scanner Field Plot 105 Season 2,FALSE,Maricopa,6000000336,6000002701
height,17071,88.351,MAC Field Scanner Field Plot 105 Season 2,FALSE,Maricopa,6000000336,6000002701
height,17021,31.505,MAC Field Scanner Field Plot 706 Season 2,FALSE,Maricopa,6000000336,6000003302
height,17024,32.166,MAC Field Scanner Field Plot 706 Season 2,FALSE,Maricopa,6000000336,6000003302
height,17025,31.505,MAC Field Scanner Field Plot 706 Season 2,FALSE,Maricopa,6000000336,6000003302
height,17026,32.166,MAC Field Scanner Field Plot 706 Season 2,FALSE,Maricopa,6000000336,6000003302
height,17027,31.505,MAC Field Scanner Field Plot 706 Season 2,FALSE,Maricopa,6000000336,6000003302
height,17028,31.505,MAC Field Scanner Field Plot 706 Season 2,FALSE,Maricopa,6000000336,6000003302
height,17029,31.505,MAC Field Scanner Field Plot 706 Season 2,FALSE,Maricopa,6000000336,6000003302
height,17030,31.505,MAC Field Scanner Field Plot 706 Season 2,FALSE,Maricopa,6000000336,6000003302
height,17031,31.505,MAC Field Scanner Field Plot 706 Season 2,FALSE,Maricopa,6000000336,6000003302
height,17036,31.505,MAC Field Scanner Field Plot 706 Season 2,FALSE,Maricopa,6000000336,6000003302
height,17037,32.166,MAC Field Scanner Field Plot 706 Season 2,FALSE,Maricopa,6000000336,6000003302
height,17038,32.827,MAC Field Scanner Field Plot 706 Season 2,FALSE,Maricopa,6000000336,6000003302
height,17040,32.827,MAC Field Scanner Field Plot 706 Season 2,FALSE,Maricopa,6000000336,6000003302
height,17042,32.166,MAC Field Scanner Field Plot 706 Season 2,FALSE,Maricopa,6000000336,6000003302
height,17046,32.827,MAC Field Scanner Field Plot 706 Season 2,FALSE,Maricopa,6000000336,6000003302
height,17048,32.827,MAC Field Scanner Field Plot 706 Season 2,FALSE,Maricopa,6000000336,6000003302
height,17049,32.827,MAC Field Scanner Field Plot 706 Season 2,FALSE,Maricopa,6000000336,6000003302
height,17050,60.589,MAC Field Scanner Field Plot 706 Season 2,FALSE,Maricopa,6000000336,6000003302
height,17051,63.233,MAC Field Scanner Field Plot 706 Season 2,FALSE,Maricopa,6000000336,6000003302
height,17052,65.216,MAC Field Scanner Field Plot 706 Season 2,FALSE,Maricopa,6000000336,6000003302
height,17054,67.86,MAC Field Scanner Field Plot 706 Season 2,FALSE,Maricopa,6000000336,6000003302
height,17055,71.165,MAC Field Scanner Field Plot 706 Season 2,FALSE,Maricopa,6000000336,6000003302
height,17056,73.809,MAC Field Scanner Field Plot 706 Season 2,FALSE,Maricopa,6000000336,6000003302
height,17057,75.792,MAC Field Scanner Field Plot 706 Season 2,FALSE,Maricopa,6000000336,6000003302
height,17059,77.775,MAC Field Scanner Field Plot 706 Season 2,FALSE,Maricopa,6000000336,6000003302
height,17064,83.063,MAC Field Scanner Field Plot 706 Season 2,FALSE,Maricopa,6000000336,6000003302
height,17066,87.029,MAC Field Scanner Field Plot 706 Season 2,FALSE,Maricopa,6000000336,6000003302
height,17068,87.029,MAC Field Scanner Field Plot 706 Season 2,FALSE,Maricopa,6000000336,6000003302
height,17069,87.69,MAC Field Scanner Field Plot 706 Season 2,FALSE,Maricopa,6000000336,6000003302
height,17071,89.673,MAC Field Scanner Field Plot 706 Season 2,FALSE,Maricopa,6000000336,6000003302
height,17072,89.673,MAC Field Scanner Field Plot 706 Season 2,FALSE,Maricopa,6000000336,6000003302
height,17021,31.505,MAC Field Scanner Field Plot 707 Season 2,FALSE,Maricopa,6000000336,6000003303
height,17024,32.166,MAC Field Scanner Field Plot 707 Season 2,FALSE,Maricopa,6000000336,6000003303
height,17025,31.505,MAC Field Scanner Field Plot 707 Season 2,FALSE,Maricopa,6000000336,6000003303
height,17026,32.166,MAC Field Scanner Field Plot 707 Season 2,FALSE,Maricopa,6000000336,6000003303
height,17027,31.505,MAC Field Scanner Field Plot 707 Season 2,FALSE,Maricopa,6000000336,6000003303
height,17028,31.505,MAC Field Scanner Field Plot 707 Season 2,FALSE,Maricopa,6000000336,6000003303
height,17029,31.505,MAC Field Scanner Field Plot 707 Season 2,FALSE,Maricopa,6000000336,6000003303
height,17030,31.505,MAC Field Scanner Field Plot 707 Season 2,FALSE,Maricopa,6000000336,6000003303
height,17031,31.505,MAC Field Scanner Field Plot 707 Season 2,FALSE,Maricopa,6000000336,6000003303
height,17036,31.505,MAC Field Scanner Field Plot 707 Season 2,FALSE,Maricopa,6000000336,6000003303
height,17037,32.166,MAC Field Scanner Field Plot 707 Season 2,FALSE,Maricopa,6000000336,6000003303
height,17038,32.827,MAC Field Scanner Field Plot 707 Season 2,FALSE,Maricopa,6000000336,6000003303
height,17040,32.827,MAC Field Scanner Field Plot 707 Season 2,FALSE,Maricopa,6000000336,6000003303
height,17042,32.827,MAC Field Scanner Field Plot 707 Season 2,FALSE,Maricopa,6000000336,6000003303
height,17046,32.827,MAC Field Scanner Field Plot 707 Season 2,FALSE,Maricopa,6000000336,6000003303
height,17048,33.488,MAC Field Scanner Field Plot 707 Season 2,FALSE,Maricopa,6000000336,6000003303
height,17049,32.827,MAC Field Scanner Field Plot 707 Season 2,FALSE,Maricopa,6000000336,6000003303
height,17050,56.623,MAC Field Scanner Field Plot 707 Season 2,FALSE,Maricopa,6000000336,6000003303
height,17051,58.606,MAC Field Scanner Field Plot 707 Season 2,FALSE,Maricopa,6000000336,6000003303
height,17052,60.589,MAC Field Scanner Field Plot 707 Season 2,FALSE,Maricopa,6000000336,6000003303
height,17054,64.555,MAC Field Scanner Field Plot 707 Season 2,FALSE,Maricopa,6000000336,6000003303
height,17055,67.86,MAC Field Scanner Field Plot 707 Season 2,FALSE,Maricopa,6000000336,6000003303
height,17056,70.504,MAC Field Scanner Field Plot 707 Season 2,FALSE,Maricopa,6000000336,6000003303
height,17057,71.826,MAC Field Scanner Field Plot 707 Season 2,FALSE,Maricopa,6000000336,6000003303
height,17059,75.131,MAC Field Scanner Field Plot 707 Season 2,FALSE,Maricopa,6000000336,6000003303
height,17064,80.419,MAC Field Scanner Field Plot 707 Season 2,FALSE,Maricopa,6000000336,6000003303
height,17066,83.063,MAC Field Scanner Field Plot 707 Season 2,FALSE,Maricopa,6000000336,6000003303
height,17068,84.385,MAC Field Scanner Field Plot 707 Season 2,FALSE,Maricopa,6000000336,6000003303
height,17069,84.385,MAC Field Scanner Field Plot 707 Season 2,FALSE,Maricopa,6000000336,6000003303
height,17071,87.029,MAC Field Scanner Field Plot 707 Season 2,FALSE,Maricopa,6000000336,6000003303
height,17072,85.707,MAC Field Scanner Field Plot 707 Season 2,FALSE,Maricopa,6000000336,6000003303
height,17022,31.505,MAC Field Scanner Field Plot 157 Season 2,FALSE,Maricopa,6000000337,6000002753
height,17025,32.166,MAC Field Scanner Field Plot 157 Season 2,FALSE,Maricopa,6000000337,6000002753
height,17026,31.505,MAC Field Scanner Field Plot 157 Season 2,FALSE,Maricopa,6000000337,6000002753
height,17027,32.166,MAC Field Scanner Field Plot 157 Season 2,FALSE,Maricopa,6000000337,6000002753
height,17028,30.844,MAC Field Scanner Field Plot 157 Season 2,FALSE,Maricopa,6000000337,6000002753
height,17029,31.505,MAC Field Scanner Field Plot 157 Season 2,FALSE,Maricopa,6000000337,6000002753
height,17030,31.505,MAC Field Scanner Field Plot 157 Season 2,FALSE,Maricopa,6000000337,6000002753
height,17031,32.166,MAC Field Scanner Field Plot 157 Season 2,FALSE,Maricopa,6000000337,6000002753
height,17037,31.505,MAC Field Scanner Field Plot 157 Season 2,FALSE,Maricopa,6000000337,6000002753
height,17039,33.488,MAC Field Scanner Field Plot 157 Season 2,FALSE,Maricopa,6000000337,6000002753
height,17040,33.488,MAC Field Scanner Field Plot 157 Season 2,FALSE,Maricopa,6000000337,6000002753
height,17043,32.827,MAC Field Scanner Field Plot 157 Season 2,FALSE,Maricopa,6000000337,6000002753
height,17047,33.488,MAC Field Scanner Field Plot 157 Season 2,FALSE,Maricopa,6000000337,6000002753
height,17049,33.488,MAC Field Scanner Field Plot 157 Season 2,FALSE,Maricopa,6000000337,6000002753
height,17050,33.488,MAC Field Scanner Field Plot 157 Season 2,FALSE,Maricopa,6000000337,6000002753
height,17051,50.674,MAC Field Scanner Field Plot 157 Season 2,FALSE,Maricopa,6000000337,6000002753
height,17052,52.657,MAC Field Scanner Field Plot 157 Season 2,FALSE,Maricopa,6000000337,6000002753
height,17053,54.64,MAC Field Scanner Field Plot 157 Season 2,FALSE,Maricopa,6000000337,6000002753
height,17054,57.945,MAC Field Scanner Field Plot 157 Season 2,FALSE,Maricopa,6000000337,6000002753
height,17056,61.25,MAC Field Scanner Field Plot 157 Season 2,FALSE,Maricopa,6000000337,6000002753
height,17057,63.894,MAC Field Scanner Field Plot 157 Season 2,FALSE,Maricopa,6000000337,6000002753
height,17058,65.216,MAC Field Scanner Field Plot 157 Season 2,FALSE,Maricopa,6000000337,6000002753
height,17061,69.843,MAC Field Scanner Field Plot 157 Season 2,FALSE,Maricopa,6000000337,6000002753
height,17064,73.809,MAC Field Scanner Field Plot 157 Season 2,FALSE,Maricopa,6000000337,6000002753
height,17067,75.792,MAC Field Scanner Field Plot 157 Season 2,FALSE,Maricopa,6000000337,6000002753
height,17069,76.453,MAC Field Scanner Field Plot 157 Season 2,FALSE,Maricopa,6000000337,6000002753
height,17070,77.775,MAC Field Scanner Field Plot 157 Season 2,FALSE,Maricopa,6000000337,6000002753
height,17071,78.436,MAC Field Scanner Field Plot 157 Season 2,FALSE,Maricopa,6000000337,6000002753
height,17022,31.505,MAC Field Scanner Field Plot 156 Season 2,FALSE,Maricopa,6000000337,6000002752
height,17025,31.505,MAC Field Scanner Field Plot 156 Season 2,FALSE,Maricopa,6000000337,6000002752
height,17026,30.844,MAC Field Scanner Field Plot 156 Season 2,FALSE,Maricopa,6000000337,6000002752
height,17027,31.505,MAC Field Scanner Field Plot 156 Season 2,FALSE,Maricopa,6000000337,6000002752
height,17028,31.505,MAC Field Scanner Field Plot 156 Season 2,FALSE,Maricopa,6000000337,6000002752
height,17029,30.844,MAC Field Scanner Field Plot 156 Season 2,FALSE,Maricopa,6000000337,6000002752
height,17030,31.505,MAC Field Scanner Field Plot 156 Season 2,FALSE,Maricopa,6000000337,6000002752
height,17031,31.505,MAC Field Scanner Field Plot 156 Season 2,FALSE,Maricopa,6000000337,6000002752
height,17037,32.166,MAC Field Scanner Field Plot 156 Season 2,FALSE,Maricopa,6000000337,6000002752
height,17039,32.166,MAC Field Scanner Field Plot 156 Season 2,FALSE,Maricopa,6000000337,6000002752
height,17040,32.166,MAC Field Scanner Field Plot 156 Season 2,FALSE,Maricopa,6000000337,6000002752
height,17043,32.166,MAC Field Scanner Field Plot 156 Season 2,FALSE,Maricopa,6000000337,6000002752
height,17047,32.827,MAC Field Scanner Field Plot 156 Season 2,FALSE,Maricopa,6000000337,6000002752
height,17049,32.827,MAC Field Scanner Field Plot 156 Season 2,FALSE,Maricopa,6000000337,6000002752
height,17050,32.827,MAC Field Scanner Field Plot 156 Season 2,FALSE,Maricopa,6000000337,6000002752
height,17051,52.657,MAC Field Scanner Field Plot 156 Season 2,FALSE,Maricopa,6000000337,6000002752
height,17052,54.64,MAC Field Scanner Field Plot 156 Season 2,FALSE,Maricopa,6000000337,6000002752
height,17053,57.284,MAC Field Scanner Field Plot 156 Season 2,FALSE,Maricopa,6000000337,6000002752
height,17054,60.589,MAC Field Scanner Field Plot 156 Season 2,FALSE,Maricopa,6000000337,6000002752
height,17056,63.233,MAC Field Scanner Field Plot 156 Season 2,FALSE,Maricopa,6000000337,6000002752
height,17057,65.216,MAC Field Scanner Field Plot 156 Season 2,FALSE,Maricopa,6000000337,6000002752
height,17058,66.538,MAC Field Scanner Field Plot 156 Season 2,FALSE,Maricopa,6000000337,6000002752
height,17061,71.165,MAC Field Scanner Field Plot 156 Season 2,FALSE,Maricopa,6000000337,6000002752
height,17064,74.47,MAC Field Scanner Field Plot 156 Season 2,FALSE,Maricopa,6000000337,6000002752
height,17067,76.453,MAC Field Scanner Field Plot 156 Season 2,FALSE,Maricopa,6000000337,6000002752
height,17069,76.453,MAC Field Scanner Field Plot 156 Season 2,FALSE,Maricopa,6000000337,6000002752
height,17070,76.453,MAC Field Scanner Field Plot 156 Season 2,FALSE,Maricopa,6000000337,6000002752
height,17071,77.775,MAC Field Scanner Field Plot 156 Season 2,FALSE,Maricopa,6000000337,6000002752
height,17022,31.505,MAC Field Scanner Field Plot 471 Season 2,FALSE,Maricopa,6000000337,6000003067
height,17024,31.505,MAC Field Scanner Field Plot 471 Season 2,FALSE,Maricopa,6000000337,6000003067
height,17026,31.505,MAC Field Scanner Field Plot 471 Season 2,FALSE,Maricopa,6000000337,6000003067
height,17028,30.844,MAC Field Scanner Field Plot 471 Season 2,FALSE,Maricopa,6000000337,6000003067
height,17029,31.505,MAC Field Scanner Field Plot 471 Season 2,FALSE,Maricopa,6000000337,6000003067
height,17030,31.505,MAC Field Scanner Field Plot 471 Season 2,FALSE,Maricopa,6000000337,6000003067
height,17036,31.505,MAC Field Scanner Field Plot 471 Season 2,FALSE,Maricopa,6000000337,6000003067
height,17038,33.488,MAC Field Scanner Field Plot 471 Season 2,FALSE,Maricopa,6000000337,6000003067
height,17040,33.488,MAC Field Scanner Field Plot 471 Season 2,FALSE,Maricopa,6000000337,6000003067
height,17042,32.827,MAC Field Scanner Field Plot 471 Season 2,FALSE,Maricopa,6000000337,6000003067
height,17046,32.827,MAC Field Scanner Field Plot 471 Season 2,FALSE,Maricopa,6000000337,6000003067
height,17049,33.488,MAC Field Scanner Field Plot 471 Season 2,FALSE,Maricopa,6000000337,6000003067
height,17051,54.64,MAC Field Scanner Field Plot 471 Season 2,FALSE,Maricopa,6000000337,6000003067
height,17053,57.284,MAC Field Scanner Field Plot 471 Season 2,FALSE,Maricopa,6000000337,6000003067
height,17054,59.928,MAC Field Scanner Field Plot 471 Season 2,FALSE,Maricopa,6000000337,6000003067
height,17055,63.894,MAC Field Scanner Field Plot 471 Season 2,FALSE,Maricopa,6000000337,6000003067
height,17056,66.538,MAC Field Scanner Field Plot 471 Season 2,FALSE,Maricopa,6000000337,6000003067
height,17058,67.199,MAC Field Scanner Field Plot 471 Season 2,FALSE,Maricopa,6000000337,6000003067
height,17059,69.182,MAC Field Scanner Field Plot 471 Season 2,FALSE,Maricopa,6000000337,6000003067
height,17061,71.165,MAC Field Scanner Field Plot 471 Season 2,FALSE,Maricopa,6000000337,6000003067
height,17064,73.809,MAC Field Scanner Field Plot 471 Season 2,FALSE,Maricopa,6000000337,6000003067
height,17067,75.792,MAC Field Scanner Field Plot 471 Season 2,FALSE,Maricopa,6000000337,6000003067
height,17069,76.453,MAC Field Scanner Field Plot 471 Season 2,FALSE,Maricopa,6000000337,6000003067
height,17070,76.453,MAC Field Scanner Field Plot 471 Season 2,FALSE,Maricopa,6000000337,6000003067
height,17071,77.114,MAC Field Scanner Field Plot 471 Season 2,FALSE,Maricopa,6000000337,6000003067
height,17022,31.505,MAC Field Scanner Field Plot 470 Season 2,FALSE,Maricopa,6000000337,6000003066
height,17024,32.166,MAC Field Scanner Field Plot 470 Season 2,FALSE,Maricopa,6000000337,6000003066
height,17026,31.505,MAC Field Scanner Field Plot 470 Season 2,FALSE,Maricopa,6000000337,6000003066
height,17028,31.505,MAC Field Scanner Field Plot 470 Season 2,FALSE,Maricopa,6000000337,6000003066
height,17029,31.505,MAC Field Scanner Field Plot 470 Season 2,FALSE,Maricopa,6000000337,6000003066
height,17030,32.166,MAC Field Scanner Field Plot 470 Season 2,FALSE,Maricopa,6000000337,6000003066
height,17036,31.505,MAC Field Scanner Field Plot 470 Season 2,FALSE,Maricopa,6000000337,6000003066
height,17038,33.488,MAC Field Scanner Field Plot 470 Season 2,FALSE,Maricopa,6000000337,6000003066
height,17040,33.488,MAC Field Scanner Field Plot 470 Season 2,FALSE,Maricopa,6000000337,6000003066
height,17042,33.488,MAC Field Scanner Field Plot 470 Season 2,FALSE,Maricopa,6000000337,6000003066
height,17046,34.149,MAC Field Scanner Field Plot 470 Season 2,FALSE,Maricopa,6000000337,6000003066
height,17049,34.149,MAC Field Scanner Field Plot 470 Season 2,FALSE,Maricopa,6000000337,6000003066
height,17051,57.284,MAC Field Scanner Field Plot 470 Season 2,FALSE,Maricopa,6000000337,6000003066
height,17053,59.928,MAC Field Scanner Field Plot 470 Season 2,FALSE,Maricopa,6000000337,6000003066
height,17054,62.572,MAC Field Scanner Field Plot 470 Season 2,FALSE,Maricopa,6000000337,6000003066
height,17055,66.538,MAC Field Scanner Field Plot 470 Season 2,FALSE,Maricopa,6000000337,6000003066
height,17056,70.504,MAC Field Scanner Field Plot 470 Season 2,FALSE,Maricopa,6000000337,6000003066
height,17058,71.165,MAC Field Scanner Field Plot 470 Season 2,FALSE,Maricopa,6000000337,6000003066
height,17059,69.182,MAC Field Scanner Field Plot 470 Season 2,FALSE,Maricopa,6000000337,6000003066
height,17061,76.453,MAC Field Scanner Field Plot 470 Season 2,FALSE,Maricopa,6000000337,6000003066
height,17064,79.097,MAC Field Scanner Field Plot 470 Season 2,FALSE,Maricopa,6000000337,6000003066
height,17067,76.453,MAC Field Scanner Field Plot 470 Season 2,FALSE,Maricopa,6000000337,6000003066
height,17069,77.114,MAC Field Scanner Field Plot 470 Season 2,FALSE,Maricopa,6000000337,6000003066
height,17070,77.775,MAC Field Scanner Field Plot 470 Season 2,FALSE,Maricopa,6000000337,6000003066
height,17071,78.436,MAC Field Scanner Field Plot 470 Season 2,FALSE,Maricopa,6000000337,6000003066
height,17022,30.844,MAC Field Scanner Field Plot 255 Season 2,FALSE,Maricopa,6000000338,6000002851
height,17026,31.505,MAC Field Scanner Field Plot 255 Season 2,FALSE,Maricopa,6000000338,6000002851
height,17027,31.505,MAC Field Scanner Field Plot 255 Season 2,FALSE,Maricopa,6000000338,6000002851
height,17028,30.844,MAC Field Scanner Field Plot 255 Season 2,FALSE,Maricopa,6000000338,6000002851
height,17029,30.844,MAC Field Scanner Field Plot 255 Season 2,FALSE,Maricopa,6000000338,6000002851
height,17030,31.505,MAC Field Scanner Field Plot 255 Season 2,FALSE,Maricopa,6000000338,6000002851
height,17031,31.505,MAC Field Scanner Field Plot 255 Season 2,FALSE,Maricopa,6000000338,6000002851
height,17037,30.844,MAC Field Scanner Field Plot 255 Season 2,FALSE,Maricopa,6000000338,6000002851
height,17038,32.827,MAC Field Scanner Field Plot 255 Season 2,FALSE,Maricopa,6000000338,6000002851
height,17040,32.827,MAC Field Scanner Field Plot 255 Season 2,FALSE,Maricopa,6000000338,6000002851
height,17043,32.827,MAC Field Scanner Field Plot 255 Season 2,FALSE,Maricopa,6000000338,6000002851
height,17049,33.488,MAC Field Scanner Field Plot 255 Season 2,FALSE,Maricopa,6000000338,6000002851
height,17050,33.488,MAC Field Scanner Field Plot 255 Season 2,FALSE,Maricopa,6000000338,6000002851
height,17053,58.606,MAC Field Scanner Field Plot 255 Season 2,FALSE,Maricopa,6000000338,6000002851
height,17054,59.928,MAC Field Scanner Field Plot 255 Season 2,FALSE,Maricopa,6000000338,6000002851
height,17056,61.911,MAC Field Scanner Field Plot 255 Season 2,FALSE,Maricopa,6000000338,6000002851
height,17058,63.894,MAC Field Scanner Field Plot 255 Season 2,FALSE,Maricopa,6000000338,6000002851
height,17061,66.538,MAC Field Scanner Field Plot 255 Season 2,FALSE,Maricopa,6000000338,6000002851
height,17067,75.131,MAC Field Scanner Field Plot 255 Season 2,FALSE,Maricopa,6000000338,6000002851
height,17069,74.47,MAC Field Scanner Field Plot 255 Season 2,FALSE,Maricopa,6000000338,6000002851
height,17070,75.131,MAC Field Scanner Field Plot 255 Season 2,FALSE,Maricopa,6000000338,6000002851
height,17022,30.844,MAC Field Scanner Field Plot 254 Season 2,FALSE,Maricopa,6000000338,6000002850
height,17026,30.844,MAC Field Scanner Field Plot 254 Season 2,FALSE,Maricopa,6000000338,6000002850
height,17027,31.505,MAC Field Scanner Field Plot 254 Season 2,FALSE,Maricopa,6000000338,6000002850
height,17028,31.505,MAC Field Scanner Field Plot 254 Season 2,FALSE,Maricopa,6000000338,6000002850
height,17029,31.505,MAC Field Scanner Field Plot 254 Season 2,FALSE,Maricopa,6000000338,6000002850
height,17030,31.505,MAC Field Scanner Field Plot 254 Season 2,FALSE,Maricopa,6000000338,6000002850
height,17031,30.844,MAC Field Scanner Field Plot 254 Season 2,FALSE,Maricopa,6000000338,6000002850
height,17037,31.505,MAC Field Scanner Field Plot 254 Season 2,FALSE,Maricopa,6000000338,6000002850
height,17038,33.488,MAC Field Scanner Field Plot 254 Season 2,FALSE,Maricopa,6000000338,6000002850
height,17040,33.488,MAC Field Scanner Field Plot 254 Season 2,FALSE,Maricopa,6000000338,6000002850
height,17043,33.488,MAC Field Scanner Field Plot 254 Season 2,FALSE,Maricopa,6000000338,6000002850
height,17049,34.149,MAC Field Scanner Field Plot 254 Season 2,FALSE,Maricopa,6000000338,6000002850
height,17050,34.149,MAC Field Scanner Field Plot 254 Season 2,FALSE,Maricopa,6000000338,6000002850
height,17051,55.301,MAC Field Scanner Field Plot 254 Season 2,FALSE,Maricopa,6000000338,6000002850
height,17053,57.284,MAC Field Scanner Field Plot 254 Season 2,FALSE,Maricopa,6000000338,6000002850
height,17054,58.606,MAC Field Scanner Field Plot 254 Season 2,FALSE,Maricopa,6000000338,6000002850
height,17056,60.589,MAC Field Scanner Field Plot 254 Season 2,FALSE,Maricopa,6000000338,6000002850
height,17058,63.894,MAC Field Scanner Field Plot 254 Season 2,FALSE,Maricopa,6000000338,6000002850
height,17061,65.216,MAC Field Scanner Field Plot 254 Season 2,FALSE,Maricopa,6000000338,6000002850
height,17067,67.86,MAC Field Scanner Field Plot 254 Season 2,FALSE,Maricopa,6000000338,6000002850
height,17069,68.521,MAC Field Scanner Field Plot 254 Season 2,FALSE,Maricopa,6000000338,6000002850
height,17070,69.182,MAC Field Scanner Field Plot 254 Season 2,FALSE,Maricopa,6000000338,6000002850
height,17021,31.505,MAC Field Scanner Field Plot 610 Season 2,FALSE,Maricopa,6000000338,6000003206
height,17024,31.505,MAC Field Scanner Field Plot 610 Season 2,FALSE,Maricopa,6000000338,6000003206
height,17025,31.505,MAC Field Scanner Field Plot 610 Season 2,FALSE,Maricopa,6000000338,6000003206
height,17026,31.505,MAC Field Scanner Field Plot 610 Season 2,FALSE,Maricopa,6000000338,6000003206
height,17028,31.505,MAC Field Scanner Field Plot 610 Season 2,FALSE,Maricopa,6000000338,6000003206
height,17029,31.505,MAC Field Scanner Field Plot 610 Season 2,FALSE,Maricopa,6000000338,6000003206
height,17030,31.505,MAC Field Scanner Field Plot 610 Season 2,FALSE,Maricopa,6000000338,6000003206
height,17031,30.844,MAC Field Scanner Field Plot 610 Season 2,FALSE,Maricopa,6000000338,6000003206
height,17036,31.505,MAC Field Scanner Field Plot 610 Season 2,FALSE,Maricopa,6000000338,6000003206
height,17038,32.827,MAC Field Scanner Field Plot 610 Season 2,FALSE,Maricopa,6000000338,6000003206
height,17040,32.827,MAC Field Scanner Field Plot 610 Season 2,FALSE,Maricopa,6000000338,6000003206
height,17042,32.827,MAC Field Scanner Field Plot 610 Season 2,FALSE,Maricopa,6000000338,6000003206
height,17046,34.149,MAC Field Scanner Field Plot 610 Season 2,FALSE,Maricopa,6000000338,6000003206
height,17048,33.488,MAC Field Scanner Field Plot 610 Season 2,FALSE,Maricopa,6000000338,6000003206
height,17049,33.488,MAC Field Scanner Field Plot 610 Season 2,FALSE,Maricopa,6000000338,6000003206
height,17050,55.962,MAC Field Scanner Field Plot 610 Season 2,FALSE,Maricopa,6000000338,6000003206
height,17051,56.623,MAC Field Scanner Field Plot 610 Season 2,FALSE,Maricopa,6000000338,6000003206
height,17052,57.945,MAC Field Scanner Field Plot 610 Season 2,FALSE,Maricopa,6000000338,6000003206
height,17054,59.928,MAC Field Scanner Field Plot 610 Season 2,FALSE,Maricopa,6000000338,6000003206
height,17055,62.572,MAC Field Scanner Field Plot 610 Season 2,FALSE,Maricopa,6000000338,6000003206
height,17056,63.894,MAC Field Scanner Field Plot 610 Season 2,FALSE,Maricopa,6000000338,6000003206
height,17058,64.555,MAC Field Scanner Field Plot 610 Season 2,FALSE,Maricopa,6000000338,6000003206
height,17059,66.538,MAC Field Scanner Field Plot 610 Season 2,FALSE,Maricopa,6000000338,6000003206
height,17064,71.165,MAC Field Scanner Field Plot 610 Season 2,FALSE,Maricopa,6000000338,6000003206
height,17067,75.131,MAC Field Scanner Field Plot 610 Season 2,FALSE,Maricopa,6000000338,6000003206
height,17068,75.792,MAC Field Scanner Field Plot 610 Season 2,FALSE,Maricopa,6000000338,6000003206
height,17070,76.453,MAC Field Scanner Field Plot 610 Season 2,FALSE,Maricopa,6000000338,6000003206
height,17021,31.505,MAC Field Scanner Field Plot 611 Season 2,FALSE,Maricopa,6000000338,6000003207
height,17024,32.166,MAC Field Scanner Field Plot 611 Season 2,FALSE,Maricopa,6000000338,6000003207
height,17025,31.505,MAC Field Scanner Field Plot 611 Season 2,FALSE,Maricopa,6000000338,6000003207
height,17026,31.505,MAC Field Scanner Field Plot 611 Season 2,FALSE,Maricopa,6000000338,6000003207
height,17028,31.505,MAC Field Scanner Field Plot 611 Season 2,FALSE,Maricopa,6000000338,6000003207
height,17029,31.505,MAC Field Scanner Field Plot 611 Season 2,FALSE,Maricopa,6000000338,6000003207
height,17030,31.505,MAC Field Scanner Field Plot 611 Season 2,FALSE,Maricopa,6000000338,6000003207
height,17031,31.505,MAC Field Scanner Field Plot 611 Season 2,FALSE,Maricopa,6000000338,6000003207
height,17036,31.505,MAC Field Scanner Field Plot 611 Season 2,FALSE,Maricopa,6000000338,6000003207
height,17038,32.827,MAC Field Scanner Field Plot 611 Season 2,FALSE,Maricopa,6000000338,6000003207
height,17040,32.827,MAC Field Scanner Field Plot 611 Season 2,FALSE,Maricopa,6000000338,6000003207
height,17042,32.827,MAC Field Scanner Field Plot 611 Season 2,FALSE,Maricopa,6000000338,6000003207
height,17046,33.488,MAC Field Scanner Field Plot 611 Season 2,FALSE,Maricopa,6000000338,6000003207
height,17048,33.488,MAC Field Scanner Field Plot 611 Season 2,FALSE,Maricopa,6000000338,6000003207
height,17049,34.149,MAC Field Scanner Field Plot 611 Season 2,FALSE,Maricopa,6000000338,6000003207
height,17050,53.318,MAC Field Scanner Field Plot 611 Season 2,FALSE,Maricopa,6000000338,6000003207
height,17051,55.301,MAC Field Scanner Field Plot 611 Season 2,FALSE,Maricopa,6000000338,6000003207
height,17052,56.623,MAC Field Scanner Field Plot 611 Season 2,FALSE,Maricopa,6000000338,6000003207
height,17054,57.945,MAC Field Scanner Field Plot 611 Season 2,FALSE,Maricopa,6000000338,6000003207
height,17055,59.928,MAC Field Scanner Field Plot 611 Season 2,FALSE,Maricopa,6000000338,6000003207
height,17056,61.911,MAC Field Scanner Field Plot 611 Season 2,FALSE,Maricopa,6000000338,6000003207
height,17058,61.911,MAC Field Scanner Field Plot 611 Season 2,FALSE,Maricopa,6000000338,6000003207
height,17059,63.894,MAC Field Scanner Field Plot 611 Season 2,FALSE,Maricopa,6000000338,6000003207
height,17064,66.538,MAC Field Scanner Field Plot 611 Season 2,FALSE,Maricopa,6000000338,6000003207
height,17067,67.86,MAC Field Scanner Field Plot 611 Season 2,FALSE,Maricopa,6000000338,6000003207
height,17068,68.521,MAC Field Scanner Field Plot 611 Season 2,FALSE,Maricopa,6000000338,6000003207
height,17070,68.521,MAC Field Scanner Field Plot 611 Season 2,FALSE,Maricopa,6000000338,6000003207
height,17071,68.521,MAC Field Scanner Field Plot 611 Season 2,FALSE,Maricopa,6000000338,6000003207
height,17022,32.166,MAC Field Scanner Field Plot 311 Season 2,FALSE,Maricopa,6000000339,6000002907
height,17024,32.166,MAC Field Scanner Field Plot 311 Season 2,FALSE,Maricopa,6000000339,6000002907
height,17025,31.505,MAC Field Scanner Field Plot 311 Season 2,FALSE,Maricopa,6000000339,6000002907
height,17026,32.166,MAC Field Scanner Field Plot 311 Season 2,FALSE,Maricopa,6000000339,6000002907
height,17027,32.166,MAC Field Scanner Field Plot 311 Season 2,FALSE,Maricopa,6000000339,6000002907
height,17028,32.166,MAC Field Scanner Field Plot 311 Season 2,FALSE,Maricopa,6000000339,6000002907
height,17029,32.166,MAC Field Scanner Field Plot 311 Season 2,FALSE,Maricopa,6000000339,6000002907
height,17030,32.166,MAC Field Scanner Field Plot 311 Season 2,FALSE,Maricopa,6000000339,6000002907
height,17031,32.166,MAC Field Scanner Field Plot 311 Season 2,FALSE,Maricopa,6000000339,6000002907
height,17037,32.166,MAC Field Scanner Field Plot 311 Season 2,FALSE,Maricopa,6000000339,6000002907
height,17038,34.149,MAC Field Scanner Field Plot 311 Season 2,FALSE,Maricopa,6000000339,6000002907
height,17040,34.149,MAC Field Scanner Field Plot 311 Season 2,FALSE,Maricopa,6000000339,6000002907
height,17043,34.81,MAC Field Scanner Field Plot 311 Season 2,FALSE,Maricopa,6000000339,6000002907
height,17047,34.81,MAC Field Scanner Field Plot 311 Season 2,FALSE,Maricopa,6000000339,6000002907
height,17049,34.81,MAC Field Scanner Field Plot 311 Season 2,FALSE,Maricopa,6000000339,6000002907
height,17050,34.81,MAC Field Scanner Field Plot 311 Season 2,FALSE,Maricopa,6000000339,6000002907
height,17051,59.928,MAC Field Scanner Field Plot 311 Season 2,FALSE,Maricopa,6000000339,6000002907
height,17052,61.911,MAC Field Scanner Field Plot 311 Season 2,FALSE,Maricopa,6000000339,6000002907
height,17053,64.555,MAC Field Scanner Field Plot 311 Season 2,FALSE,Maricopa,6000000339,6000002907
height,17054,68.521,MAC Field Scanner Field Plot 311 Season 2,FALSE,Maricopa,6000000339,6000002907
height,17056,75.131,MAC Field Scanner Field Plot 311 Season 2,FALSE,Maricopa,6000000339,6000002907
height,17057,78.436,MAC Field Scanner Field Plot 311 Season 2,FALSE,Maricopa,6000000339,6000002907
height,17058,80.419,MAC Field Scanner Field Plot 311 Season 2,FALSE,Maricopa,6000000339,6000002907
height,17061,85.046,MAC Field Scanner Field Plot 311 Season 2,FALSE,Maricopa,6000000339,6000002907
height,17064,87.029,MAC Field Scanner Field Plot 311 Season 2,FALSE,Maricopa,6000000339,6000002907
height,17067,80.419,MAC Field Scanner Field Plot 311 Season 2,FALSE,Maricopa,6000000339,6000002907
height,17069,82.402,MAC Field Scanner Field Plot 311 Season 2,FALSE,Maricopa,6000000339,6000002907
height,17070,83.063,MAC Field Scanner Field Plot 311 Season 2,FALSE,Maricopa,6000000339,6000002907
height,17071,84.385,MAC Field Scanner Field Plot 311 Season 2,FALSE,Maricopa,6000000339,6000002907
height,17022,32.166,MAC Field Scanner Field Plot 310 Season 2,FALSE,Maricopa,6000000339,6000002906
height,17024,32.166,MAC Field Scanner Field Plot 310 Season 2,FALSE,Maricopa,6000000339,6000002906
height,17025,31.505,MAC Field Scanner Field Plot 310 Season 2,FALSE,Maricopa,6000000339,6000002906
height,17026,32.166,MAC Field Scanner Field Plot 310 Season 2,FALSE,Maricopa,6000000339,6000002906
height,17027,32.166,MAC Field Scanner Field Plot 310 Season 2,FALSE,Maricopa,6000000339,6000002906
height,17028,32.166,MAC Field Scanner Field Plot 310 Season 2,FALSE,Maricopa,6000000339,6000002906
height,17029,32.166,MAC Field Scanner Field Plot 310 Season 2,FALSE,Maricopa,6000000339,6000002906
height,17030,31.505,MAC Field Scanner Field Plot 310 Season 2,FALSE,Maricopa,6000000339,6000002906
height,17031,32.166,MAC Field Scanner Field Plot 310 Season 2,FALSE,Maricopa,6000000339,6000002906
height,17037,32.166,MAC Field Scanner Field Plot 310 Season 2,FALSE,Maricopa,6000000339,6000002906
height,17038,32.827,MAC Field Scanner Field Plot 310 Season 2,FALSE,Maricopa,6000000339,6000002906
height,17040,32.827,MAC Field Scanner Field Plot 310 Season 2,FALSE,Maricopa,6000000339,6000002906
height,17043,32.827,MAC Field Scanner Field Plot 310 Season 2,FALSE,Maricopa,6000000339,6000002906
height,17047,34.149,MAC Field Scanner Field Plot 310 Season 2,FALSE,Maricopa,6000000339,6000002906
height,17049,33.488,MAC Field Scanner Field Plot 310 Season 2,FALSE,Maricopa,6000000339,6000002906
height,17050,33.488,MAC Field Scanner Field Plot 310 Season 2,FALSE,Maricopa,6000000339,6000002906
height,17051,55.962,MAC Field Scanner Field Plot 310 Season 2,FALSE,Maricopa,6000000339,6000002906
height,17052,57.945,MAC Field Scanner Field Plot 310 Season 2,FALSE,Maricopa,6000000339,6000002906
height,17053,61.911,MAC Field Scanner Field Plot 310 Season 2,FALSE,Maricopa,6000000339,6000002906
height,17054,65.877,MAC Field Scanner Field Plot 310 Season 2,FALSE,Maricopa,6000000339,6000002906
height,17056,72.487,MAC Field Scanner Field Plot 310 Season 2,FALSE,Maricopa,6000000339,6000002906
height,17057,75.792,MAC Field Scanner Field Plot 310 Season 2,FALSE,Maricopa,6000000339,6000002906
height,17058,79.097,MAC Field Scanner Field Plot 310 Season 2,FALSE,Maricopa,6000000339,6000002906
height,17061,82.402,MAC Field Scanner Field Plot 310 Season 2,FALSE,Maricopa,6000000339,6000002906
height,17064,83.724,MAC Field Scanner Field Plot 310 Season 2,FALSE,Maricopa,6000000339,6000002906
height,17067,76.453,MAC Field Scanner Field Plot 310 Season 2,FALSE,Maricopa,6000000339,6000002906
height,17069,78.436,MAC Field Scanner Field Plot 310 Season 2,FALSE,Maricopa,6000000339,6000002906
height,17070,79.097,MAC Field Scanner Field Plot 310 Season 2,FALSE,Maricopa,6000000339,6000002906
height,17071,79.758,MAC Field Scanner Field Plot 310 Season 2,FALSE,Maricopa,6000000339,6000002906
height,17021,32.166,MAC Field Scanner Field Plot 780 Season 2,FALSE,Maricopa,6000000339,6000003376
height,17023,32.827,MAC Field Scanner Field Plot 780 Season 2,FALSE,Maricopa,6000000339,6000003376
height,17024,32.827,MAC Field Scanner Field Plot 780 Season 2,FALSE,Maricopa,6000000339,6000003376
height,17025,32.827,MAC Field Scanner Field Plot 780 Season 2,FALSE,Maricopa,6000000339,6000003376
height,17026,32.166,MAC Field Scanner Field Plot 780 Season 2,FALSE,Maricopa,6000000339,6000003376
height,17027,32.166,MAC Field Scanner Field Plot 780 Season 2,FALSE,Maricopa,6000000339,6000003376
height,17028,32.827,MAC Field Scanner Field Plot 780 Season 2,FALSE,Maricopa,6000000339,6000003376
height,17029,32.827,MAC Field Scanner Field Plot 780 Season 2,FALSE,Maricopa,6000000339,6000003376
height,17030,32.166,MAC Field Scanner Field Plot 780 Season 2,FALSE,Maricopa,6000000339,6000003376
height,17031,32.827,MAC Field Scanner Field Plot 780 Season 2,FALSE,Maricopa,6000000339,6000003376
height,17036,32.827,MAC Field Scanner Field Plot 780 Season 2,FALSE,Maricopa,6000000339,6000003376
height,17037,32.166,MAC Field Scanner Field Plot 780 Season 2,FALSE,Maricopa,6000000339,6000003376
height,17038,34.149,MAC Field Scanner Field Plot 780 Season 2,FALSE,Maricopa,6000000339,6000003376
height,17040,33.488,MAC Field Scanner Field Plot 780 Season 2,FALSE,Maricopa,6000000339,6000003376
height,17042,33.488,MAC Field Scanner Field Plot 780 Season 2,FALSE,Maricopa,6000000339,6000003376
height,17046,34.149,MAC Field Scanner Field Plot 780 Season 2,FALSE,Maricopa,6000000339,6000003376
height,17048,34.149,MAC Field Scanner Field Plot 780 Season 2,FALSE,Maricopa,6000000339,6000003376
height,17049,34.149,MAC Field Scanner Field Plot 780 Season 2,FALSE,Maricopa,6000000339,6000003376
height,17050,55.962,MAC Field Scanner Field Plot 780 Season 2,FALSE,Maricopa,6000000339,6000003376
height,17051,59.267,MAC Field Scanner Field Plot 780 Season 2,FALSE,Maricopa,6000000339,6000003376
height,17052,61.25,MAC Field Scanner Field Plot 780 Season 2,FALSE,Maricopa,6000000339,6000003376
height,17054,64.555,MAC Field Scanner Field Plot 780 Season 2,FALSE,Maricopa,6000000339,6000003376
height,17055,67.199,MAC Field Scanner Field Plot 780 Season 2,FALSE,Maricopa,6000000339,6000003376
height,17056,71.165,MAC Field Scanner Field Plot 780 Season 2,FALSE,Maricopa,6000000339,6000003376
height,17057,71.826,MAC Field Scanner Field Plot 780 Season 2,FALSE,Maricopa,6000000339,6000003376
height,17059,75.131,MAC Field Scanner Field Plot 780 Season 2,FALSE,Maricopa,6000000339,6000003376
height,17064,78.436,MAC Field Scanner Field Plot 780 Season 2,FALSE,Maricopa,6000000339,6000003376
height,17066,75.131,MAC Field Scanner Field Plot 780 Season 2,FALSE,Maricopa,6000000339,6000003376
height,17068,77.775,MAC Field Scanner Field Plot 780 Season 2,FALSE,Maricopa,6000000339,6000003376
height,17069,78.436,MAC Field Scanner Field Plot 780 Season 2,FALSE,Maricopa,6000000339,6000003376
height,17070,78.436,MAC Field Scanner Field Plot 780 Season 2,FALSE,Maricopa,6000000339,6000003376
height,17072,79.097,MAC Field Scanner Field Plot 780 Season 2,FALSE,Maricopa,6000000339,6000003376
height,17021,32.166,MAC Field Scanner Field Plot 781 Season 2,FALSE,Maricopa,6000000339,6000003377
height,17023,31.505,MAC Field Scanner Field Plot 781 Season 2,FALSE,Maricopa,6000000339,6000003377
height,17024,31.505,MAC Field Scanner Field Plot 781 Season 2,FALSE,Maricopa,6000000339,6000003377
height,17025,31.505,MAC Field Scanner Field Plot 781 Season 2,FALSE,Maricopa,6000000339,6000003377
height,17026,32.166,MAC Field Scanner Field Plot 781 Season 2,FALSE,Maricopa,6000000339,6000003377
height,17027,31.505,MAC Field Scanner Field Plot 781 Season 2,FALSE,Maricopa,6000000339,6000003377
height,17028,31.505,MAC Field Scanner Field Plot 781 Season 2,FALSE,Maricopa,6000000339,6000003377
height,17029,32.166,MAC Field Scanner Field Plot 781 Season 2,FALSE,Maricopa,6000000339,6000003377
height,17030,32.166,MAC Field Scanner Field Plot 781 Season 2,FALSE,Maricopa,6000000339,6000003377
height,17031,32.166,MAC Field Scanner Field Plot 781 Season 2,FALSE,Maricopa,6000000339,6000003377
height,17036,31.505,MAC Field Scanner Field Plot 781 Season 2,FALSE,Maricopa,6000000339,6000003377
height,17037,32.166,MAC Field Scanner Field Plot 781 Season 2,FALSE,Maricopa,6000000339,6000003377
height,17038,34.149,MAC Field Scanner Field Plot 781 Season 2,FALSE,Maricopa,6000000339,6000003377
height,17040,34.149,MAC Field Scanner Field Plot 781 Season 2,FALSE,Maricopa,6000000339,6000003377
height,17042,34.149,MAC Field Scanner Field Plot 781 Season 2,FALSE,Maricopa,6000000339,6000003377
height,17046,34.81,MAC Field Scanner Field Plot 781 Season 2,FALSE,Maricopa,6000000339,6000003377
height,17048,34.149,MAC Field Scanner Field Plot 781 Season 2,FALSE,Maricopa,6000000339,6000003377
height,17049,34.149,MAC Field Scanner Field Plot 781 Season 2,FALSE,Maricopa,6000000339,6000003377
height,17050,55.301,MAC Field Scanner Field Plot 781 Season 2,FALSE,Maricopa,6000000339,6000003377
height,17051,58.606,MAC Field Scanner Field Plot 781 Season 2,FALSE,Maricopa,6000000339,6000003377
height,17052,61.25,MAC Field Scanner Field Plot 781 Season 2,FALSE,Maricopa,6000000339,6000003377
height,17054,65.216,MAC Field Scanner Field Plot 781 Season 2,FALSE,Maricopa,6000000339,6000003377
height,17055,68.521,MAC Field Scanner Field Plot 781 Season 2,FALSE,Maricopa,6000000339,6000003377
height,17056,72.487,MAC Field Scanner Field Plot 781 Season 2,FALSE,Maricopa,6000000339,6000003377
height,17057,74.47,MAC Field Scanner Field Plot 781 Season 2,FALSE,Maricopa,6000000339,6000003377
height,17059,77.775,MAC Field Scanner Field Plot 781 Season 2,FALSE,Maricopa,6000000339,6000003377
height,17064,81.741,MAC Field Scanner Field Plot 781 Season 2,FALSE,Maricopa,6000000339,6000003377
height,17066,78.436,MAC Field Scanner Field Plot 781 Season 2,FALSE,Maricopa,6000000339,6000003377
height,17068,81.08,MAC Field Scanner Field Plot 781 Season 2,FALSE,Maricopa,6000000339,6000003377
height,17069,81.741,MAC Field Scanner Field Plot 781 Season 2,FALSE,Maricopa,6000000339,6000003377
height,17070,83.063,MAC Field Scanner Field Plot 781 Season 2,FALSE,Maricopa,6000000339,6000003377
height,17072,83.724,MAC Field Scanner Field Plot 781 Season 2,FALSE,Maricopa,6000000339,6000003377
height,17022,32.166,MAC Field Scanner Field Plot 196 Season 2,FALSE,Maricopa,6000000244,6000002792
height,17025,32.166,MAC Field Scanner Field Plot 196 Season 2,FALSE,Maricopa,6000000244,6000002792
height,17026,32.166,MAC Field Scanner Field Plot 196 Season 2,FALSE,Maricopa,6000000244,6000002792
height,17027,32.166,MAC Field Scanner Field Plot 196 Season 2,FALSE,Maricopa,6000000244,6000002792
height,17028,31.505,MAC Field Scanner Field Plot 196 Season 2,FALSE,Maricopa,6000000244,6000002792
height,17030,32.166,MAC Field Scanner Field Plot 196 Season 2,FALSE,Maricopa,6000000244,6000002792
height,17031,32.166,MAC Field Scanner Field Plot 196 Season 2,FALSE,Maricopa,6000000244,6000002792
height,17043,32.827,MAC Field Scanner Field Plot 196 Season 2,FALSE,Maricopa,6000000244,6000002792
height,17047,32.166,MAC Field Scanner Field Plot 196 Season 2,FALSE,Maricopa,6000000244,6000002792
height,17051,53.318,MAC Field Scanner Field Plot 196 Season 2,FALSE,Maricopa,6000000244,6000002792
height,17052,54.64,MAC Field Scanner Field Plot 196 Season 2,FALSE,Maricopa,6000000244,6000002792
height,17054,58.606,MAC Field Scanner Field Plot 196 Season 2,FALSE,Maricopa,6000000244,6000002792
height,17056,63.233,MAC Field Scanner Field Plot 196 Season 2,FALSE,Maricopa,6000000244,6000002792
height,17057,64.555,MAC Field Scanner Field Plot 196 Season 2,FALSE,Maricopa,6000000244,6000002792
height,17064,71.826,MAC Field Scanner Field Plot 196 Season 2,FALSE,Maricopa,6000000244,6000002792
height,17067,73.809,MAC Field Scanner Field Plot 196 Season 2,FALSE,Maricopa,6000000244,6000002792
height,17069,74.47,MAC Field Scanner Field Plot 196 Season 2,FALSE,Maricopa,6000000244,6000002792
height,17070,74.47,MAC Field Scanner Field Plot 196 Season 2,FALSE,Maricopa,6000000244,6000002792
height,17071,75.792,MAC Field Scanner Field Plot 196 Season 2,FALSE,Maricopa,6000000244,6000002792
height,17025,32.827,MAC Field Scanner Field Plot 197 Season 2,FALSE,Maricopa,6000000244,6000002793
height,17026,32.827,MAC Field Scanner Field Plot 197 Season 2,FALSE,Maricopa,6000000244,6000002793
height,17027,32.827,MAC Field Scanner Field Plot 197 Season 2,FALSE,Maricopa,6000000244,6000002793
height,17028,32.827,MAC Field Scanner Field Plot 197 Season 2,FALSE,Maricopa,6000000244,6000002793
height,17029,32.827,MAC Field Scanner Field Plot 197 Season 2,FALSE,Maricopa,6000000244,6000002793
height,17030,32.827,MAC Field Scanner Field Plot 197 Season 2,FALSE,Maricopa,6000000244,6000002793
height,17031,32.827,MAC Field Scanner Field Plot 197 Season 2,FALSE,Maricopa,6000000244,6000002793
height,17047,33.488,MAC Field Scanner Field Plot 197 Season 2,FALSE,Maricopa,6000000244,6000002793
height,17051,53.318,MAC Field Scanner Field Plot 197 Season 2,FALSE,Maricopa,6000000244,6000002793
height,17052,53.979,MAC Field Scanner Field Plot 197 Season 2,FALSE,Maricopa,6000000244,6000002793
height,17054,56.623,MAC Field Scanner Field Plot 197 Season 2,FALSE,Maricopa,6000000244,6000002793
height,17056,59.928,MAC Field Scanner Field Plot 197 Season 2,FALSE,Maricopa,6000000244,6000002793
height,17057,61.911,MAC Field Scanner Field Plot 197 Season 2,FALSE,Maricopa,6000000244,6000002793
height,17058,63.233,MAC Field Scanner Field Plot 197 Season 2,FALSE,Maricopa,6000000244,6000002793
height,17064,71.165,MAC Field Scanner Field Plot 197 Season 2,FALSE,Maricopa,6000000244,6000002793
height,17067,73.809,MAC Field Scanner Field Plot 197 Season 2,FALSE,Maricopa,6000000244,6000002793
height,17069,75.131,MAC Field Scanner Field Plot 197 Season 2,FALSE,Maricopa,6000000244,6000002793
height,17070,75.792,MAC Field Scanner Field Plot 197 Season 2,FALSE,Maricopa,6000000244,6000002793
height,17071,77.114,MAC Field Scanner Field Plot 197 Season 2,FALSE,Maricopa,6000000244,6000002793
height,17021,31.505,MAC Field Scanner Field Plot 738 Season 2,FALSE,Maricopa,6000000244,6000003334
height,17023,32.166,MAC Field Scanner Field Plot 738 Season 2,FALSE,Maricopa,6000000244,6000003334
height,17024,31.505,MAC Field Scanner Field Plot 738 Season 2,FALSE,Maricopa,6000000244,6000003334
height,17025,31.505,MAC Field Scanner Field Plot 738 Season 2,FALSE,Maricopa,6000000244,6000003334
height,17026,31.505,MAC Field Scanner Field Plot 738 Season 2,FALSE,Maricopa,6000000244,6000003334
height,17027,31.505,MAC Field Scanner Field Plot 738 Season 2,FALSE,Maricopa,6000000244,6000003334
height,17028,31.505,MAC Field Scanner Field Plot 738 Season 2,FALSE,Maricopa,6000000244,6000003334
height,17029,31.505,MAC Field Scanner Field Plot 738 Season 2,FALSE,Maricopa,6000000244,6000003334
height,17030,31.505,MAC Field Scanner Field Plot 738 Season 2,FALSE,Maricopa,6000000244,6000003334
height,17031,31.505,MAC Field Scanner Field Plot 738 Season 2,FALSE,Maricopa,6000000244,6000003334
height,17036,31.505,MAC Field Scanner Field Plot 738 Season 2,FALSE,Maricopa,6000000244,6000003334
height,17037,31.505,MAC Field Scanner Field Plot 738 Season 2,FALSE,Maricopa,6000000244,6000003334
height,17038,32.827,MAC Field Scanner Field Plot 738 Season 2,FALSE,Maricopa,6000000244,6000003334
height,17040,32.827,MAC Field Scanner Field Plot 738 Season 2,FALSE,Maricopa,6000000244,6000003334
height,17042,32.827,MAC Field Scanner Field Plot 738 Season 2,FALSE,Maricopa,6000000244,6000003334
height,17046,33.488,MAC Field Scanner Field Plot 738 Season 2,FALSE,Maricopa,6000000244,6000003334
height,17048,33.488,MAC Field Scanner Field Plot 738 Season 2,FALSE,Maricopa,6000000244,6000003334
height,17049,33.488,MAC Field Scanner Field Plot 738 Season 2,FALSE,Maricopa,6000000244,6000003334
height,17050,53.979,MAC Field Scanner Field Plot 738 Season 2,FALSE,Maricopa,6000000244,6000003334
height,17051,54.64,MAC Field Scanner Field Plot 738 Season 2,FALSE,Maricopa,6000000244,6000003334
height,17052,57.284,MAC Field Scanner Field Plot 738 Season 2,FALSE,Maricopa,6000000244,6000003334
height,17054,59.267,MAC Field Scanner Field Plot 738 Season 2,FALSE,Maricopa,6000000244,6000003334
height,17055,61.911,MAC Field Scanner Field Plot 738 Season 2,FALSE,Maricopa,6000000244,6000003334
height,17056,64.555,MAC Field Scanner Field Plot 738 Season 2,FALSE,Maricopa,6000000244,6000003334
height,17057,65.877,MAC Field Scanner Field Plot 738 Season 2,FALSE,Maricopa,6000000244,6000003334
height,17059,67.86,MAC Field Scanner Field Plot 738 Season 2,FALSE,Maricopa,6000000244,6000003334
height,17064,73.809,MAC Field Scanner Field Plot 738 Season 2,FALSE,Maricopa,6000000244,6000003334
height,17066,75.792,MAC Field Scanner Field Plot 738 Season 2,FALSE,Maricopa,6000000244,6000003334
height,17068,77.114,MAC Field Scanner Field Plot 738 Season 2,FALSE,Maricopa,6000000244,6000003334
height,17069,76.453,MAC Field Scanner Field Plot 738 Season 2,FALSE,Maricopa,6000000244,6000003334
height,17070,74.47,MAC Field Scanner Field Plot 738 Season 2,FALSE,Maricopa,6000000244,6000003334
height,17071,71.165,MAC Field Scanner Field Plot 738 Season 2,FALSE,Maricopa,6000000244,6000003334
height,17072,75.131,MAC Field Scanner Field Plot 738 Season 2,FALSE,Maricopa,6000000244,6000003334
height,17021,31.505,MAC Field Scanner Field Plot 739 Season 2,FALSE,Maricopa,6000000244,6000003335
height,17023,31.505,MAC Field Scanner Field Plot 739 Season 2,FALSE,Maricopa,6000000244,6000003335
height,17024,32.166,MAC Field Scanner Field Plot 739 Season 2,FALSE,Maricopa,6000000244,6000003335
height,17025,31.505,MAC Field Scanner Field Plot 739 Season 2,FALSE,Maricopa,6000000244,6000003335
height,17026,32.166,MAC Field Scanner Field Plot 739 Season 2,FALSE,Maricopa,6000000244,6000003335
height,17027,31.505,MAC Field Scanner Field Plot 739 Season 2,FALSE,Maricopa,6000000244,6000003335
height,17028,31.505,MAC Field Scanner Field Plot 739 Season 2,FALSE,Maricopa,6000000244,6000003335
height,17029,31.505,MAC Field Scanner Field Plot 739 Season 2,FALSE,Maricopa,6000000244,6000003335
height,17030,32.166,MAC Field Scanner Field Plot 739 Season 2,FALSE,Maricopa,6000000244,6000003335
height,17031,32.166,MAC Field Scanner Field Plot 739 Season 2,FALSE,Maricopa,6000000244,6000003335
height,17036,32.166,MAC Field Scanner Field Plot 739 Season 2,FALSE,Maricopa,6000000244,6000003335
height,17037,31.505,MAC Field Scanner Field Plot 739 Season 2,FALSE,Maricopa,6000000244,6000003335
height,17038,33.488,MAC Field Scanner Field Plot 739 Season 2,FALSE,Maricopa,6000000244,6000003335
height,17040,39.437,MAC Field Scanner Field Plot 739 Season 2,FALSE,Maricopa,6000000244,6000003335
height,17042,32.827,MAC Field Scanner Field Plot 739 Season 2,FALSE,Maricopa,6000000244,6000003335
height,17046,33.488,MAC Field Scanner Field Plot 739 Season 2,FALSE,Maricopa,6000000244,6000003335
height,17048,32.827,MAC Field Scanner Field Plot 739 Season 2,FALSE,Maricopa,6000000244,6000003335
height,17049,33.488,MAC Field Scanner Field Plot 739 Season 2,FALSE,Maricopa,6000000244,6000003335
height,17050,51.996,MAC Field Scanner Field Plot 739 Season 2,FALSE,Maricopa,6000000244,6000003335
height,17051,53.318,MAC Field Scanner Field Plot 739 Season 2,FALSE,Maricopa,6000000244,6000003335
height,17052,55.301,MAC Field Scanner Field Plot 739 Season 2,FALSE,Maricopa,6000000244,6000003335
height,17054,57.945,MAC Field Scanner Field Plot 739 Season 2,FALSE,Maricopa,6000000244,6000003335
height,17055,59.928,MAC Field Scanner Field Plot 739 Season 2,FALSE,Maricopa,6000000244,6000003335
height,17056,62.572,MAC Field Scanner Field Plot 739 Season 2,FALSE,Maricopa,6000000244,6000003335
height,17057,63.894,MAC Field Scanner Field Plot 739 Season 2,FALSE,Maricopa,6000000244,6000003335
height,17059,66.538,MAC Field Scanner Field Plot 739 Season 2,FALSE,Maricopa,6000000244,6000003335
height,17064,70.504,MAC Field Scanner Field Plot 739 Season 2,FALSE,Maricopa,6000000244,6000003335
height,17066,71.826,MAC Field Scanner Field Plot 739 Season 2,FALSE,Maricopa,6000000244,6000003335
height,17068,73.148,MAC Field Scanner Field Plot 739 Season 2,FALSE,Maricopa,6000000244,6000003335
height,17069,73.809,MAC Field Scanner Field Plot 739 Season 2,FALSE,Maricopa,6000000244,6000003335
height,17070,75.792,MAC Field Scanner Field Plot 739 Season 2,FALSE,Maricopa,6000000244,6000003335
height,17071,71.826,MAC Field Scanner Field Plot 739 Season 2,FALSE,Maricopa,6000000244,6000003335
height,17072,75.131,MAC Field Scanner Field Plot 739 Season 2,FALSE,Maricopa,6000000244,6000003335
height,17022,32.166,MAC Field Scanner Field Plot 191 Season 2,FALSE,Maricopa,6000000340,6000002787
height,17025,32.166,MAC Field Scanner Field Plot 191 Season 2,FALSE,Maricopa,6000000340,6000002787
height,17026,32.166,MAC Field Scanner Field Plot 191 Season 2,FALSE,Maricopa,6000000340,6000002787
height,17027,32.166,MAC Field Scanner Field Plot 191 Season 2,FALSE,Maricopa,6000000340,6000002787
height,17028,31.505,MAC Field Scanner Field Plot 191 Season 2,FALSE,Maricopa,6000000340,6000002787
height,17029,31.505,MAC Field Scanner Field Plot 191 Season 2,FALSE,Maricopa,6000000340,6000002787
height,17030,31.505,MAC Field Scanner Field Plot 191 Season 2,FALSE,Maricopa,6000000340,6000002787
height,17031,32.166,MAC Field Scanner Field Plot 191 Season 2,FALSE,Maricopa,6000000340,6000002787
height,17037,31.505,MAC Field Scanner Field Plot 191 Season 2,FALSE,Maricopa,6000000340,6000002787
height,17039,32.166,MAC Field Scanner Field Plot 191 Season 2,FALSE,Maricopa,6000000340,6000002787
height,17040,32.166,MAC Field Scanner Field Plot 191 Season 2,FALSE,Maricopa,6000000340,6000002787
height,17043,32.166,MAC Field Scanner Field Plot 191 Season 2,FALSE,Maricopa,6000000340,6000002787
height,17047,32.827,MAC Field Scanner Field Plot 191 Season 2,FALSE,Maricopa,6000000340,6000002787
height,17049,32.827,MAC Field Scanner Field Plot 191 Season 2,FALSE,Maricopa,6000000340,6000002787
height,17050,32.827,MAC Field Scanner Field Plot 191 Season 2,FALSE,Maricopa,6000000340,6000002787
height,17051,48.03,MAC Field Scanner Field Plot 191 Season 2,FALSE,Maricopa,6000000340,6000002787
height,17052,51.996,MAC Field Scanner Field Plot 191 Season 2,FALSE,Maricopa,6000000340,6000002787
height,17053,55.962,MAC Field Scanner Field Plot 191 Season 2,FALSE,Maricopa,6000000340,6000002787
height,17054,59.267,MAC Field Scanner Field Plot 191 Season 2,FALSE,Maricopa,6000000340,6000002787
height,17056,62.572,MAC Field Scanner Field Plot 191 Season 2,FALSE,Maricopa,6000000340,6000002787
height,17057,64.555,MAC Field Scanner Field Plot 191 Season 2,FALSE,Maricopa,6000000340,6000002787
height,17058,66.538,MAC Field Scanner Field Plot 191 Season 2,FALSE,Maricopa,6000000340,6000002787
height,17061,73.148,MAC Field Scanner Field Plot 191 Season 2,FALSE,Maricopa,6000000340,6000002787
height,17064,81.08,MAC Field Scanner Field Plot 191 Season 2,FALSE,Maricopa,6000000340,6000002787
height,17067,87.029,MAC Field Scanner Field Plot 191 Season 2,FALSE,Maricopa,6000000340,6000002787
height,17069,88.351,MAC Field Scanner Field Plot 191 Season 2,FALSE,Maricopa,6000000340,6000002787
height,17070,89.012,MAC Field Scanner Field Plot 191 Season 2,FALSE,Maricopa,6000000340,6000002787
height,17071,84.385,MAC Field Scanner Field Plot 191 Season 2,FALSE,Maricopa,6000000340,6000002787
height,17022,32.166,MAC Field Scanner Field Plot 190 Season 2,FALSE,Maricopa,6000000340,6000002786
height,17025,32.827,MAC Field Scanner Field Plot 190 Season 2,FALSE,Maricopa,6000000340,6000002786
height,17026,32.827,MAC Field Scanner Field Plot 190 Season 2,FALSE,Maricopa,6000000340,6000002786
height,17027,32.166,MAC Field Scanner Field Plot 190 Season 2,FALSE,Maricopa,6000000340,6000002786
height,17028,32.166,MAC Field Scanner Field Plot 190 Season 2,FALSE,Maricopa,6000000340,6000002786
height,17029,32.166,MAC Field Scanner Field Plot 190 Season 2,FALSE,Maricopa,6000000340,6000002786
height,17030,32.827,MAC Field Scanner Field Plot 190 Season 2,FALSE,Maricopa,6000000340,6000002786
height,17031,32.166,MAC Field Scanner Field Plot 190 Season 2,FALSE,Maricopa,6000000340,6000002786
height,17037,32.827,MAC Field Scanner Field Plot 190 Season 2,FALSE,Maricopa,6000000340,6000002786
height,17039,32.827,MAC Field Scanner Field Plot 190 Season 2,FALSE,Maricopa,6000000340,6000002786
height,17040,33.488,MAC Field Scanner Field Plot 190 Season 2,FALSE,Maricopa,6000000340,6000002786
height,17043,33.488,MAC Field Scanner Field Plot 190 Season 2,FALSE,Maricopa,6000000340,6000002786
height,17047,34.149,MAC Field Scanner Field Plot 190 Season 2,FALSE,Maricopa,6000000340,6000002786
height,17049,34.149,MAC Field Scanner Field Plot 190 Season 2,FALSE,Maricopa,6000000340,6000002786
height,17050,34.149,MAC Field Scanner Field Plot 190 Season 2,FALSE,Maricopa,6000000340,6000002786
height,17051,48.691,MAC Field Scanner Field Plot 190 Season 2,FALSE,Maricopa,6000000340,6000002786
height,17052,51.996,MAC Field Scanner Field Plot 190 Season 2,FALSE,Maricopa,6000000340,6000002786
height,17053,54.64,MAC Field Scanner Field Plot 190 Season 2,FALSE,Maricopa,6000000340,6000002786
height,17054,57.945,MAC Field Scanner Field Plot 190 Season 2,FALSE,Maricopa,6000000340,6000002786
height,17056,61.25,MAC Field Scanner Field Plot 190 Season 2,FALSE,Maricopa,6000000340,6000002786
height,17057,63.894,MAC Field Scanner Field Plot 190 Season 2,FALSE,Maricopa,6000000340,6000002786
height,17058,65.877,MAC Field Scanner Field Plot 190 Season 2,FALSE,Maricopa,6000000340,6000002786
height,17061,72.487,MAC Field Scanner Field Plot 190 Season 2,FALSE,Maricopa,6000000340,6000002786
height,17064,76.453,MAC Field Scanner Field Plot 190 Season 2,FALSE,Maricopa,6000000340,6000002786
height,17067,81.08,MAC Field Scanner Field Plot 190 Season 2,FALSE,Maricopa,6000000340,6000002786
height,17069,83.063,MAC Field Scanner Field Plot 190 Season 2,FALSE,Maricopa,6000000340,6000002786
height,17070,83.724,MAC Field Scanner Field Plot 190 Season 2,FALSE,Maricopa,6000000340,6000002786
height,17071,85.046,MAC Field Scanner Field Plot 190 Season 2,FALSE,Maricopa,6000000340,6000002786
height,17022,32.166,MAC Field Scanner Field Plot 439 Season 2,FALSE,Maricopa,6000000340,6000003035
height,17024,32.166,MAC Field Scanner Field Plot 439 Season 2,FALSE,Maricopa,6000000340,6000003035
height,17026,32.166,MAC Field Scanner Field Plot 439 Season 2,FALSE,Maricopa,6000000340,6000003035
height,17028,31.505,MAC Field Scanner Field Plot 439 Season 2,FALSE,Maricopa,6000000340,6000003035
height,17029,32.166,MAC Field Scanner Field Plot 439 Season 2,FALSE,Maricopa,6000000340,6000003035
height,17030,32.166,MAC Field Scanner Field Plot 439 Season 2,FALSE,Maricopa,6000000340,6000003035
height,17036,31.505,MAC Field Scanner Field Plot 439 Season 2,FALSE,Maricopa,6000000340,6000003035
height,17038,32.827,MAC Field Scanner Field Plot 439 Season 2,FALSE,Maricopa,6000000340,6000003035
height,17040,32.827,MAC Field Scanner Field Plot 439 Season 2,FALSE,Maricopa,6000000340,6000003035
height,17042,32.827,MAC Field Scanner Field Plot 439 Season 2,FALSE,Maricopa,6000000340,6000003035
height,17046,32.827,MAC Field Scanner Field Plot 439 Season 2,FALSE,Maricopa,6000000340,6000003035
height,17049,32.827,MAC Field Scanner Field Plot 439 Season 2,FALSE,Maricopa,6000000340,6000003035
height,17051,53.318,MAC Field Scanner Field Plot 439 Season 2,FALSE,Maricopa,6000000340,6000003035
height,17053,57.284,MAC Field Scanner Field Plot 439 Season 2,FALSE,Maricopa,6000000340,6000003035
height,17054,59.928,MAC Field Scanner Field Plot 439 Season 2,FALSE,Maricopa,6000000340,6000003035
height,17055,62.572,MAC Field Scanner Field Plot 439 Season 2,FALSE,Maricopa,6000000340,6000003035
height,17056,65.877,MAC Field Scanner Field Plot 439 Season 2,FALSE,Maricopa,6000000340,6000003035
height,17058,66.538,MAC Field Scanner Field Plot 439 Season 2,FALSE,Maricopa,6000000340,6000003035
height,17061,73.148,MAC Field Scanner Field Plot 439 Season 2,FALSE,Maricopa,6000000340,6000003035
height,17064,77.114,MAC Field Scanner Field Plot 439 Season 2,FALSE,Maricopa,6000000340,6000003035
height,17067,79.758,MAC Field Scanner Field Plot 439 Season 2,FALSE,Maricopa,6000000340,6000003035
height,17069,81.741,MAC Field Scanner Field Plot 439 Season 2,FALSE,Maricopa,6000000340,6000003035
height,17070,83.724,MAC Field Scanner Field Plot 439 Season 2,FALSE,Maricopa,6000000340,6000003035
height,17071,85.046,MAC Field Scanner Field Plot 439 Season 2,FALSE,Maricopa,6000000340,6000003035
height,17022,31.505,MAC Field Scanner Field Plot 438 Season 2,FALSE,Maricopa,6000000340,6000003034
height,17024,32.166,MAC Field Scanner Field Plot 438 Season 2,FALSE,Maricopa,6000000340,6000003034
height,17026,31.505,MAC Field Scanner Field Plot 438 Season 2,FALSE,Maricopa,6000000340,6000003034
height,17028,32.166,MAC Field Scanner Field Plot 438 Season 2,FALSE,Maricopa,6000000340,6000003034
height,17029,32.166,MAC Field Scanner Field Plot 438 Season 2,FALSE,Maricopa,6000000340,6000003034
height,17030,32.166,MAC Field Scanner Field Plot 438 Season 2,FALSE,Maricopa,6000000340,6000003034
height,17036,32.166,MAC Field Scanner Field Plot 438 Season 2,FALSE,Maricopa,6000000340,6000003034
height,17038,32.827,MAC Field Scanner Field Plot 438 Season 2,FALSE,Maricopa,6000000340,6000003034
height,17040,33.488,MAC Field Scanner Field Plot 438 Season 2,FALSE,Maricopa,6000000340,6000003034
height,17042,32.827,MAC Field Scanner Field Plot 438 Season 2,FALSE,Maricopa,6000000340,6000003034
height,17046,34.149,MAC Field Scanner Field Plot 438 Season 2,FALSE,Maricopa,6000000340,6000003034
height,17049,33.488,MAC Field Scanner Field Plot 438 Season 2,FALSE,Maricopa,6000000340,6000003034
height,17051,58.606,MAC Field Scanner Field Plot 438 Season 2,FALSE,Maricopa,6000000340,6000003034
height,17053,61.911,MAC Field Scanner Field Plot 438 Season 2,FALSE,Maricopa,6000000340,6000003034
height,17054,65.216,MAC Field Scanner Field Plot 438 Season 2,FALSE,Maricopa,6000000340,6000003034
height,17055,68.521,MAC Field Scanner Field Plot 438 Season 2,FALSE,Maricopa,6000000340,6000003034
height,17056,71.165,MAC Field Scanner Field Plot 438 Season 2,FALSE,Maricopa,6000000340,6000003034
height,17058,72.487,MAC Field Scanner Field Plot 438 Season 2,FALSE,Maricopa,6000000340,6000003034
height,17061,78.436,MAC Field Scanner Field Plot 438 Season 2,FALSE,Maricopa,6000000340,6000003034
height,17064,82.402,MAC Field Scanner Field Plot 438 Season 2,FALSE,Maricopa,6000000340,6000003034
height,17067,86.368,MAC Field Scanner Field Plot 438 Season 2,FALSE,Maricopa,6000000340,6000003034
height,17069,88.351,MAC Field Scanner Field Plot 438 Season 2,FALSE,Maricopa,6000000340,6000003034
height,17070,89.673,MAC Field Scanner Field Plot 438 Season 2,FALSE,Maricopa,6000000340,6000003034
height,17071,90.334,MAC Field Scanner Field Plot 438 Season 2,FALSE,Maricopa,6000000340,6000003034
height,17022,31.505,MAC Field Scanner Field Plot 339 Season 2,FALSE,Maricopa,6000000341,6000002935
height,17024,31.505,MAC Field Scanner Field Plot 339 Season 2,FALSE,Maricopa,6000000341,6000002935
height,17025,31.505,MAC Field Scanner Field Plot 339 Season 2,FALSE,Maricopa,6000000341,6000002935
height,17026,31.505,MAC Field Scanner Field Plot 339 Season 2,FALSE,Maricopa,6000000341,6000002935
height,17028,30.844,MAC Field Scanner Field Plot 339 Season 2,FALSE,Maricopa,6000000341,6000002935
height,17029,31.505,MAC Field Scanner Field Plot 339 Season 2,FALSE,Maricopa,6000000341,6000002935
height,17030,31.505,MAC Field Scanner Field Plot 339 Season 2,FALSE,Maricopa,6000000341,6000002935
height,17031,31.505,MAC Field Scanner Field Plot 339 Season 2,FALSE,Maricopa,6000000341,6000002935
height,17037,31.505,MAC Field Scanner Field Plot 339 Season 2,FALSE,Maricopa,6000000341,6000002935
height,17038,32.827,MAC Field Scanner Field Plot 339 Season 2,FALSE,Maricopa,6000000341,6000002935
height,17040,32.827,MAC Field Scanner Field Plot 339 Season 2,FALSE,Maricopa,6000000341,6000002935
height,17043,32.827,MAC Field Scanner Field Plot 339 Season 2,FALSE,Maricopa,6000000341,6000002935
height,17047,33.488,MAC Field Scanner Field Plot 339 Season 2,FALSE,Maricopa,6000000341,6000002935
height,17049,33.488,MAC Field Scanner Field Plot 339 Season 2,FALSE,Maricopa,6000000341,6000002935
height,17050,33.488,MAC Field Scanner Field Plot 339 Season 2,FALSE,Maricopa,6000000341,6000002935
height,17051,46.708,MAC Field Scanner Field Plot 339 Season 2,FALSE,Maricopa,6000000341,6000002935
height,17052,48.03,MAC Field Scanner Field Plot 339 Season 2,FALSE,Maricopa,6000000341,6000002935
height,17053,50.674,MAC Field Scanner Field Plot 339 Season 2,FALSE,Maricopa,6000000341,6000002935
height,17054,53.318,MAC Field Scanner Field Plot 339 Season 2,FALSE,Maricopa,6000000341,6000002935
height,17057,59.267,MAC Field Scanner Field Plot 339 Season 2,FALSE,Maricopa,6000000341,6000002935
height,17058,61.25,MAC Field Scanner Field Plot 339 Season 2,FALSE,Maricopa,6000000341,6000002935
height,17061,65.216,MAC Field Scanner Field Plot 339 Season 2,FALSE,Maricopa,6000000341,6000002935
height,17064,65.877,MAC Field Scanner Field Plot 339 Season 2,FALSE,Maricopa,6000000341,6000002935
height,17067,67.199,MAC Field Scanner Field Plot 339 Season 2,FALSE,Maricopa,6000000341,6000002935
height,17069,67.86,MAC Field Scanner Field Plot 339 Season 2,FALSE,Maricopa,6000000341,6000002935
height,17070,67.86,MAC Field Scanner Field Plot 339 Season 2,FALSE,Maricopa,6000000341,6000002935
height,17071,69.182,MAC Field Scanner Field Plot 339 Season 2,FALSE,Maricopa,6000000341,6000002935
height,17022,31.505,MAC Field Scanner Field Plot 338 Season 2,FALSE,Maricopa,6000000341,6000002934
height,17025,31.505,MAC Field Scanner Field Plot 338 Season 2,FALSE,Maricopa,6000000341,6000002934
height,17026,31.505,MAC Field Scanner Field Plot 338 Season 2,FALSE,Maricopa,6000000341,6000002934
height,17028,30.844,MAC Field Scanner Field Plot 338 Season 2,FALSE,Maricopa,6000000341,6000002934
height,17029,30.844,MAC Field Scanner Field Plot 338 Season 2,FALSE,Maricopa,6000000341,6000002934
height,17030,30.844,MAC Field Scanner Field Plot 338 Season 2,FALSE,Maricopa,6000000341,6000002934
height,17031,31.505,MAC Field Scanner Field Plot 338 Season 2,FALSE,Maricopa,6000000341,6000002934
height,17037,30.844,MAC Field Scanner Field Plot 338 Season 2,FALSE,Maricopa,6000000341,6000002934
height,17038,32.827,MAC Field Scanner Field Plot 338 Season 2,FALSE,Maricopa,6000000341,6000002934
height,17040,32.827,MAC Field Scanner Field Plot 338 Season 2,FALSE,Maricopa,6000000341,6000002934
height,17043,32.166,MAC Field Scanner Field Plot 338 Season 2,FALSE,Maricopa,6000000341,6000002934
height,17047,33.488,MAC Field Scanner Field Plot 338 Season 2,FALSE,Maricopa,6000000341,6000002934
height,17049,33.488,MAC Field Scanner Field Plot 338 Season 2,FALSE,Maricopa,6000000341,6000002934
height,17050,33.488,MAC Field Scanner Field Plot 338 Season 2,FALSE,Maricopa,6000000341,6000002934
height,17051,45.386,MAC Field Scanner Field Plot 338 Season 2,FALSE,Maricopa,6000000341,6000002934
height,17052,47.369,MAC Field Scanner Field Plot 338 Season 2,FALSE,Maricopa,6000000341,6000002934
height,17053,54.64,MAC Field Scanner Field Plot 338 Season 2,FALSE,Maricopa,6000000341,6000002934
height,17054,57.284,MAC Field Scanner Field Plot 338 Season 2,FALSE,Maricopa,6000000341,6000002934
height,17057,61.911,MAC Field Scanner Field Plot 338 Season 2,FALSE,Maricopa,6000000341,6000002934
height,17058,62.572,MAC Field Scanner Field Plot 338 Season 2,FALSE,Maricopa,6000000341,6000002934
height,17061,67.86,MAC Field Scanner Field Plot 338 Season 2,FALSE,Maricopa,6000000341,6000002934
height,17064,70.504,MAC Field Scanner Field Plot 338 Season 2,FALSE,Maricopa,6000000341,6000002934
height,17067,69.843,MAC Field Scanner Field Plot 338 Season 2,FALSE,Maricopa,6000000341,6000002934
height,17069,71.165,MAC Field Scanner Field Plot 338 Season 2,FALSE,Maricopa,6000000341,6000002934
height,17070,71.826,MAC Field Scanner Field Plot 338 Season 2,FALSE,Maricopa,6000000341,6000002934
height,17071,73.809,MAC Field Scanner Field Plot 338 Season 2,FALSE,Maricopa,6000000341,6000002934
height,17021,30.844,MAC Field Scanner Field Plot 537 Season 2,FALSE,Maricopa,6000000341,6000003133
height,17022,31.505,MAC Field Scanner Field Plot 537 Season 2,FALSE,Maricopa,6000000341,6000003133
height,17024,31.505,MAC Field Scanner Field Plot 537 Season 2,FALSE,Maricopa,6000000341,6000003133
height,17026,31.505,MAC Field Scanner Field Plot 537 Season 2,FALSE,Maricopa,6000000341,6000003133
height,17028,30.844,MAC Field Scanner Field Plot 537 Season 2,FALSE,Maricopa,6000000341,6000003133
height,17029,31.505,MAC Field Scanner Field Plot 537 Season 2,FALSE,Maricopa,6000000341,6000003133
height,17030,31.505,MAC Field Scanner Field Plot 537 Season 2,FALSE,Maricopa,6000000341,6000003133
height,17036,31.505,MAC Field Scanner Field Plot 537 Season 2,FALSE,Maricopa,6000000341,6000003133
height,17038,32.827,MAC Field Scanner Field Plot 537 Season 2,FALSE,Maricopa,6000000341,6000003133
height,17040,32.827,MAC Field Scanner Field Plot 537 Season 2,FALSE,Maricopa,6000000341,6000003133
height,17042,33.488,MAC Field Scanner Field Plot 537 Season 2,FALSE,Maricopa,6000000341,6000003133
height,17046,34.149,MAC Field Scanner Field Plot 537 Season 2,FALSE,Maricopa,6000000341,6000003133
height,17049,34.149,MAC Field Scanner Field Plot 537 Season 2,FALSE,Maricopa,6000000341,6000003133
height,17051,57.284,MAC Field Scanner Field Plot 537 Season 2,FALSE,Maricopa,6000000341,6000003133
height,17053,60.589,MAC Field Scanner Field Plot 537 Season 2,FALSE,Maricopa,6000000341,6000003133
height,17054,62.572,MAC Field Scanner Field Plot 537 Season 2,FALSE,Maricopa,6000000341,6000003133
height,17055,65.877,MAC Field Scanner Field Plot 537 Season 2,FALSE,Maricopa,6000000341,6000003133
height,17056,67.199,MAC Field Scanner Field Plot 537 Season 2,FALSE,Maricopa,6000000341,6000003133
height,17058,67.86,MAC Field Scanner Field Plot 537 Season 2,FALSE,Maricopa,6000000341,6000003133
height,17059,69.182,MAC Field Scanner Field Plot 537 Season 2,FALSE,Maricopa,6000000341,6000003133
height,17064,70.504,MAC Field Scanner Field Plot 537 Season 2,FALSE,Maricopa,6000000341,6000003133
height,17067,72.487,MAC Field Scanner Field Plot 537 Season 2,FALSE,Maricopa,6000000341,6000003133
height,17068,73.148,MAC Field Scanner Field Plot 537 Season 2,FALSE,Maricopa,6000000341,6000003133
height,17070,73.148,MAC Field Scanner Field Plot 537 Season 2,FALSE,Maricopa,6000000341,6000003133
height,17071,73.148,MAC Field Scanner Field Plot 537 Season 2,FALSE,Maricopa,6000000341,6000003133
height,17021,31.505,MAC Field Scanner Field Plot 536 Season 2,FALSE,Maricopa,6000000341,6000003132
height,17022,32.827,MAC Field Scanner Field Plot 536 Season 2,FALSE,Maricopa,6000000341,6000003132
height,17024,32.166,MAC Field Scanner Field Plot 536 Season 2,FALSE,Maricopa,6000000341,6000003132
height,17026,32.827,MAC Field Scanner Field Plot 536 Season 2,FALSE,Maricopa,6000000341,6000003132
height,17028,32.166,MAC Field Scanner Field Plot 536 Season 2,FALSE,Maricopa,6000000341,6000003132
height,17029,32.827,MAC Field Scanner Field Plot 536 Season 2,FALSE,Maricopa,6000000341,6000003132
height,17030,32.827,MAC Field Scanner Field Plot 536 Season 2,FALSE,Maricopa,6000000341,6000003132
height,17036,32.827,MAC Field Scanner Field Plot 536 Season 2,FALSE,Maricopa,6000000341,6000003132
height,17038,33.488,MAC Field Scanner Field Plot 536 Season 2,FALSE,Maricopa,6000000341,6000003132
height,17040,34.149,MAC Field Scanner Field Plot 536 Season 2,FALSE,Maricopa,6000000341,6000003132
height,17042,33.488,MAC Field Scanner Field Plot 536 Season 2,FALSE,Maricopa,6000000341,6000003132
height,17046,34.149,MAC Field Scanner Field Plot 536 Season 2,FALSE,Maricopa,6000000341,6000003132
height,17049,34.149,MAC Field Scanner Field Plot 536 Season 2,FALSE,Maricopa,6000000341,6000003132
height,17051,59.267,MAC Field Scanner Field Plot 536 Season 2,FALSE,Maricopa,6000000341,6000003132
height,17053,61.25,MAC Field Scanner Field Plot 536 Season 2,FALSE,Maricopa,6000000341,6000003132
height,17054,63.894,MAC Field Scanner Field Plot 536 Season 2,FALSE,Maricopa,6000000341,6000003132
height,17055,66.538,MAC Field Scanner Field Plot 536 Season 2,FALSE,Maricopa,6000000341,6000003132
height,17056,67.86,MAC Field Scanner Field Plot 536 Season 2,FALSE,Maricopa,6000000341,6000003132
height,17058,67.86,MAC Field Scanner Field Plot 536 Season 2,FALSE,Maricopa,6000000341,6000003132
height,17059,67.86,MAC Field Scanner Field Plot 536 Season 2,FALSE,Maricopa,6000000341,6000003132
height,17064,69.182,MAC Field Scanner Field Plot 536 Season 2,FALSE,Maricopa,6000000341,6000003132
height,17067,71.165,MAC Field Scanner Field Plot 536 Season 2,FALSE,Maricopa,6000000341,6000003132
height,17068,71.165,MAC Field Scanner Field Plot 536 Season 2,FALSE,Maricopa,6000000341,6000003132
height,17070,71.165,MAC Field Scanner Field Plot 536 Season 2,FALSE,Maricopa,6000000341,6000003132
height,17071,72.487,MAC Field Scanner Field Plot 536 Season 2,FALSE,Maricopa,6000000341,6000003132
height,17024,32.166,MAC Field Scanner Field Plot 236 Season 2,FALSE,Maricopa,6000000342,6000002832
height,17025,32.166,MAC Field Scanner Field Plot 236 Season 2,FALSE,Maricopa,6000000342,6000002832
height,17026,32.166,MAC Field Scanner Field Plot 236 Season 2,FALSE,Maricopa,6000000342,6000002832
height,17027,32.166,MAC Field Scanner Field Plot 236 Season 2,FALSE,Maricopa,6000000342,6000002832
height,17028,31.505,MAC Field Scanner Field Plot 236 Season 2,FALSE,Maricopa,6000000342,6000002832
height,17029,32.166,MAC Field Scanner Field Plot 236 Season 2,FALSE,Maricopa,6000000342,6000002832
height,17030,32.166,MAC Field Scanner Field Plot 236 Season 2,FALSE,Maricopa,6000000342,6000002832
height,17031,32.166,MAC Field Scanner Field Plot 236 Season 2,FALSE,Maricopa,6000000342,6000002832
height,17037,32.166,MAC Field Scanner Field Plot 236 Season 2,FALSE,Maricopa,6000000342,6000002832
height,17040,32.827,MAC Field Scanner Field Plot 236 Season 2,FALSE,Maricopa,6000000342,6000002832
height,17047,32.827,MAC Field Scanner Field Plot 236 Season 2,FALSE,Maricopa,6000000342,6000002832
height,17049,33.488,MAC Field Scanner Field Plot 236 Season 2,FALSE,Maricopa,6000000342,6000002832
height,17050,32.827,MAC Field Scanner Field Plot 236 Season 2,FALSE,Maricopa,6000000342,6000002832
height,17051,55.962,MAC Field Scanner Field Plot 236 Season 2,FALSE,Maricopa,6000000342,6000002832
height,17052,57.284,MAC Field Scanner Field Plot 236 Season 2,FALSE,Maricopa,6000000342,6000002832
height,17053,58.606,MAC Field Scanner Field Plot 236 Season 2,FALSE,Maricopa,6000000342,6000002832
height,17054,59.928,MAC Field Scanner Field Plot 236 Season 2,FALSE,Maricopa,6000000342,6000002832
height,17056,61.911,MAC Field Scanner Field Plot 236 Season 2,FALSE,Maricopa,6000000342,6000002832
height,17057,63.233,MAC Field Scanner Field Plot 236 Season 2,FALSE,Maricopa,6000000342,6000002832
height,17058,63.894,MAC Field Scanner Field Plot 236 Season 2,FALSE,Maricopa,6000000342,6000002832
height,17061,67.199,MAC Field Scanner Field Plot 236 Season 2,FALSE,Maricopa,6000000342,6000002832
height,17064,69.182,MAC Field Scanner Field Plot 236 Season 2,FALSE,Maricopa,6000000342,6000002832
height,17067,70.504,MAC Field Scanner Field Plot 236 Season 2,FALSE,Maricopa,6000000342,6000002832
height,17069,71.826,MAC Field Scanner Field Plot 236 Season 2,FALSE,Maricopa,6000000342,6000002832
height,17070,71.826,MAC Field Scanner Field Plot 236 Season 2,FALSE,Maricopa,6000000342,6000002832
height,17071,71.165,MAC Field Scanner Field Plot 236 Season 2,FALSE,Maricopa,6000000342,6000002832
height,17022,31.505,MAC Field Scanner Field Plot 237 Season 2,FALSE,Maricopa,6000000342,6000002833
height,17024,31.505,MAC Field Scanner Field Plot 237 Season 2,FALSE,Maricopa,6000000342,6000002833
height,17025,30.844,MAC Field Scanner Field Plot 237 Season 2,FALSE,Maricopa,6000000342,6000002833
height,17026,30.844,MAC Field Scanner Field Plot 237 Season 2,FALSE,Maricopa,6000000342,6000002833
height,17027,31.505,MAC Field Scanner Field Plot 237 Season 2,FALSE,Maricopa,6000000342,6000002833
height,17028,30.844,MAC Field Scanner Field Plot 237 Season 2,FALSE,Maricopa,6000000342,6000002833
height,17029,30.844,MAC Field Scanner Field Plot 237 Season 2,FALSE,Maricopa,6000000342,6000002833
height,17030,30.844,MAC Field Scanner Field Plot 237 Season 2,FALSE,Maricopa,6000000342,6000002833
height,17031,31.505,MAC Field Scanner Field Plot 237 Season 2,FALSE,Maricopa,6000000342,6000002833
height,17037,31.505,MAC Field Scanner Field Plot 237 Season 2,FALSE,Maricopa,6000000342,6000002833
height,17040,33.488,MAC Field Scanner Field Plot 237 Season 2,FALSE,Maricopa,6000000342,6000002833
height,17043,33.488,MAC Field Scanner Field Plot 237 Season 2,FALSE,Maricopa,6000000342,6000002833
height,17047,33.488,MAC Field Scanner Field Plot 237 Season 2,FALSE,Maricopa,6000000342,6000002833
height,17049,34.149,MAC Field Scanner Field Plot 237 Season 2,FALSE,Maricopa,6000000342,6000002833
height,17050,34.149,MAC Field Scanner Field Plot 237 Season 2,FALSE,Maricopa,6000000342,6000002833
height,17051,52.657,MAC Field Scanner Field Plot 237 Season 2,FALSE,Maricopa,6000000342,6000002833
height,17052,54.64,MAC Field Scanner Field Plot 237 Season 2,FALSE,Maricopa,6000000342,6000002833
height,17053,55.962,MAC Field Scanner Field Plot 237 Season 2,FALSE,Maricopa,6000000342,6000002833
height,17054,57.945,MAC Field Scanner Field Plot 237 Season 2,FALSE,Maricopa,6000000342,6000002833
height,17056,60.589,MAC Field Scanner Field Plot 237 Season 2,FALSE,Maricopa,6000000342,6000002833
height,17057,62.572,MAC Field Scanner Field Plot 237 Season 2,FALSE,Maricopa,6000000342,6000002833
height,17058,63.233,MAC Field Scanner Field Plot 237 Season 2,FALSE,Maricopa,6000000342,6000002833
height,17061,65.877,MAC Field Scanner Field Plot 237 Season 2,FALSE,Maricopa,6000000342,6000002833
height,17064,66.538,MAC Field Scanner Field Plot 237 Season 2,FALSE,Maricopa,6000000342,6000002833
height,17067,67.86,MAC Field Scanner Field Plot 237 Season 2,FALSE,Maricopa,6000000342,6000002833
height,17069,68.521,MAC Field Scanner Field Plot 237 Season 2,FALSE,Maricopa,6000000342,6000002833
height,17070,69.182,MAC Field Scanner Field Plot 237 Season 2,FALSE,Maricopa,6000000342,6000002833
height,17071,69.843,MAC Field Scanner Field Plot 237 Season 2,FALSE,Maricopa,6000000342,6000002833
height,17021,31.505,MAC Field Scanner Field Plot 541 Season 2,FALSE,Maricopa,6000000342,6000003137
height,17022,31.505,MAC Field Scanner Field Plot 541 Season 2,FALSE,Maricopa,6000000342,6000003137
height,17024,32.166,MAC Field Scanner Field Plot 541 Season 2,FALSE,Maricopa,6000000342,6000003137
height,17026,31.505,MAC Field Scanner Field Plot 541 Season 2,FALSE,Maricopa,6000000342,6000003137
height,17028,31.505,MAC Field Scanner Field Plot 541 Season 2,FALSE,Maricopa,6000000342,6000003137
height,17029,31.505,MAC Field Scanner Field Plot 541 Season 2,FALSE,Maricopa,6000000342,6000003137
height,17030,31.505,MAC Field Scanner Field Plot 541 Season 2,FALSE,Maricopa,6000000342,6000003137
height,17036,31.505,MAC Field Scanner Field Plot 541 Season 2,FALSE,Maricopa,6000000342,6000003137
height,17038,33.488,MAC Field Scanner Field Plot 541 Season 2,FALSE,Maricopa,6000000342,6000003137
height,17040,32.827,MAC Field Scanner Field Plot 541 Season 2,FALSE,Maricopa,6000000342,6000003137
height,17042,32.827,MAC Field Scanner Field Plot 541 Season 2,FALSE,Maricopa,6000000342,6000003137
height,17046,32.827,MAC Field Scanner Field Plot 541 Season 2,FALSE,Maricopa,6000000342,6000003137
height,17049,33.488,MAC Field Scanner Field Plot 541 Season 2,FALSE,Maricopa,6000000342,6000003137
height,17051,57.284,MAC Field Scanner Field Plot 541 Season 2,FALSE,Maricopa,6000000342,6000003137
height,17053,59.267,MAC Field Scanner Field Plot 541 Season 2,FALSE,Maricopa,6000000342,6000003137
height,17054,61.911,MAC Field Scanner Field Plot 541 Season 2,FALSE,Maricopa,6000000342,6000003137
height,17055,64.555,MAC Field Scanner Field Plot 541 Season 2,FALSE,Maricopa,6000000342,6000003137
height,17056,65.877,MAC Field Scanner Field Plot 541 Season 2,FALSE,Maricopa,6000000342,6000003137
height,17058,65.877,MAC Field Scanner Field Plot 541 Season 2,FALSE,Maricopa,6000000342,6000003137
height,17059,67.199,MAC Field Scanner Field Plot 541 Season 2,FALSE,Maricopa,6000000342,6000003137
height,17061,67.86,MAC Field Scanner Field Plot 541 Season 2,FALSE,Maricopa,6000000342,6000003137
height,17064,68.521,MAC Field Scanner Field Plot 541 Season 2,FALSE,Maricopa,6000000342,6000003137
height,17067,69.182,MAC Field Scanner Field Plot 541 Season 2,FALSE,Maricopa,6000000342,6000003137
height,17068,70.504,MAC Field Scanner Field Plot 541 Season 2,FALSE,Maricopa,6000000342,6000003137
height,17070,71.165,MAC Field Scanner Field Plot 541 Season 2,FALSE,Maricopa,6000000342,6000003137
height,17071,71.826,MAC Field Scanner Field Plot 541 Season 2,FALSE,Maricopa,6000000342,6000003137
height,17021,31.505,MAC Field Scanner Field Plot 540 Season 2,FALSE,Maricopa,6000000342,6000003136
height,17022,31.505,MAC Field Scanner Field Plot 540 Season 2,FALSE,Maricopa,6000000342,6000003136
height,17024,32.166,MAC Field Scanner Field Plot 540 Season 2,FALSE,Maricopa,6000000342,6000003136
height,17026,31.505,MAC Field Scanner Field Plot 540 Season 2,FALSE,Maricopa,6000000342,6000003136
height,17028,31.505,MAC Field Scanner Field Plot 540 Season 2,FALSE,Maricopa,6000000342,6000003136
height,17029,31.505,MAC Field Scanner Field Plot 540 Season 2,FALSE,Maricopa,6000000342,6000003136
height,17030,31.505,MAC Field Scanner Field Plot 540 Season 2,FALSE,Maricopa,6000000342,6000003136
height,17036,31.505,MAC Field Scanner Field Plot 540 Season 2,FALSE,Maricopa,6000000342,6000003136
height,17038,33.488,MAC Field Scanner Field Plot 540 Season 2,FALSE,Maricopa,6000000342,6000003136
height,17040,33.488,MAC Field Scanner Field Plot 540 Season 2,FALSE,Maricopa,6000000342,6000003136
height,17042,33.488,MAC Field Scanner Field Plot 540 Season 2,FALSE,Maricopa,6000000342,6000003136
height,17046,34.149,MAC Field Scanner Field Plot 540 Season 2,FALSE,Maricopa,6000000342,6000003136
height,17049,34.149,MAC Field Scanner Field Plot 540 Season 2,FALSE,Maricopa,6000000342,6000003136
height,17051,58.606,MAC Field Scanner Field Plot 540 Season 2,FALSE,Maricopa,6000000342,6000003136
height,17053,60.589,MAC Field Scanner Field Plot 540 Season 2,FALSE,Maricopa,6000000342,6000003136
height,17054,62.572,MAC Field Scanner Field Plot 540 Season 2,FALSE,Maricopa,6000000342,6000003136
height,17055,64.555,MAC Field Scanner Field Plot 540 Season 2,FALSE,Maricopa,6000000342,6000003136
height,17056,65.877,MAC Field Scanner Field Plot 540 Season 2,FALSE,Maricopa,6000000342,6000003136
height,17058,65.877,MAC Field Scanner Field Plot 540 Season 2,FALSE,Maricopa,6000000342,6000003136
height,17059,67.86,MAC Field Scanner Field Plot 540 Season 2,FALSE,Maricopa,6000000342,6000003136
height,17061,68.521,MAC Field Scanner Field Plot 540 Season 2,FALSE,Maricopa,6000000342,6000003136
height,17064,71.165,MAC Field Scanner Field Plot 540 Season 2,FALSE,Maricopa,6000000342,6000003136
height,17067,71.165,MAC Field Scanner Field Plot 540 Season 2,FALSE,Maricopa,6000000342,6000003136
height,17068,73.148,MAC Field Scanner Field Plot 540 Season 2,FALSE,Maricopa,6000000342,6000003136
height,17070,73.809,MAC Field Scanner Field Plot 540 Season 2,FALSE,Maricopa,6000000342,6000003136
height,17071,75.131,MAC Field Scanner Field Plot 540 Season 2,FALSE,Maricopa,6000000342,6000003136
height,17022,30.844,MAC Field Scanner Field Plot 377 Season 2,FALSE,Maricopa,6000000343,6000002973
height,17024,31.505,MAC Field Scanner Field Plot 377 Season 2,FALSE,Maricopa,6000000343,6000002973
height,17025,30.844,MAC Field Scanner Field Plot 377 Season 2,FALSE,Maricopa,6000000343,6000002973
height,17026,31.505,MAC Field Scanner Field Plot 377 Season 2,FALSE,Maricopa,6000000343,6000002973
height,17028,30.844,MAC Field Scanner Field Plot 377 Season 2,FALSE,Maricopa,6000000343,6000002973
height,17029,30.844,MAC Field Scanner Field Plot 377 Season 2,FALSE,Maricopa,6000000343,6000002973
height,17030,30.844,MAC Field Scanner Field Plot 377 Season 2,FALSE,Maricopa,6000000343,6000002973
height,17031,30.844,MAC Field Scanner Field Plot 377 Season 2,FALSE,Maricopa,6000000343,6000002973
height,17036,30.844,MAC Field Scanner Field Plot 377 Season 2,FALSE,Maricopa,6000000343,6000002973
height,17038,32.827,MAC Field Scanner Field Plot 377 Season 2,FALSE,Maricopa,6000000343,6000002973
height,17040,33.488,MAC Field Scanner Field Plot 377 Season 2,FALSE,Maricopa,6000000343,6000002973
height,17043,33.488,MAC Field Scanner Field Plot 377 Season 2,FALSE,Maricopa,6000000343,6000002973
height,17047,34.149,MAC Field Scanner Field Plot 377 Season 2,FALSE,Maricopa,6000000343,6000002973
height,17049,34.149,MAC Field Scanner Field Plot 377 Season 2,FALSE,Maricopa,6000000343,6000002973
height,17050,33.488,MAC Field Scanner Field Plot 377 Season 2,FALSE,Maricopa,6000000343,6000002973
height,17051,59.267,MAC Field Scanner Field Plot 377 Season 2,FALSE,Maricopa,6000000343,6000002973
height,17052,60.589,MAC Field Scanner Field Plot 377 Season 2,FALSE,Maricopa,6000000343,6000002973
height,17053,61.911,MAC Field Scanner Field Plot 377 Season 2,FALSE,Maricopa,6000000343,6000002973
height,17054,63.233,MAC Field Scanner Field Plot 377 Season 2,FALSE,Maricopa,6000000343,6000002973
height,17055,65.877,MAC Field Scanner Field Plot 377 Season 2,FALSE,Maricopa,6000000343,6000002973
height,17056,68.521,MAC Field Scanner Field Plot 377 Season 2,FALSE,Maricopa,6000000343,6000002973
height,17058,69.182,MAC Field Scanner Field Plot 377 Season 2,FALSE,Maricopa,6000000343,6000002973
height,17061,71.165,MAC Field Scanner Field Plot 377 Season 2,FALSE,Maricopa,6000000343,6000002973
height,17064,71.165,MAC Field Scanner Field Plot 377 Season 2,FALSE,Maricopa,6000000343,6000002973
height,17067,73.809,MAC Field Scanner Field Plot 377 Season 2,FALSE,Maricopa,6000000343,6000002973
height,17069,76.453,MAC Field Scanner Field Plot 377 Season 2,FALSE,Maricopa,6000000343,6000002973
height,17070,77.114,MAC Field Scanner Field Plot 377 Season 2,FALSE,Maricopa,6000000343,6000002973
height,17071,77.775,MAC Field Scanner Field Plot 377 Season 2,FALSE,Maricopa,6000000343,6000002973
height,17022,32.827,MAC Field Scanner Field Plot 376 Season 2,FALSE,Maricopa,6000000343,6000002972
height,17024,32.827,MAC Field Scanner Field Plot 376 Season 2,FALSE,Maricopa,6000000343,6000002972
height,17025,32.166,MAC Field Scanner Field Plot 376 Season 2,FALSE,Maricopa,6000000343,6000002972
height,17026,32.827,MAC Field Scanner Field Plot 376 Season 2,FALSE,Maricopa,6000000343,6000002972
height,17028,32.166,MAC Field Scanner Field Plot 376 Season 2,FALSE,Maricopa,6000000343,6000002972
height,17029,32.166,MAC Field Scanner Field Plot 376 Season 2,FALSE,Maricopa,6000000343,6000002972
height,17030,32.166,MAC Field Scanner Field Plot 376 Season 2,FALSE,Maricopa,6000000343,6000002972
height,17031,32.827,MAC Field Scanner Field Plot 376 Season 2,FALSE,Maricopa,6000000343,6000002972
height,17036,32.166,MAC Field Scanner Field Plot 376 Season 2,FALSE,Maricopa,6000000343,6000002972
height,17038,32.827,MAC Field Scanner Field Plot 376 Season 2,FALSE,Maricopa,6000000343,6000002972
height,17040,33.488,MAC Field Scanner Field Plot 376 Season 2,FALSE,Maricopa,6000000343,6000002972
height,17043,32.827,MAC Field Scanner Field Plot 376 Season 2,FALSE,Maricopa,6000000343,6000002972
height,17047,33.488,MAC Field Scanner Field Plot 376 Season 2,FALSE,Maricopa,6000000343,6000002972
height,17049,33.488,MAC Field Scanner Field Plot 376 Season 2,FALSE,Maricopa,6000000343,6000002972
height,17050,32.166,MAC Field Scanner Field Plot 376 Season 2,FALSE,Maricopa,6000000343,6000002972
height,17051,58.606,MAC Field Scanner Field Plot 376 Season 2,FALSE,Maricopa,6000000343,6000002972
height,17052,59.928,MAC Field Scanner Field Plot 376 Season 2,FALSE,Maricopa,6000000343,6000002972
height,17053,61.25,MAC Field Scanner Field Plot 376 Season 2,FALSE,Maricopa,6000000343,6000002972
height,17054,63.233,MAC Field Scanner Field Plot 376 Season 2,FALSE,Maricopa,6000000343,6000002972
height,17055,65.216,MAC Field Scanner Field Plot 376 Season 2,FALSE,Maricopa,6000000343,6000002972
height,17056,67.199,MAC Field Scanner Field Plot 376 Season 2,FALSE,Maricopa,6000000343,6000002972
height,17058,67.86,MAC Field Scanner Field Plot 376 Season 2,FALSE,Maricopa,6000000343,6000002972
height,17061,71.165,MAC Field Scanner Field Plot 376 Season 2,FALSE,Maricopa,6000000343,6000002972
height,17064,71.826,MAC Field Scanner Field Plot 376 Season 2,FALSE,Maricopa,6000000343,6000002972
height,17067,74.47,MAC Field Scanner Field Plot 376 Season 2,FALSE,Maricopa,6000000343,6000002972
height,17069,77.114,MAC Field Scanner Field Plot 376 Season 2,FALSE,Maricopa,6000000343,6000002972
height,17070,77.114,MAC Field Scanner Field Plot 376 Season 2,FALSE,Maricopa,6000000343,6000002972
height,17071,78.436,MAC Field Scanner Field Plot 376 Season 2,FALSE,Maricopa,6000000343,6000002972
height,17021,31.505,MAC Field Scanner Field Plot 590 Season 2,FALSE,Maricopa,6000000343,6000003186
height,17024,31.505,MAC Field Scanner Field Plot 590 Season 2,FALSE,Maricopa,6000000343,6000003186
height,17026,31.505,MAC Field Scanner Field Plot 590 Season 2,FALSE,Maricopa,6000000343,6000003186
height,17028,31.505,MAC Field Scanner Field Plot 590 Season 2,FALSE,Maricopa,6000000343,6000003186
height,17029,31.505,MAC Field Scanner Field Plot 590 Season 2,FALSE,Maricopa,6000000343,6000003186
height,17030,31.505,MAC Field Scanner Field Plot 590 Season 2,FALSE,Maricopa,6000000343,6000003186
height,17031,31.505,MAC Field Scanner Field Plot 590 Season 2,FALSE,Maricopa,6000000343,6000003186
height,17036,31.505,MAC Field Scanner Field Plot 590 Season 2,FALSE,Maricopa,6000000343,6000003186
height,17038,32.827,MAC Field Scanner Field Plot 590 Season 2,FALSE,Maricopa,6000000343,6000003186
height,17040,32.827,MAC Field Scanner Field Plot 590 Season 2,FALSE,Maricopa,6000000343,6000003186
height,17042,32.827,MAC Field Scanner Field Plot 590 Season 2,FALSE,Maricopa,6000000343,6000003186
height,17046,33.488,MAC Field Scanner Field Plot 590 Season 2,FALSE,Maricopa,6000000343,6000003186
height,17048,32.827,MAC Field Scanner Field Plot 590 Season 2,FALSE,Maricopa,6000000343,6000003186
height,17049,32.827,MAC Field Scanner Field Plot 590 Season 2,FALSE,Maricopa,6000000343,6000003186
height,17050,57.945,MAC Field Scanner Field Plot 590 Season 2,FALSE,Maricopa,6000000343,6000003186
height,17051,59.928,MAC Field Scanner Field Plot 590 Season 2,FALSE,Maricopa,6000000343,6000003186
height,17052,59.267,MAC Field Scanner Field Plot 590 Season 2,FALSE,Maricopa,6000000343,6000003186
height,17054,63.233,MAC Field Scanner Field Plot 590 Season 2,FALSE,Maricopa,6000000343,6000003186
height,17055,65.216,MAC Field Scanner Field Plot 590 Season 2,FALSE,Maricopa,6000000343,6000003186
height,17056,67.86,MAC Field Scanner Field Plot 590 Season 2,FALSE,Maricopa,6000000343,6000003186
height,17058,67.199,MAC Field Scanner Field Plot 590 Season 2,FALSE,Maricopa,6000000343,6000003186
height,17059,69.182,MAC Field Scanner Field Plot 590 Season 2,FALSE,Maricopa,6000000343,6000003186
height,17064,70.504,MAC Field Scanner Field Plot 590 Season 2,FALSE,Maricopa,6000000343,6000003186
height,17067,71.826,MAC Field Scanner Field Plot 590 Season 2,FALSE,Maricopa,6000000343,6000003186
height,17068,72.487,MAC Field Scanner Field Plot 590 Season 2,FALSE,Maricopa,6000000343,6000003186
height,17070,73.809,MAC Field Scanner Field Plot 590 Season 2,FALSE,Maricopa,6000000343,6000003186
height,17071,74.47,MAC Field Scanner Field Plot 590 Season 2,FALSE,Maricopa,6000000343,6000003186
height,17021,31.505,MAC Field Scanner Field Plot 591 Season 2,FALSE,Maricopa,6000000343,6000003187
height,17024,31.505,MAC Field Scanner Field Plot 591 Season 2,FALSE,Maricopa,6000000343,6000003187
height,17026,32.166,MAC Field Scanner Field Plot 591 Season 2,FALSE,Maricopa,6000000343,6000003187
height,17028,31.505,MAC Field Scanner Field Plot 591 Season 2,FALSE,Maricopa,6000000343,6000003187
height,17029,31.505,MAC Field Scanner Field Plot 591 Season 2,FALSE,Maricopa,6000000343,6000003187
height,17030,31.505,MAC Field Scanner Field Plot 591 Season 2,FALSE,Maricopa,6000000343,6000003187
height,17031,31.505,MAC Field Scanner Field Plot 591 Season 2,FALSE,Maricopa,6000000343,6000003187
height,17036,31.505,MAC Field Scanner Field Plot 591 Season 2,FALSE,Maricopa,6000000343,6000003187
height,17038,32.827,MAC Field Scanner Field Plot 591 Season 2,FALSE,Maricopa,6000000343,6000003187
height,17040,32.827,MAC Field Scanner Field Plot 591 Season 2,FALSE,Maricopa,6000000343,6000003187
height,17042,33.488,MAC Field Scanner Field Plot 591 Season 2,FALSE,Maricopa,6000000343,6000003187
height,17046,33.488,MAC Field Scanner Field Plot 591 Season 2,FALSE,Maricopa,6000000343,6000003187
height,17048,33.488,MAC Field Scanner Field Plot 591 Season 2,FALSE,Maricopa,6000000343,6000003187
height,17049,33.488,MAC Field Scanner Field Plot 591 Season 2,FALSE,Maricopa,6000000343,6000003187
height,17050,57.945,MAC Field Scanner Field Plot 591 Season 2,FALSE,Maricopa,6000000343,6000003187
height,17051,58.606,MAC Field Scanner Field Plot 591 Season 2,FALSE,Maricopa,6000000343,6000003187
height,17052,61.911,MAC Field Scanner Field Plot 591 Season 2,FALSE,Maricopa,6000000343,6000003187
height,17054,63.894,MAC Field Scanner Field Plot 591 Season 2,FALSE,Maricopa,6000000343,6000003187
height,17055,65.877,MAC Field Scanner Field Plot 591 Season 2,FALSE,Maricopa,6000000343,6000003187
height,17056,67.199,MAC Field Scanner Field Plot 591 Season 2,FALSE,Maricopa,6000000343,6000003187
height,17058,68.521,MAC Field Scanner Field Plot 591 Season 2,FALSE,Maricopa,6000000343,6000003187
height,17059,69.182,MAC Field Scanner Field Plot 591 Season 2,FALSE,Maricopa,6000000343,6000003187
height,17064,69.843,MAC Field Scanner Field Plot 591 Season 2,FALSE,Maricopa,6000000343,6000003187
height,17067,71.165,MAC Field Scanner Field Plot 591 Season 2,FALSE,Maricopa,6000000343,6000003187
height,17068,73.148,MAC Field Scanner Field Plot 591 Season 2,FALSE,Maricopa,6000000343,6000003187
height,17070,73.809,MAC Field Scanner Field Plot 591 Season 2,FALSE,Maricopa,6000000343,6000003187
height,17071,79.097,MAC Field Scanner Field Plot 591 Season 2,FALSE,Maricopa,6000000343,6000003187
height,17022,31.505,MAC Field Scanner Field Plot 294 Season 2,FALSE,Maricopa,6000000344,6000002890
height,17024,31.505,MAC Field Scanner Field Plot 294 Season 2,FALSE,Maricopa,6000000344,6000002890
height,17025,31.505,MAC Field Scanner Field Plot 294 Season 2,FALSE,Maricopa,6000000344,6000002890
height,17026,31.505,MAC Field Scanner Field Plot 294 Season 2,FALSE,Maricopa,6000000344,6000002890
height,17027,31.505,MAC Field Scanner Field Plot 294 Season 2,FALSE,Maricopa,6000000344,6000002890
height,17028,31.505,MAC Field Scanner Field Plot 294 Season 2,FALSE,Maricopa,6000000344,6000002890
height,17029,31.505,MAC Field Scanner Field Plot 294 Season 2,FALSE,Maricopa,6000000344,6000002890
height,17030,31.505,MAC Field Scanner Field Plot 294 Season 2,FALSE,Maricopa,6000000344,6000002890
height,17031,31.505,MAC Field Scanner Field Plot 294 Season 2,FALSE,Maricopa,6000000344,6000002890
height,17037,31.505,MAC Field Scanner Field Plot 294 Season 2,FALSE,Maricopa,6000000344,6000002890
height,17038,33.488,MAC Field Scanner Field Plot 294 Season 2,FALSE,Maricopa,6000000344,6000002890
height,17040,33.488,MAC Field Scanner Field Plot 294 Season 2,FALSE,Maricopa,6000000344,6000002890
height,17043,33.488,MAC Field Scanner Field Plot 294 Season 2,FALSE,Maricopa,6000000344,6000002890
height,17047,34.149,MAC Field Scanner Field Plot 294 Season 2,FALSE,Maricopa,6000000344,6000002890
height,17049,34.149,MAC Field Scanner Field Plot 294 Season 2,FALSE,Maricopa,6000000344,6000002890
height,17050,34.149,MAC Field Scanner Field Plot 294 Season 2,FALSE,Maricopa,6000000344,6000002890
height,17051,50.013,MAC Field Scanner Field Plot 294 Season 2,FALSE,Maricopa,6000000344,6000002890
height,17052,51.996,MAC Field Scanner Field Plot 294 Season 2,FALSE,Maricopa,6000000344,6000002890
height,17053,53.979,MAC Field Scanner Field Plot 294 Season 2,FALSE,Maricopa,6000000344,6000002890
height,17054,56.623,MAC Field Scanner Field Plot 294 Season 2,FALSE,Maricopa,6000000344,6000002890
height,17056,60.589,MAC Field Scanner Field Plot 294 Season 2,FALSE,Maricopa,6000000344,6000002890
height,17057,63.233,MAC Field Scanner Field Plot 294 Season 2,FALSE,Maricopa,6000000344,6000002890
height,17058,65.216,MAC Field Scanner Field Plot 294 Season 2,FALSE,Maricopa,6000000344,6000002890
height,17061,69.843,MAC Field Scanner Field Plot 294 Season 2,FALSE,Maricopa,6000000344,6000002890
height,17064,72.487,MAC Field Scanner Field Plot 294 Season 2,FALSE,Maricopa,6000000344,6000002890
height,17067,75.131,MAC Field Scanner Field Plot 294 Season 2,FALSE,Maricopa,6000000344,6000002890
height,17069,75.792,MAC Field Scanner Field Plot 294 Season 2,FALSE,Maricopa,6000000344,6000002890
height,17070,77.114,MAC Field Scanner Field Plot 294 Season 2,FALSE,Maricopa,6000000344,6000002890
height,17071,76.453,MAC Field Scanner Field Plot 294 Season 2,FALSE,Maricopa,6000000344,6000002890
height,17022,31.505,MAC Field Scanner Field Plot 295 Season 2,FALSE,Maricopa,6000000344,6000002891
height,17024,31.505,MAC Field Scanner Field Plot 295 Season 2,FALSE,Maricopa,6000000344,6000002891
height,17025,31.505,MAC Field Scanner Field Plot 295 Season 2,FALSE,Maricopa,6000000344,6000002891
height,17026,31.505,MAC Field Scanner Field Plot 295 Season 2,FALSE,Maricopa,6000000344,6000002891
height,17027,31.505,MAC Field Scanner Field Plot 295 Season 2,FALSE,Maricopa,6000000344,6000002891
height,17028,31.505,MAC Field Scanner Field Plot 295 Season 2,FALSE,Maricopa,6000000344,6000002891
height,17029,31.505,MAC Field Scanner Field Plot 295 Season 2,FALSE,Maricopa,6000000344,6000002891
height,17030,31.505,MAC Field Scanner Field Plot 295 Season 2,FALSE,Maricopa,6000000344,6000002891
height,17031,31.505,MAC Field Scanner Field Plot 295 Season 2,FALSE,Maricopa,6000000344,6000002891
height,17037,31.505,MAC Field Scanner Field Plot 295 Season 2,FALSE,Maricopa,6000000344,6000002891
height,17038,32.827,MAC Field Scanner Field Plot 295 Season 2,FALSE,Maricopa,6000000344,6000002891
height,17040,32.166,MAC Field Scanner Field Plot 295 Season 2,FALSE,Maricopa,6000000344,6000002891
height,17043,32.166,MAC Field Scanner Field Plot 295 Season 2,FALSE,Maricopa,6000000344,6000002891
height,17047,32.166,MAC Field Scanner Field Plot 295 Season 2,FALSE,Maricopa,6000000344,6000002891
height,17049,32.827,MAC Field Scanner Field Plot 295 Season 2,FALSE,Maricopa,6000000344,6000002891
height,17050,32.827,MAC Field Scanner Field Plot 295 Season 2,FALSE,Maricopa,6000000344,6000002891
height,17051,46.708,MAC Field Scanner Field Plot 295 Season 2,FALSE,Maricopa,6000000344,6000002891
height,17052,49.352,MAC Field Scanner Field Plot 295 Season 2,FALSE,Maricopa,6000000344,6000002891
height,17053,51.335,MAC Field Scanner Field Plot 295 Season 2,FALSE,Maricopa,6000000344,6000002891
height,17054,54.64,MAC Field Scanner Field Plot 295 Season 2,FALSE,Maricopa,6000000344,6000002891
height,17056,57.945,MAC Field Scanner Field Plot 295 Season 2,FALSE,Maricopa,6000000344,6000002891
height,17057,60.589,MAC Field Scanner Field Plot 295 Season 2,FALSE,Maricopa,6000000344,6000002891
height,17058,61.911,MAC Field Scanner Field Plot 295 Season 2,FALSE,Maricopa,6000000344,6000002891
height,17061,65.877,MAC Field Scanner Field Plot 295 Season 2,FALSE,Maricopa,6000000344,6000002891
height,17064,69.182,MAC Field Scanner Field Plot 295 Season 2,FALSE,Maricopa,6000000344,6000002891
height,17067,72.487,MAC Field Scanner Field Plot 295 Season 2,FALSE,Maricopa,6000000344,6000002891
height,17069,73.148,MAC Field Scanner Field Plot 295 Season 2,FALSE,Maricopa,6000000344,6000002891
height,17070,74.47,MAC Field Scanner Field Plot 295 Season 2,FALSE,Maricopa,6000000344,6000002891
height,17071,75.792,MAC Field Scanner Field Plot 295 Season 2,FALSE,Maricopa,6000000344,6000002891
height,17021,31.505,MAC Field Scanner Field Plot 691 Season 2,FALSE,Maricopa,6000000344,6000003287
height,17024,31.505,MAC Field Scanner Field Plot 691 Season 2,FALSE,Maricopa,6000000344,6000003287
height,17025,31.505,MAC Field Scanner Field Plot 691 Season 2,FALSE,Maricopa,6000000344,6000003287
height,17026,31.505,MAC Field Scanner Field Plot 691 Season 2,FALSE,Maricopa,6000000344,6000003287
height,17027,31.505,MAC Field Scanner Field Plot 691 Season 2,FALSE,Maricopa,6000000344,6000003287
height,17028,30.844,MAC Field Scanner Field Plot 691 Season 2,FALSE,Maricopa,6000000344,6000003287
height,17029,31.505,MAC Field Scanner Field Plot 691 Season 2,FALSE,Maricopa,6000000344,6000003287
height,17030,31.505,MAC Field Scanner Field Plot 691 Season 2,FALSE,Maricopa,6000000344,6000003287
height,17031,32.166,MAC Field Scanner Field Plot 691 Season 2,FALSE,Maricopa,6000000344,6000003287
height,17036,31.505,MAC Field Scanner Field Plot 691 Season 2,FALSE,Maricopa,6000000344,6000003287
height,17037,32.166,MAC Field Scanner Field Plot 691 Season 2,FALSE,Maricopa,6000000344,6000003287
height,17038,33.488,MAC Field Scanner Field Plot 691 Season 2,FALSE,Maricopa,6000000344,6000003287
height,17040,33.488,MAC Field Scanner Field Plot 691 Season 2,FALSE,Maricopa,6000000344,6000003287
height,17042,33.488,MAC Field Scanner Field Plot 691 Season 2,FALSE,Maricopa,6000000344,6000003287
height,17046,34.149,MAC Field Scanner Field Plot 691 Season 2,FALSE,Maricopa,6000000344,6000003287
height,17048,34.149,MAC Field Scanner Field Plot 691 Season 2,FALSE,Maricopa,6000000344,6000003287
height,17049,34.149,MAC Field Scanner Field Plot 691 Season 2,FALSE,Maricopa,6000000344,6000003287
height,17050,46.708,MAC Field Scanner Field Plot 691 Season 2,FALSE,Maricopa,6000000344,6000003287
height,17051,49.352,MAC Field Scanner Field Plot 691 Season 2,FALSE,Maricopa,6000000344,6000003287
height,17052,51.335,MAC Field Scanner Field Plot 691 Season 2,FALSE,Maricopa,6000000344,6000003287
height,17054,53.979,MAC Field Scanner Field Plot 691 Season 2,FALSE,Maricopa,6000000344,6000003287
height,17055,57.284,MAC Field Scanner Field Plot 691 Season 2,FALSE,Maricopa,6000000344,6000003287
height,17056,59.267,MAC Field Scanner Field Plot 691 Season 2,FALSE,Maricopa,6000000344,6000003287
height,17057,61.911,MAC Field Scanner Field Plot 691 Season 2,FALSE,Maricopa,6000000344,6000003287
height,17059,65.877,MAC Field Scanner Field Plot 691 Season 2,FALSE,Maricopa,6000000344,6000003287
height,17064,69.182,MAC Field Scanner Field Plot 691 Season 2,FALSE,Maricopa,6000000344,6000003287
height,17066,71.826,MAC Field Scanner Field Plot 691 Season 2,FALSE,Maricopa,6000000344,6000003287
height,17068,73.148,MAC Field Scanner Field Plot 691 Season 2,FALSE,Maricopa,6000000344,6000003287
height,17069,73.148,MAC Field Scanner Field Plot 691 Season 2,FALSE,Maricopa,6000000344,6000003287
height,17071,73.809,MAC Field Scanner Field Plot 691 Season 2,FALSE,Maricopa,6000000344,6000003287
height,17072,75.131,MAC Field Scanner Field Plot 691 Season 2,FALSE,Maricopa,6000000344,6000003287
height,17021,32.827,MAC Field Scanner Field Plot 690 Season 2,FALSE,Maricopa,6000000344,6000003286
height,17024,32.827,MAC Field Scanner Field Plot 690 Season 2,FALSE,Maricopa,6000000344,6000003286
height,17025,32.827,MAC Field Scanner Field Plot 690 Season 2,FALSE,Maricopa,6000000344,6000003286
height,17026,32.827,MAC Field Scanner Field Plot 690 Season 2,FALSE,Maricopa,6000000344,6000003286
height,17027,32.827,MAC Field Scanner Field Plot 690 Season 2,FALSE,Maricopa,6000000344,6000003286
height,17028,32.827,MAC Field Scanner Field Plot 690 Season 2,FALSE,Maricopa,6000000344,6000003286
height,17029,32.166,MAC Field Scanner Field Plot 690 Season 2,FALSE,Maricopa,6000000344,6000003286
height,17030,32.827,MAC Field Scanner Field Plot 690 Season 2,FALSE,Maricopa,6000000344,6000003286
height,17031,32.827,MAC Field Scanner Field Plot 690 Season 2,FALSE,Maricopa,6000000344,6000003286
height,17036,32.827,MAC Field Scanner Field Plot 690 Season 2,FALSE,Maricopa,6000000344,6000003286
height,17037,32.827,MAC Field Scanner Field Plot 690 Season 2,FALSE,Maricopa,6000000344,6000003286
height,17038,34.149,MAC Field Scanner Field Plot 690 Season 2,FALSE,Maricopa,6000000344,6000003286
height,17040,32.827,MAC Field Scanner Field Plot 690 Season 2,FALSE,Maricopa,6000000344,6000003286
height,17042,33.488,MAC Field Scanner Field Plot 690 Season 2,FALSE,Maricopa,6000000344,6000003286
height,17046,34.149,MAC Field Scanner Field Plot 690 Season 2,FALSE,Maricopa,6000000344,6000003286
height,17048,34.149,MAC Field Scanner Field Plot 690 Season 2,FALSE,Maricopa,6000000344,6000003286
height,17049,34.149,MAC Field Scanner Field Plot 690 Season 2,FALSE,Maricopa,6000000344,6000003286
height,17050,48.03,MAC Field Scanner Field Plot 690 Season 2,FALSE,Maricopa,6000000344,6000003286
height,17051,50.013,MAC Field Scanner Field Plot 690 Season 2,FALSE,Maricopa,6000000344,6000003286
height,17052,58.606,MAC Field Scanner Field Plot 690 Season 2,FALSE,Maricopa,6000000344,6000003286
height,17054,61.25,MAC Field Scanner Field Plot 690 Season 2,FALSE,Maricopa,6000000344,6000003286
height,17055,63.233,MAC Field Scanner Field Plot 690 Season 2,FALSE,Maricopa,6000000344,6000003286
height,17056,64.555,MAC Field Scanner Field Plot 690 Season 2,FALSE,Maricopa,6000000344,6000003286
height,17057,65.877,MAC Field Scanner Field Plot 690 Season 2,FALSE,Maricopa,6000000344,6000003286
height,17059,69.182,MAC Field Scanner Field Plot 690 Season 2,FALSE,Maricopa,6000000344,6000003286
height,17064,73.148,MAC Field Scanner Field Plot 690 Season 2,FALSE,Maricopa,6000000344,6000003286
height,17066,74.47,MAC Field Scanner Field Plot 690 Season 2,FALSE,Maricopa,6000000344,6000003286
height,17068,75.792,MAC Field Scanner Field Plot 690 Season 2,FALSE,Maricopa,6000000344,6000003286
height,17069,76.453,MAC Field Scanner Field Plot 690 Season 2,FALSE,Maricopa,6000000344,6000003286
height,17071,77.775,MAC Field Scanner Field Plot 690 Season 2,FALSE,Maricopa,6000000344,6000003286
height,17072,78.436,MAC Field Scanner Field Plot 690 Season 2,FALSE,Maricopa,6000000344,6000003286
height,17022,31.505,MAC Field Scanner Field Plot 117 Season 2,FALSE,Maricopa,6000000345,6000002713
height,17025,31.505,MAC Field Scanner Field Plot 117 Season 2,FALSE,Maricopa,6000000345,6000002713
height,17026,31.505,MAC Field Scanner Field Plot 117 Season 2,FALSE,Maricopa,6000000345,6000002713
height,17027,31.505,MAC Field Scanner Field Plot 117 Season 2,FALSE,Maricopa,6000000345,6000002713
height,17028,31.505,MAC Field Scanner Field Plot 117 Season 2,FALSE,Maricopa,6000000345,6000002713
height,17029,31.505,MAC Field Scanner Field Plot 117 Season 2,FALSE,Maricopa,6000000345,6000002713
height,17030,31.505,MAC Field Scanner Field Plot 117 Season 2,FALSE,Maricopa,6000000345,6000002713
height,17031,31.505,MAC Field Scanner Field Plot 117 Season 2,FALSE,Maricopa,6000000345,6000002713
height,17037,31.505,MAC Field Scanner Field Plot 117 Season 2,FALSE,Maricopa,6000000345,6000002713
height,17039,33.488,MAC Field Scanner Field Plot 117 Season 2,FALSE,Maricopa,6000000345,6000002713
height,17040,34.149,MAC Field Scanner Field Plot 117 Season 2,FALSE,Maricopa,6000000345,6000002713
height,17043,34.149,MAC Field Scanner Field Plot 117 Season 2,FALSE,Maricopa,6000000345,6000002713
height,17047,34.81,MAC Field Scanner Field Plot 117 Season 2,FALSE,Maricopa,6000000345,6000002713
height,17049,34.149,MAC Field Scanner Field Plot 117 Season 2,FALSE,Maricopa,6000000345,6000002713
height,17050,34.149,MAC Field Scanner Field Plot 117 Season 2,FALSE,Maricopa,6000000345,6000002713
height,17051,51.996,MAC Field Scanner Field Plot 117 Season 2,FALSE,Maricopa,6000000345,6000002713
height,17052,53.318,MAC Field Scanner Field Plot 117 Season 2,FALSE,Maricopa,6000000345,6000002713
height,17053,55.962,MAC Field Scanner Field Plot 117 Season 2,FALSE,Maricopa,6000000345,6000002713
height,17054,58.606,MAC Field Scanner Field Plot 117 Season 2,FALSE,Maricopa,6000000345,6000002713
height,17056,61.911,MAC Field Scanner Field Plot 117 Season 2,FALSE,Maricopa,6000000345,6000002713
height,17057,64.555,MAC Field Scanner Field Plot 117 Season 2,FALSE,Maricopa,6000000345,6000002713
height,17058,65.877,MAC Field Scanner Field Plot 117 Season 2,FALSE,Maricopa,6000000345,6000002713
height,17061,69.843,MAC Field Scanner Field Plot 117 Season 2,FALSE,Maricopa,6000000345,6000002713
height,17064,73.148,MAC Field Scanner Field Plot 117 Season 2,FALSE,Maricopa,6000000345,6000002713
height,17067,75.131,MAC Field Scanner Field Plot 117 Season 2,FALSE,Maricopa,6000000345,6000002713
height,17069,76.453,MAC Field Scanner Field Plot 117 Season 2,FALSE,Maricopa,6000000345,6000002713
height,17070,76.453,MAC Field Scanner Field Plot 117 Season 2,FALSE,Maricopa,6000000345,6000002713
height,17071,76.453,MAC Field Scanner Field Plot 117 Season 2,FALSE,Maricopa,6000000345,6000002713
height,17022,30.844,MAC Field Scanner Field Plot 116 Season 2,FALSE,Maricopa,6000000345,6000002712
height,17025,30.844,MAC Field Scanner Field Plot 116 Season 2,FALSE,Maricopa,6000000345,6000002712
height,17026,30.844,MAC Field Scanner Field Plot 116 Season 2,FALSE,Maricopa,6000000345,6000002712
height,17027,30.844,MAC Field Scanner Field Plot 116 Season 2,FALSE,Maricopa,6000000345,6000002712
height,17028,30.844,MAC Field Scanner Field Plot 116 Season 2,FALSE,Maricopa,6000000345,6000002712
height,17029,30.844,MAC Field Scanner Field Plot 116 Season 2,FALSE,Maricopa,6000000345,6000002712
height,17030,30.844,MAC Field Scanner Field Plot 116 Season 2,FALSE,Maricopa,6000000345,6000002712
height,17031,30.844,MAC Field Scanner Field Plot 116 Season 2,FALSE,Maricopa,6000000345,6000002712
height,17037,30.844,MAC Field Scanner Field Plot 116 Season 2,FALSE,Maricopa,6000000345,6000002712
height,17039,33.488,MAC Field Scanner Field Plot 116 Season 2,FALSE,Maricopa,6000000345,6000002712
height,17040,32.827,MAC Field Scanner Field Plot 116 Season 2,FALSE,Maricopa,6000000345,6000002712
height,17043,33.488,MAC Field Scanner Field Plot 116 Season 2,FALSE,Maricopa,6000000345,6000002712
height,17047,34.149,MAC Field Scanner Field Plot 116 Season 2,FALSE,Maricopa,6000000345,6000002712
height,17049,33.488,MAC Field Scanner Field Plot 116 Season 2,FALSE,Maricopa,6000000345,6000002712
height,17050,33.488,MAC Field Scanner Field Plot 116 Season 2,FALSE,Maricopa,6000000345,6000002712
height,17051,47.369,MAC Field Scanner Field Plot 116 Season 2,FALSE,Maricopa,6000000345,6000002712
height,17052,49.352,MAC Field Scanner Field Plot 116 Season 2,FALSE,Maricopa,6000000345,6000002712
height,17053,51.335,MAC Field Scanner Field Plot 116 Season 2,FALSE,Maricopa,6000000345,6000002712
height,17054,53.318,MAC Field Scanner Field Plot 116 Season 2,FALSE,Maricopa,6000000345,6000002712
height,17056,57.284,MAC Field Scanner Field Plot 116 Season 2,FALSE,Maricopa,6000000345,6000002712
height,17057,59.928,MAC Field Scanner Field Plot 116 Season 2,FALSE,Maricopa,6000000345,6000002712
height,17058,61.25,MAC Field Scanner Field Plot 116 Season 2,FALSE,Maricopa,6000000345,6000002712
height,17061,65.216,MAC Field Scanner Field Plot 116 Season 2,FALSE,Maricopa,6000000345,6000002712
height,17064,69.843,MAC Field Scanner Field Plot 116 Season 2,FALSE,Maricopa,6000000345,6000002712
height,17067,71.826,MAC Field Scanner Field Plot 116 Season 2,FALSE,Maricopa,6000000345,6000002712
height,17069,73.148,MAC Field Scanner Field Plot 116 Season 2,FALSE,Maricopa,6000000345,6000002712
height,17070,73.809,MAC Field Scanner Field Plot 116 Season 2,FALSE,Maricopa,6000000345,6000002712
height,17071,75.792,MAC Field Scanner Field Plot 116 Season 2,FALSE,Maricopa,6000000345,6000002712
height,17021,31.505,MAC Field Scanner Field Plot 573 Season 2,FALSE,Maricopa,6000000345,6000003169
height,17024,31.505,MAC Field Scanner Field Plot 573 Season 2,FALSE,Maricopa,6000000345,6000003169
height,17026,31.505,MAC Field Scanner Field Plot 573 Season 2,FALSE,Maricopa,6000000345,6000003169
height,17028,30.844,MAC Field Scanner Field Plot 573 Season 2,FALSE,Maricopa,6000000345,6000003169
height,17029,30.844,MAC Field Scanner Field Plot 573 Season 2,FALSE,Maricopa,6000000345,6000003169
height,17030,31.505,MAC Field Scanner Field Plot 573 Season 2,FALSE,Maricopa,6000000345,6000003169
height,17031,31.505,MAC Field Scanner Field Plot 573 Season 2,FALSE,Maricopa,6000000345,6000003169
height,17036,31.505,MAC Field Scanner Field Plot 573 Season 2,FALSE,Maricopa,6000000345,6000003169
height,17038,34.149,MAC Field Scanner Field Plot 573 Season 2,FALSE,Maricopa,6000000345,6000003169
height,17040,34.149,MAC Field Scanner Field Plot 573 Season 2,FALSE,Maricopa,6000000345,6000003169
height,17042,34.149,MAC Field Scanner Field Plot 573 Season 2,FALSE,Maricopa,6000000345,6000003169
height,17046,34.149,MAC Field Scanner Field Plot 573 Season 2,FALSE,Maricopa,6000000345,6000003169
height,17048,34.149,MAC Field Scanner Field Plot 573 Season 2,FALSE,Maricopa,6000000345,6000003169
height,17049,34.149,MAC Field Scanner Field Plot 573 Season 2,FALSE,Maricopa,6000000345,6000003169
height,17051,53.979,MAC Field Scanner Field Plot 573 Season 2,FALSE,Maricopa,6000000345,6000003169
height,17053,56.623,MAC Field Scanner Field Plot 573 Season 2,FALSE,Maricopa,6000000345,6000003169
height,17054,59.928,MAC Field Scanner Field Plot 573 Season 2,FALSE,Maricopa,6000000345,6000003169
height,17055,63.233,MAC Field Scanner Field Plot 573 Season 2,FALSE,Maricopa,6000000345,6000003169
height,17056,66.538,MAC Field Scanner Field Plot 573 Season 2,FALSE,Maricopa,6000000345,6000003169
height,17058,67.86,MAC Field Scanner Field Plot 573 Season 2,FALSE,Maricopa,6000000345,6000003169
height,17059,69.843,MAC Field Scanner Field Plot 573 Season 2,FALSE,Maricopa,6000000345,6000003169
height,17064,73.148,MAC Field Scanner Field Plot 573 Season 2,FALSE,Maricopa,6000000345,6000003169
height,17067,75.792,MAC Field Scanner Field Plot 573 Season 2,FALSE,Maricopa,6000000345,6000003169
height,17068,77.114,MAC Field Scanner Field Plot 573 Season 2,FALSE,Maricopa,6000000345,6000003169
height,17070,77.775,MAC Field Scanner Field Plot 573 Season 2,FALSE,Maricopa,6000000345,6000003169
height,17071,77.775,MAC Field Scanner Field Plot 573 Season 2,FALSE,Maricopa,6000000345,6000003169
height,17021,31.505,MAC Field Scanner Field Plot 572 Season 2,FALSE,Maricopa,6000000345,6000003168
height,17024,32.166,MAC Field Scanner Field Plot 572 Season 2,FALSE,Maricopa,6000000345,6000003168
height,17026,31.505,MAC Field Scanner Field Plot 572 Season 2,FALSE,Maricopa,6000000345,6000003168
height,17028,31.505,MAC Field Scanner Field Plot 572 Season 2,FALSE,Maricopa,6000000345,6000003168
height,17029,31.505,MAC Field Scanner Field Plot 572 Season 2,FALSE,Maricopa,6000000345,6000003168
height,17030,31.505,MAC Field Scanner Field Plot 572 Season 2,FALSE,Maricopa,6000000345,6000003168
height,17031,31.505,MAC Field Scanner Field Plot 572 Season 2,FALSE,Maricopa,6000000345,6000003168
height,17036,31.505,MAC Field Scanner Field Plot 572 Season 2,FALSE,Maricopa,6000000345,6000003168
height,17038,33.488,MAC Field Scanner Field Plot 572 Season 2,FALSE,Maricopa,6000000345,6000003168
height,17040,32.827,MAC Field Scanner Field Plot 572 Season 2,FALSE,Maricopa,6000000345,6000003168
height,17042,32.827,MAC Field Scanner Field Plot 572 Season 2,FALSE,Maricopa,6000000345,6000003168
height,17046,33.488,MAC Field Scanner Field Plot 572 Season 2,FALSE,Maricopa,6000000345,6000003168
height,17048,33.488,MAC Field Scanner Field Plot 572 Season 2,FALSE,Maricopa,6000000345,6000003168
height,17049,33.488,MAC Field Scanner Field Plot 572 Season 2,FALSE,Maricopa,6000000345,6000003168
height,17051,50.674,MAC Field Scanner Field Plot 572 Season 2,FALSE,Maricopa,6000000345,6000003168
height,17053,53.979,MAC Field Scanner Field Plot 572 Season 2,FALSE,Maricopa,6000000345,6000003168
height,17054,57.284,MAC Field Scanner Field Plot 572 Season 2,FALSE,Maricopa,6000000345,6000003168
height,17055,60.589,MAC Field Scanner Field Plot 572 Season 2,FALSE,Maricopa,6000000345,6000003168
height,17056,63.233,MAC Field Scanner Field Plot 572 Season 2,FALSE,Maricopa,6000000345,6000003168
height,17058,64.555,MAC Field Scanner Field Plot 572 Season 2,FALSE,Maricopa,6000000345,6000003168
height,17059,67.199,MAC Field Scanner Field Plot 572 Season 2,FALSE,Maricopa,6000000345,6000003168
height,17064,71.165,MAC Field Scanner Field Plot 572 Season 2,FALSE,Maricopa,6000000345,6000003168
height,17067,74.47,MAC Field Scanner Field Plot 572 Season 2,FALSE,Maricopa,6000000345,6000003168
height,17068,75.792,MAC Field Scanner Field Plot 572 Season 2,FALSE,Maricopa,6000000345,6000003168
height,17070,76.453,MAC Field Scanner Field Plot 572 Season 2,FALSE,Maricopa,6000000345,6000003168
height,17071,77.114,MAC Field Scanner Field Plot 572 Season 2,FALSE,Maricopa,6000000345,6000003168
height,17022,30.844,MAC Field Scanner Field Plot 396 Season 2,FALSE,Maricopa,6000000346,6000002992
height,17024,32.166,MAC Field Scanner Field Plot 396 Season 2,FALSE,Maricopa,6000000346,6000002992
height,17025,31.505,MAC Field Scanner Field Plot 396 Season 2,FALSE,Maricopa,6000000346,6000002992
height,17026,32.166,MAC Field Scanner Field Plot 396 Season 2,FALSE,Maricopa,6000000346,6000002992
height,17028,31.505,MAC Field Scanner Field Plot 396 Season 2,FALSE,Maricopa,6000000346,6000002992
height,17029,31.505,MAC Field Scanner Field Plot 396 Season 2,FALSE,Maricopa,6000000346,6000002992
height,17030,31.505,MAC Field Scanner Field Plot 396 Season 2,FALSE,Maricopa,6000000346,6000002992
height,17031,32.166,MAC Field Scanner Field Plot 396 Season 2,FALSE,Maricopa,6000000346,6000002992
height,17036,31.505,MAC Field Scanner Field Plot 396 Season 2,FALSE,Maricopa,6000000346,6000002992
height,17038,32.827,MAC Field Scanner Field Plot 396 Season 2,FALSE,Maricopa,6000000346,6000002992
height,17040,32.827,MAC Field Scanner Field Plot 396 Season 2,FALSE,Maricopa,6000000346,6000002992
height,17043,32.827,MAC Field Scanner Field Plot 396 Season 2,FALSE,Maricopa,6000000346,6000002992
height,17047,33.488,MAC Field Scanner Field Plot 396 Season 2,FALSE,Maricopa,6000000346,6000002992
height,17049,33.488,MAC Field Scanner Field Plot 396 Season 2,FALSE,Maricopa,6000000346,6000002992
height,17051,52.657,MAC Field Scanner Field Plot 396 Season 2,FALSE,Maricopa,6000000346,6000002992
height,17052,54.64,MAC Field Scanner Field Plot 396 Season 2,FALSE,Maricopa,6000000346,6000002992
height,17053,56.623,MAC Field Scanner Field Plot 396 Season 2,FALSE,Maricopa,6000000346,6000002992
height,17054,59.928,MAC Field Scanner Field Plot 396 Season 2,FALSE,Maricopa,6000000346,6000002992
height,17055,63.233,MAC Field Scanner Field Plot 396 Season 2,FALSE,Maricopa,6000000346,6000002992
height,17056,65.877,MAC Field Scanner Field Plot 396 Season 2,FALSE,Maricopa,6000000346,6000002992
height,17058,67.199,MAC Field Scanner Field Plot 396 Season 2,FALSE,Maricopa,6000000346,6000002992
height,17061,71.826,MAC Field Scanner Field Plot 396 Season 2,FALSE,Maricopa,6000000346,6000002992
height,17064,74.47,MAC Field Scanner Field Plot 396 Season 2,FALSE,Maricopa,6000000346,6000002992
height,17067,74.47,MAC Field Scanner Field Plot 396 Season 2,FALSE,Maricopa,6000000346,6000002992
height,17069,75.792,MAC Field Scanner Field Plot 396 Season 2,FALSE,Maricopa,6000000346,6000002992
height,17070,75.792,MAC Field Scanner Field Plot 396 Season 2,FALSE,Maricopa,6000000346,6000002992
height,17071,77.114,MAC Field Scanner Field Plot 396 Season 2,FALSE,Maricopa,6000000346,6000002992
height,17022,30.844,MAC Field Scanner Field Plot 397 Season 2,FALSE,Maricopa,6000000346,6000002993
height,17024,32.166,MAC Field Scanner Field Plot 397 Season 2,FALSE,Maricopa,6000000346,6000002993
height,17025,30.844,MAC Field Scanner Field Plot 397 Season 2,FALSE,Maricopa,6000000346,6000002993
height,17026,31.505,MAC Field Scanner Field Plot 397 Season 2,FALSE,Maricopa,6000000346,6000002993
height,17028,31.505,MAC Field Scanner Field Plot 397 Season 2,FALSE,Maricopa,6000000346,6000002993
height,17029,31.505,MAC Field Scanner Field Plot 397 Season 2,FALSE,Maricopa,6000000346,6000002993
height,17030,31.505,MAC Field Scanner Field Plot 397 Season 2,FALSE,Maricopa,6000000346,6000002993
height,17031,31.505,MAC Field Scanner Field Plot 397 Season 2,FALSE,Maricopa,6000000346,6000002993
height,17036,31.505,MAC Field Scanner Field Plot 397 Season 2,FALSE,Maricopa,6000000346,6000002993
height,17038,34.149,MAC Field Scanner Field Plot 397 Season 2,FALSE,Maricopa,6000000346,6000002993
height,17040,34.149,MAC Field Scanner Field Plot 397 Season 2,FALSE,Maricopa,6000000346,6000002993
height,17043,34.149,MAC Field Scanner Field Plot 397 Season 2,FALSE,Maricopa,6000000346,6000002993
height,17047,34.149,MAC Field Scanner Field Plot 397 Season 2,FALSE,Maricopa,6000000346,6000002993
height,17049,34.149,MAC Field Scanner Field Plot 397 Season 2,FALSE,Maricopa,6000000346,6000002993
height,17051,53.318,MAC Field Scanner Field Plot 397 Season 2,FALSE,Maricopa,6000000346,6000002993
height,17052,55.301,MAC Field Scanner Field Plot 397 Season 2,FALSE,Maricopa,6000000346,6000002993
height,17053,57.284,MAC Field Scanner Field Plot 397 Season 2,FALSE,Maricopa,6000000346,6000002993
height,17054,60.589,MAC Field Scanner Field Plot 397 Season 2,FALSE,Maricopa,6000000346,6000002993
height,17055,63.894,MAC Field Scanner Field Plot 397 Season 2,FALSE,Maricopa,6000000346,6000002993
height,17056,65.877,MAC Field Scanner Field Plot 397 Season 2,FALSE,Maricopa,6000000346,6000002993
height,17058,67.86,MAC Field Scanner Field Plot 397 Season 2,FALSE,Maricopa,6000000346,6000002993
height,17061,71.826,MAC Field Scanner Field Plot 397 Season 2,FALSE,Maricopa,6000000346,6000002993
height,17064,73.148,MAC Field Scanner Field Plot 397 Season 2,FALSE,Maricopa,6000000346,6000002993
height,17067,74.47,MAC Field Scanner Field Plot 397 Season 2,FALSE,Maricopa,6000000346,6000002993
height,17069,75.131,MAC Field Scanner Field Plot 397 Season 2,FALSE,Maricopa,6000000346,6000002993
height,17070,75.131,MAC Field Scanner Field Plot 397 Season 2,FALSE,Maricopa,6000000346,6000002993
height,17071,76.453,MAC Field Scanner Field Plot 397 Season 2,FALSE,Maricopa,6000000346,6000002993
height,17021,30.844,MAC Field Scanner Field Plot 531 Season 2,FALSE,Maricopa,6000000346,6000003127
height,17022,31.505,MAC Field Scanner Field Plot 531 Season 2,FALSE,Maricopa,6000000346,6000003127
height,17024,31.505,MAC Field Scanner Field Plot 531 Season 2,FALSE,Maricopa,6000000346,6000003127
height,17026,31.505,MAC Field Scanner Field Plot 531 Season 2,FALSE,Maricopa,6000000346,6000003127
height,17028,31.505,MAC Field Scanner Field Plot 531 Season 2,FALSE,Maricopa,6000000346,6000003127
height,17029,31.505,MAC Field Scanner Field Plot 531 Season 2,FALSE,Maricopa,6000000346,6000003127
height,17030,31.505,MAC Field Scanner Field Plot 531 Season 2,FALSE,Maricopa,6000000346,6000003127
height,17036,31.505,MAC Field Scanner Field Plot 531 Season 2,FALSE,Maricopa,6000000346,6000003127
height,17038,33.488,MAC Field Scanner Field Plot 531 Season 2,FALSE,Maricopa,6000000346,6000003127
height,17040,33.488,MAC Field Scanner Field Plot 531 Season 2,FALSE,Maricopa,6000000346,6000003127
height,17042,32.827,MAC Field Scanner Field Plot 531 Season 2,FALSE,Maricopa,6000000346,6000003127
height,17046,33.488,MAC Field Scanner Field Plot 531 Season 2,FALSE,Maricopa,6000000346,6000003127
height,17049,34.149,MAC Field Scanner Field Plot 531 Season 2,FALSE,Maricopa,6000000346,6000003127
height,17051,54.64,MAC Field Scanner Field Plot 531 Season 2,FALSE,Maricopa,6000000346,6000003127
height,17053,57.284,MAC Field Scanner Field Plot 531 Season 2,FALSE,Maricopa,6000000346,6000003127
height,17054,59.267,MAC Field Scanner Field Plot 531 Season 2,FALSE,Maricopa,6000000346,6000003127
height,17055,63.233,MAC Field Scanner Field Plot 531 Season 2,FALSE,Maricopa,6000000346,6000003127
height,17056,66.538,MAC Field Scanner Field Plot 531 Season 2,FALSE,Maricopa,6000000346,6000003127
height,17058,67.86,MAC Field Scanner Field Plot 531 Season 2,FALSE,Maricopa,6000000346,6000003127
height,17059,70.504,MAC Field Scanner Field Plot 531 Season 2,FALSE,Maricopa,6000000346,6000003127
height,17061,72.487,MAC Field Scanner Field Plot 531 Season 2,FALSE,Maricopa,6000000346,6000003127
height,17064,73.809,MAC Field Scanner Field Plot 531 Season 2,FALSE,Maricopa,6000000346,6000003127
height,17067,74.47,MAC Field Scanner Field Plot 531 Season 2,FALSE,Maricopa,6000000346,6000003127
height,17068,75.131,MAC Field Scanner Field Plot 531 Season 2,FALSE,Maricopa,6000000346,6000003127
height,17070,75.131,MAC Field Scanner Field Plot 531 Season 2,FALSE,Maricopa,6000000346,6000003127
height,17071,76.453,MAC Field Scanner Field Plot 531 Season 2,FALSE,Maricopa,6000000346,6000003127
height,17021,32.166,MAC Field Scanner Field Plot 530 Season 2,FALSE,Maricopa,6000000346,6000003126
height,17022,32.827,MAC Field Scanner Field Plot 530 Season 2,FALSE,Maricopa,6000000346,6000003126
height,17024,32.827,MAC Field Scanner Field Plot 530 Season 2,FALSE,Maricopa,6000000346,6000003126
height,17026,32.166,MAC Field Scanner Field Plot 530 Season 2,FALSE,Maricopa,6000000346,6000003126
height,17028,32.166,MAC Field Scanner Field Plot 530 Season 2,FALSE,Maricopa,6000000346,6000003126
height,17029,32.166,MAC Field Scanner Field Plot 530 Season 2,FALSE,Maricopa,6000000346,6000003126
height,17030,32.166,MAC Field Scanner Field Plot 530 Season 2,FALSE,Maricopa,6000000346,6000003126
height,17036,32.166,MAC Field Scanner Field Plot 530 Season 2,FALSE,Maricopa,6000000346,6000003126
height,17038,32.827,MAC Field Scanner Field Plot 530 Season 2,FALSE,Maricopa,6000000346,6000003126
height,17040,33.488,MAC Field Scanner Field Plot 530 Season 2,FALSE,Maricopa,6000000346,6000003126
height,17042,32.827,MAC Field Scanner Field Plot 530 Season 2,FALSE,Maricopa,6000000346,6000003126
height,17046,33.488,MAC Field Scanner Field Plot 530 Season 2,FALSE,Maricopa,6000000346,6000003126
height,17049,33.488,MAC Field Scanner Field Plot 530 Season 2,FALSE,Maricopa,6000000346,6000003126
height,17051,49.352,MAC Field Scanner Field Plot 530 Season 2,FALSE,Maricopa,6000000346,6000003126
height,17053,56.623,MAC Field Scanner Field Plot 530 Season 2,FALSE,Maricopa,6000000346,6000003126
height,17054,58.606,MAC Field Scanner Field Plot 530 Season 2,FALSE,Maricopa,6000000346,6000003126
height,17055,62.572,MAC Field Scanner Field Plot 530 Season 2,FALSE,Maricopa,6000000346,6000003126
height,17056,64.555,MAC Field Scanner Field Plot 530 Season 2,FALSE,Maricopa,6000000346,6000003126
height,17058,66.538,MAC Field Scanner Field Plot 530 Season 2,FALSE,Maricopa,6000000346,6000003126
height,17059,70.504,MAC Field Scanner Field Plot 530 Season 2,FALSE,Maricopa,6000000346,6000003126
height,17061,71.165,MAC Field Scanner Field Plot 530 Season 2,FALSE,Maricopa,6000000346,6000003126
height,17064,75.792,MAC Field Scanner Field Plot 530 Season 2,FALSE,Maricopa,6000000346,6000003126
height,17067,73.809,MAC Field Scanner Field Plot 530 Season 2,FALSE,Maricopa,6000000346,6000003126
height,17068,75.792,MAC Field Scanner Field Plot 530 Season 2,FALSE,Maricopa,6000000346,6000003126
height,17070,76.453,MAC Field Scanner Field Plot 530 Season 2,FALSE,Maricopa,6000000346,6000003126
height,17071,79.758,MAC Field Scanner Field Plot 530 Season 2,FALSE,Maricopa,6000000346,6000003126
height,17022,31.505,MAC Field Scanner Field Plot 206 Season 2,FALSE,Maricopa,6000000347,6000002802
height,17024,32.166,MAC Field Scanner Field Plot 206 Season 2,FALSE,Maricopa,6000000347,6000002802
height,17025,31.505,MAC Field Scanner Field Plot 206 Season 2,FALSE,Maricopa,6000000347,6000002802
height,17026,31.505,MAC Field Scanner Field Plot 206 Season 2,FALSE,Maricopa,6000000347,6000002802
height,17027,31.505,MAC Field Scanner Field Plot 206 Season 2,FALSE,Maricopa,6000000347,6000002802
height,17028,31.505,MAC Field Scanner Field Plot 206 Season 2,FALSE,Maricopa,6000000347,6000002802
height,17029,31.505,MAC Field Scanner Field Plot 206 Season 2,FALSE,Maricopa,6000000347,6000002802
height,17030,31.505,MAC Field Scanner Field Plot 206 Season 2,FALSE,Maricopa,6000000347,6000002802
height,17031,31.505,MAC Field Scanner Field Plot 206 Season 2,FALSE,Maricopa,6000000347,6000002802
height,17037,31.505,MAC Field Scanner Field Plot 206 Season 2,FALSE,Maricopa,6000000347,6000002802
height,17039,32.166,MAC Field Scanner Field Plot 206 Season 2,FALSE,Maricopa,6000000347,6000002802
height,17040,32.166,MAC Field Scanner Field Plot 206 Season 2,FALSE,Maricopa,6000000347,6000002802
height,17043,32.166,MAC Field Scanner Field Plot 206 Season 2,FALSE,Maricopa,6000000347,6000002802
height,17047,32.166,MAC Field Scanner Field Plot 206 Season 2,FALSE,Maricopa,6000000347,6000002802
height,17049,32.166,MAC Field Scanner Field Plot 206 Season 2,FALSE,Maricopa,6000000347,6000002802
height,17050,32.827,MAC Field Scanner Field Plot 206 Season 2,FALSE,Maricopa,6000000347,6000002802
height,17051,57.945,MAC Field Scanner Field Plot 206 Season 2,FALSE,Maricopa,6000000347,6000002802
height,17052,59.928,MAC Field Scanner Field Plot 206 Season 2,FALSE,Maricopa,6000000347,6000002802
height,17053,63.233,MAC Field Scanner Field Plot 206 Season 2,FALSE,Maricopa,6000000347,6000002802
height,17054,65.877,MAC Field Scanner Field Plot 206 Season 2,FALSE,Maricopa,6000000347,6000002802
height,17056,70.504,MAC Field Scanner Field Plot 206 Season 2,FALSE,Maricopa,6000000347,6000002802
height,17057,74.47,MAC Field Scanner Field Plot 206 Season 2,FALSE,Maricopa,6000000347,6000002802
height,17058,75.792,MAC Field Scanner Field Plot 206 Season 2,FALSE,Maricopa,6000000347,6000002802
height,17061,81.08,MAC Field Scanner Field Plot 206 Season 2,FALSE,Maricopa,6000000347,6000002802
height,17064,82.402,MAC Field Scanner Field Plot 206 Season 2,FALSE,Maricopa,6000000347,6000002802
height,17067,79.758,MAC Field Scanner Field Plot 206 Season 2,FALSE,Maricopa,6000000347,6000002802
height,17069,81.741,MAC Field Scanner Field Plot 206 Season 2,FALSE,Maricopa,6000000347,6000002802
height,17070,83.063,MAC Field Scanner Field Plot 206 Season 2,FALSE,Maricopa,6000000347,6000002802
height,17071,85.046,MAC Field Scanner Field Plot 206 Season 2,FALSE,Maricopa,6000000347,6000002802
height,17022,32.166,MAC Field Scanner Field Plot 207 Season 2,FALSE,Maricopa,6000000347,6000002803
height,17025,32.166,MAC Field Scanner Field Plot 207 Season 2,FALSE,Maricopa,6000000347,6000002803
height,17026,32.166,MAC Field Scanner Field Plot 207 Season 2,FALSE,Maricopa,6000000347,6000002803
height,17027,32.166,MAC Field Scanner Field Plot 207 Season 2,FALSE,Maricopa,6000000347,6000002803
height,17028,31.505,MAC Field Scanner Field Plot 207 Season 2,FALSE,Maricopa,6000000347,6000002803
height,17029,32.166,MAC Field Scanner Field Plot 207 Season 2,FALSE,Maricopa,6000000347,6000002803
height,17030,32.166,MAC Field Scanner Field Plot 207 Season 2,FALSE,Maricopa,6000000347,6000002803
height,17031,32.166,MAC Field Scanner Field Plot 207 Season 2,FALSE,Maricopa,6000000347,6000002803
height,17037,32.166,MAC Field Scanner Field Plot 207 Season 2,FALSE,Maricopa,6000000347,6000002803
height,17039,32.827,MAC Field Scanner Field Plot 207 Season 2,FALSE,Maricopa,6000000347,6000002803
height,17040,32.827,MAC Field Scanner Field Plot 207 Season 2,FALSE,Maricopa,6000000347,6000002803
height,17043,32.827,MAC Field Scanner Field Plot 207 Season 2,FALSE,Maricopa,6000000347,6000002803
height,17047,32.827,MAC Field Scanner Field Plot 207 Season 2,FALSE,Maricopa,6000000347,6000002803
height,17049,32.827,MAC Field Scanner Field Plot 207 Season 2,FALSE,Maricopa,6000000347,6000002803
height,17050,32.827,MAC Field Scanner Field Plot 207 Season 2,FALSE,Maricopa,6000000347,6000002803
height,17051,55.301,MAC Field Scanner Field Plot 207 Season 2,FALSE,Maricopa,6000000347,6000002803
height,17052,57.284,MAC Field Scanner Field Plot 207 Season 2,FALSE,Maricopa,6000000347,6000002803
height,17053,64.555,MAC Field Scanner Field Plot 207 Season 2,FALSE,Maricopa,6000000347,6000002803
height,17054,66.538,MAC Field Scanner Field Plot 207 Season 2,FALSE,Maricopa,6000000347,6000002803
height,17056,71.165,MAC Field Scanner Field Plot 207 Season 2,FALSE,Maricopa,6000000347,6000002803
height,17057,75.131,MAC Field Scanner Field Plot 207 Season 2,FALSE,Maricopa,6000000347,6000002803
height,17058,76.453,MAC Field Scanner Field Plot 207 Season 2,FALSE,Maricopa,6000000347,6000002803
height,17061,84.385,MAC Field Scanner Field Plot 207 Season 2,FALSE,Maricopa,6000000347,6000002803
height,17064,82.402,MAC Field Scanner Field Plot 207 Season 2,FALSE,Maricopa,6000000347,6000002803
height,17067,77.775,MAC Field Scanner Field Plot 207 Season 2,FALSE,Maricopa,6000000347,6000002803
height,17069,81.08,MAC Field Scanner Field Plot 207 Season 2,FALSE,Maricopa,6000000347,6000002803
height,17070,81.741,MAC Field Scanner Field Plot 207 Season 2,FALSE,Maricopa,6000000347,6000002803
height,17071,85.046,MAC Field Scanner Field Plot 207 Season 2,FALSE,Maricopa,6000000347,6000002803
height,17021,31.505,MAC Field Scanner Field Plot 671 Season 2,FALSE,Maricopa,6000000347,6000003267
height,17024,31.505,MAC Field Scanner Field Plot 671 Season 2,FALSE,Maricopa,6000000347,6000003267
height,17025,31.505,MAC Field Scanner Field Plot 671 Season 2,FALSE,Maricopa,6000000347,6000003267
height,17026,30.844,MAC Field Scanner Field Plot 671 Season 2,FALSE,Maricopa,6000000347,6000003267
height,17027,30.844,MAC Field Scanner Field Plot 671 Season 2,FALSE,Maricopa,6000000347,6000003267
height,17028,31.505,MAC Field Scanner Field Plot 671 Season 2,FALSE,Maricopa,6000000347,6000003267
height,17029,31.505,MAC Field Scanner Field Plot 671 Season 2,FALSE,Maricopa,6000000347,6000003267
height,17030,31.505,MAC Field Scanner Field Plot 671 Season 2,FALSE,Maricopa,6000000347,6000003267
height,17031,31.505,MAC Field Scanner Field Plot 671 Season 2,FALSE,Maricopa,6000000347,6000003267
height,17036,31.505,MAC Field Scanner Field Plot 671 Season 2,FALSE,Maricopa,6000000347,6000003267
height,17037,30.844,MAC Field Scanner Field Plot 671 Season 2,FALSE,Maricopa,6000000347,6000003267
height,17038,32.827,MAC Field Scanner Field Plot 671 Season 2,FALSE,Maricopa,6000000347,6000003267
height,17040,32.827,MAC Field Scanner Field Plot 671 Season 2,FALSE,Maricopa,6000000347,6000003267
height,17042,32.166,MAC Field Scanner Field Plot 671 Season 2,FALSE,Maricopa,6000000347,6000003267
height,17046,33.488,MAC Field Scanner Field Plot 671 Season 2,FALSE,Maricopa,6000000347,6000003267
height,17048,33.488,MAC Field Scanner Field Plot 671 Season 2,FALSE,Maricopa,6000000347,6000003267
height,17049,32.827,MAC Field Scanner Field Plot 671 Season 2,FALSE,Maricopa,6000000347,6000003267
height,17050,54.64,MAC Field Scanner Field Plot 671 Season 2,FALSE,Maricopa,6000000347,6000003267
height,17051,57.945,MAC Field Scanner Field Plot 671 Season 2,FALSE,Maricopa,6000000347,6000003267
height,17052,59.928,MAC Field Scanner Field Plot 671 Season 2,FALSE,Maricopa,6000000347,6000003267
height,17054,63.233,MAC Field Scanner Field Plot 671 Season 2,FALSE,Maricopa,6000000347,6000003267
height,17055,67.86,MAC Field Scanner Field Plot 671 Season 2,FALSE,Maricopa,6000000347,6000003267
height,17056,71.826,MAC Field Scanner Field Plot 671 Season 2,FALSE,Maricopa,6000000347,6000003267
height,17057,74.47,MAC Field Scanner Field Plot 671 Season 2,FALSE,Maricopa,6000000347,6000003267
height,17058,71.826,MAC Field Scanner Field Plot 671 Season 2,FALSE,Maricopa,6000000347,6000003267
height,17059,78.436,MAC Field Scanner Field Plot 671 Season 2,FALSE,Maricopa,6000000347,6000003267
height,17064,86.368,MAC Field Scanner Field Plot 671 Season 2,FALSE,Maricopa,6000000347,6000003267
height,17066,87.029,MAC Field Scanner Field Plot 671 Season 2,FALSE,Maricopa,6000000347,6000003267
height,17067,88.351,MAC Field Scanner Field Plot 671 Season 2,FALSE,Maricopa,6000000347,6000003267
height,17068,89.012,MAC Field Scanner Field Plot 671 Season 2,FALSE,Maricopa,6000000347,6000003267
height,17069,87.69,MAC Field Scanner Field Plot 671 Season 2,FALSE,Maricopa,6000000347,6000003267
height,17071,84.385,MAC Field Scanner Field Plot 671 Season 2,FALSE,Maricopa,6000000347,6000003267
height,17072,86.368,MAC Field Scanner Field Plot 671 Season 2,FALSE,Maricopa,6000000347,6000003267
height,17021,31.505,MAC Field Scanner Field Plot 670 Season 2,FALSE,Maricopa,6000000347,6000003266
height,17024,32.166,MAC Field Scanner Field Plot 670 Season 2,FALSE,Maricopa,6000000347,6000003266
height,17025,31.505,MAC Field Scanner Field Plot 670 Season 2,FALSE,Maricopa,6000000347,6000003266
height,17026,31.505,MAC Field Scanner Field Plot 670 Season 2,FALSE,Maricopa,6000000347,6000003266
height,17027,30.844,MAC Field Scanner Field Plot 670 Season 2,FALSE,Maricopa,6000000347,6000003266
height,17028,31.505,MAC Field Scanner Field Plot 670 Season 2,FALSE,Maricopa,6000000347,6000003266
height,17029,31.505,MAC Field Scanner Field Plot 670 Season 2,FALSE,Maricopa,6000000347,6000003266
height,17030,31.505,MAC Field Scanner Field Plot 670 Season 2,FALSE,Maricopa,6000000347,6000003266
height,17031,31.505,MAC Field Scanner Field Plot 670 Season 2,FALSE,Maricopa,6000000347,6000003266
height,17036,31.505,MAC Field Scanner Field Plot 670 Season 2,FALSE,Maricopa,6000000347,6000003266
height,17037,31.505,MAC Field Scanner Field Plot 670 Season 2,FALSE,Maricopa,6000000347,6000003266
height,17038,32.827,MAC Field Scanner Field Plot 670 Season 2,FALSE,Maricopa,6000000347,6000003266
height,17040,35.471,MAC Field Scanner Field Plot 670 Season 2,FALSE,Maricopa,6000000347,6000003266
height,17042,33.488,MAC Field Scanner Field Plot 670 Season 2,FALSE,Maricopa,6000000347,6000003266
height,17046,34.149,MAC Field Scanner Field Plot 670 Season 2,FALSE,Maricopa,6000000347,6000003266
height,17048,33.488,MAC Field Scanner Field Plot 670 Season 2,FALSE,Maricopa,6000000347,6000003266
height,17049,33.488,MAC Field Scanner Field Plot 670 Season 2,FALSE,Maricopa,6000000347,6000003266
height,17050,52.657,MAC Field Scanner Field Plot 670 Season 2,FALSE,Maricopa,6000000347,6000003266
height,17051,54.64,MAC Field Scanner Field Plot 670 Season 2,FALSE,Maricopa,6000000347,6000003266
height,17052,57.284,MAC Field Scanner Field Plot 670 Season 2,FALSE,Maricopa,6000000347,6000003266
height,17054,60.589,MAC Field Scanner Field Plot 670 Season 2,FALSE,Maricopa,6000000347,6000003266
height,17055,65.216,MAC Field Scanner Field Plot 670 Season 2,FALSE,Maricopa,6000000347,6000003266
height,17056,68.521,MAC Field Scanner Field Plot 670 Season 2,FALSE,Maricopa,6000000347,6000003266
height,17057,72.487,MAC Field Scanner Field Plot 670 Season 2,FALSE,Maricopa,6000000347,6000003266
height,17058,69.182,MAC Field Scanner Field Plot 670 Season 2,FALSE,Maricopa,6000000347,6000003266
height,17059,75.131,MAC Field Scanner Field Plot 670 Season 2,FALSE,Maricopa,6000000347,6000003266
height,17064,81.741,MAC Field Scanner Field Plot 670 Season 2,FALSE,Maricopa,6000000347,6000003266
height,17066,79.097,MAC Field Scanner Field Plot 670 Season 2,FALSE,Maricopa,6000000347,6000003266
height,17067,81.08,MAC Field Scanner Field Plot 670 Season 2,FALSE,Maricopa,6000000347,6000003266
height,17068,81.741,MAC Field Scanner Field Plot 670 Season 2,FALSE,Maricopa,6000000347,6000003266
height,17069,83.063,MAC Field Scanner Field Plot 670 Season 2,FALSE,Maricopa,6000000347,6000003266
height,17071,83.724,MAC Field Scanner Field Plot 670 Season 2,FALSE,Maricopa,6000000347,6000003266
height,17072,85.046,MAC Field Scanner Field Plot 670 Season 2,FALSE,Maricopa,6000000347,6000003266
height,17022,32.166,MAC Field Scanner Field Plot 334 Season 2,FALSE,Maricopa,6000000348,6000002930
height,17024,32.166,MAC Field Scanner Field Plot 334 Season 2,FALSE,Maricopa,6000000348,6000002930
height,17025,31.505,MAC Field Scanner Field Plot 334 Season 2,FALSE,Maricopa,6000000348,6000002930
height,17026,32.166,MAC Field Scanner Field Plot 334 Season 2,FALSE,Maricopa,6000000348,6000002930
height,17027,30.844,MAC Field Scanner Field Plot 334 Season 2,FALSE,Maricopa,6000000348,6000002930
height,17028,31.505,MAC Field Scanner Field Plot 334 Season 2,FALSE,Maricopa,6000000348,6000002930
height,17029,31.505,MAC Field Scanner Field Plot 334 Season 2,FALSE,Maricopa,6000000348,6000002930
height,17030,31.505,MAC Field Scanner Field Plot 334 Season 2,FALSE,Maricopa,6000000348,6000002930
height,17031,31.505,MAC Field Scanner Field Plot 334 Season 2,FALSE,Maricopa,6000000348,6000002930
height,17037,31.505,MAC Field Scanner Field Plot 334 Season 2,FALSE,Maricopa,6000000348,6000002930
height,17038,33.488,MAC Field Scanner Field Plot 334 Season 2,FALSE,Maricopa,6000000348,6000002930
height,17040,33.488,MAC Field Scanner Field Plot 334 Season 2,FALSE,Maricopa,6000000348,6000002930
height,17043,33.488,MAC Field Scanner Field Plot 334 Season 2,FALSE,Maricopa,6000000348,6000002930
height,17047,33.488,MAC Field Scanner Field Plot 334 Season 2,FALSE,Maricopa,6000000348,6000002930
height,17049,33.488,MAC Field Scanner Field Plot 334 Season 2,FALSE,Maricopa,6000000348,6000002930
height,17050,33.488,MAC Field Scanner Field Plot 334 Season 2,FALSE,Maricopa,6000000348,6000002930
height,17051,56.623,MAC Field Scanner Field Plot 334 Season 2,FALSE,Maricopa,6000000348,6000002930
height,17052,58.606,MAC Field Scanner Field Plot 334 Season 2,FALSE,Maricopa,6000000348,6000002930
height,17053,60.589,MAC Field Scanner Field Plot 334 Season 2,FALSE,Maricopa,6000000348,6000002930
height,17054,63.233,MAC Field Scanner Field Plot 334 Season 2,FALSE,Maricopa,6000000348,6000002930
height,17057,69.182,MAC Field Scanner Field Plot 334 Season 2,FALSE,Maricopa,6000000348,6000002930
height,17058,71.165,MAC Field Scanner Field Plot 334 Season 2,FALSE,Maricopa,6000000348,6000002930
height,17061,75.792,MAC Field Scanner Field Plot 334 Season 2,FALSE,Maricopa,6000000348,6000002930
height,17064,79.758,MAC Field Scanner Field Plot 334 Season 2,FALSE,Maricopa,6000000348,6000002930
height,17067,84.385,MAC Field Scanner Field Plot 334 Season 2,FALSE,Maricopa,6000000348,6000002930
height,17069,85.707,MAC Field Scanner Field Plot 334 Season 2,FALSE,Maricopa,6000000348,6000002930
height,17070,87.69,MAC Field Scanner Field Plot 334 Season 2,FALSE,Maricopa,6000000348,6000002930
height,17071,88.351,MAC Field Scanner Field Plot 334 Season 2,FALSE,Maricopa,6000000348,6000002930
height,17022,32.166,MAC Field Scanner Field Plot 335 Season 2,FALSE,Maricopa,6000000348,6000002931
height,17025,31.505,MAC Field Scanner Field Plot 335 Season 2,FALSE,Maricopa,6000000348,6000002931
height,17026,31.505,MAC Field Scanner Field Plot 335 Season 2,FALSE,Maricopa,6000000348,6000002931
height,17027,31.505,MAC Field Scanner Field Plot 335 Season 2,FALSE,Maricopa,6000000348,6000002931
height,17028,31.505,MAC Field Scanner Field Plot 335 Season 2,FALSE,Maricopa,6000000348,6000002931
height,17029,31.505,MAC Field Scanner Field Plot 335 Season 2,FALSE,Maricopa,6000000348,6000002931
height,17030,31.505,MAC Field Scanner Field Plot 335 Season 2,FALSE,Maricopa,6000000348,6000002931
height,17031,31.505,MAC Field Scanner Field Plot 335 Season 2,FALSE,Maricopa,6000000348,6000002931
height,17037,31.505,MAC Field Scanner Field Plot 335 Season 2,FALSE,Maricopa,6000000348,6000002931
height,17038,33.488,MAC Field Scanner Field Plot 335 Season 2,FALSE,Maricopa,6000000348,6000002931
height,17040,32.827,MAC Field Scanner Field Plot 335 Season 2,FALSE,Maricopa,6000000348,6000002931
height,17043,33.488,MAC Field Scanner Field Plot 335 Season 2,FALSE,Maricopa,6000000348,6000002931
height,17047,34.149,MAC Field Scanner Field Plot 335 Season 2,FALSE,Maricopa,6000000348,6000002931
height,17049,34.149,MAC Field Scanner Field Plot 335 Season 2,FALSE,Maricopa,6000000348,6000002931
height,17050,34.149,MAC Field Scanner Field Plot 335 Season 2,FALSE,Maricopa,6000000348,6000002931
height,17051,53.979,MAC Field Scanner Field Plot 335 Season 2,FALSE,Maricopa,6000000348,6000002931
height,17052,55.962,MAC Field Scanner Field Plot 335 Season 2,FALSE,Maricopa,6000000348,6000002931
height,17053,59.928,MAC Field Scanner Field Plot 335 Season 2,FALSE,Maricopa,6000000348,6000002931
height,17054,61.911,MAC Field Scanner Field Plot 335 Season 2,FALSE,Maricopa,6000000348,6000002931
height,17057,66.538,MAC Field Scanner Field Plot 335 Season 2,FALSE,Maricopa,6000000348,6000002931
height,17058,67.199,MAC Field Scanner Field Plot 335 Season 2,FALSE,Maricopa,6000000348,6000002931
height,17061,73.148,MAC Field Scanner Field Plot 335 Season 2,FALSE,Maricopa,6000000348,6000002931
height,17064,77.114,MAC Field Scanner Field Plot 335 Season 2,FALSE,Maricopa,6000000348,6000002931
height,17067,81.741,MAC Field Scanner Field Plot 335 Season 2,FALSE,Maricopa,6000000348,6000002931
height,17069,83.724,MAC Field Scanner Field Plot 335 Season 2,FALSE,Maricopa,6000000348,6000002931
height,17070,84.385,MAC Field Scanner Field Plot 335 Season 2,FALSE,Maricopa,6000000348,6000002931
height,17071,87.029,MAC Field Scanner Field Plot 335 Season 2,FALSE,Maricopa,6000000348,6000002931
height,17021,32.166,MAC Field Scanner Field Plot 778 Season 2,FALSE,Maricopa,6000000348,6000003374
height,17023,32.166,MAC Field Scanner Field Plot 778 Season 2,FALSE,Maricopa,6000000348,6000003374
height,17024,32.166,MAC Field Scanner Field Plot 778 Season 2,FALSE,Maricopa,6000000348,6000003374
height,17025,32.166,MAC Field Scanner Field Plot 778 Season 2,FALSE,Maricopa,6000000348,6000003374
height,17026,32.166,MAC Field Scanner Field Plot 778 Season 2,FALSE,Maricopa,6000000348,6000003374
height,17027,31.505,MAC Field Scanner Field Plot 778 Season 2,FALSE,Maricopa,6000000348,6000003374
height,17028,31.505,MAC Field Scanner Field Plot 778 Season 2,FALSE,Maricopa,6000000348,6000003374
height,17029,31.505,MAC Field Scanner Field Plot 778 Season 2,FALSE,Maricopa,6000000348,6000003374
height,17030,32.166,MAC Field Scanner Field Plot 778 Season 2,FALSE,Maricopa,6000000348,6000003374
height,17031,32.166,MAC Field Scanner Field Plot 778 Season 2,FALSE,Maricopa,6000000348,6000003374
height,17036,32.166,MAC Field Scanner Field Plot 778 Season 2,FALSE,Maricopa,6000000348,6000003374
height,17037,32.827,MAC Field Scanner Field Plot 778 Season 2,FALSE,Maricopa,6000000348,6000003374
height,17038,33.488,MAC Field Scanner Field Plot 778 Season 2,FALSE,Maricopa,6000000348,6000003374
height,17040,33.488,MAC Field Scanner Field Plot 778 Season 2,FALSE,Maricopa,6000000348,6000003374
height,17042,33.488,MAC Field Scanner Field Plot 778 Season 2,FALSE,Maricopa,6000000348,6000003374
height,17046,34.149,MAC Field Scanner Field Plot 778 Season 2,FALSE,Maricopa,6000000348,6000003374
height,17048,33.488,MAC Field Scanner Field Plot 778 Season 2,FALSE,Maricopa,6000000348,6000003374
height,17049,34.149,MAC Field Scanner Field Plot 778 Season 2,FALSE,Maricopa,6000000348,6000003374
height,17050,59.267,MAC Field Scanner Field Plot 778 Season 2,FALSE,Maricopa,6000000348,6000003374
height,17051,61.25,MAC Field Scanner Field Plot 778 Season 2,FALSE,Maricopa,6000000348,6000003374
height,17052,63.233,MAC Field Scanner Field Plot 778 Season 2,FALSE,Maricopa,6000000348,6000003374
height,17054,65.877,MAC Field Scanner Field Plot 778 Season 2,FALSE,Maricopa,6000000348,6000003374
height,17055,69.843,MAC Field Scanner Field Plot 778 Season 2,FALSE,Maricopa,6000000348,6000003374
height,17056,72.487,MAC Field Scanner Field Plot 778 Season 2,FALSE,Maricopa,6000000348,6000003374
height,17057,74.47,MAC Field Scanner Field Plot 778 Season 2,FALSE,Maricopa,6000000348,6000003374
height,17059,77.114,MAC Field Scanner Field Plot 778 Season 2,FALSE,Maricopa,6000000348,6000003374
height,17064,81.08,MAC Field Scanner Field Plot 778 Season 2,FALSE,Maricopa,6000000348,6000003374
height,17066,85.046,MAC Field Scanner Field Plot 778 Season 2,FALSE,Maricopa,6000000348,6000003374
height,17068,87.029,MAC Field Scanner Field Plot 778 Season 2,FALSE,Maricopa,6000000348,6000003374
height,17069,88.351,MAC Field Scanner Field Plot 778 Season 2,FALSE,Maricopa,6000000348,6000003374
height,17070,90.995,MAC Field Scanner Field Plot 778 Season 2,FALSE,Maricopa,6000000348,6000003374
height,17072,90.334,MAC Field Scanner Field Plot 778 Season 2,FALSE,Maricopa,6000000348,6000003374
height,17021,32.166,MAC Field Scanner Field Plot 779 Season 2,FALSE,Maricopa,6000000348,6000003375
height,17023,32.827,MAC Field Scanner Field Plot 779 Season 2,FALSE,Maricopa,6000000348,6000003375
height,17024,32.166,MAC Field Scanner Field Plot 779 Season 2,FALSE,Maricopa,6000000348,6000003375
height,17025,32.166,MAC Field Scanner Field Plot 779 Season 2,FALSE,Maricopa,6000000348,6000003375
height,17026,32.166,MAC Field Scanner Field Plot 779 Season 2,FALSE,Maricopa,6000000348,6000003375
height,17027,32.166,MAC Field Scanner Field Plot 779 Season 2,FALSE,Maricopa,6000000348,6000003375
height,17028,32.166,MAC Field Scanner Field Plot 779 Season 2,FALSE,Maricopa,6000000348,6000003375
height,17029,32.166,MAC Field Scanner Field Plot 779 Season 2,FALSE,Maricopa,6000000348,6000003375
height,17030,32.166,MAC Field Scanner Field Plot 779 Season 2,FALSE,Maricopa,6000000348,6000003375
height,17031,32.166,MAC Field Scanner Field Plot 779 Season 2,FALSE,Maricopa,6000000348,6000003375
height,17036,32.166,MAC Field Scanner Field Plot 779 Season 2,FALSE,Maricopa,6000000348,6000003375
height,17037,32.166,MAC Field Scanner Field Plot 779 Season 2,FALSE,Maricopa,6000000348,6000003375
height,17038,34.149,MAC Field Scanner Field Plot 779 Season 2,FALSE,Maricopa,6000000348,6000003375
height,17040,33.488,MAC Field Scanner Field Plot 779 Season 2,FALSE,Maricopa,6000000348,6000003375
height,17042,33.488,MAC Field Scanner Field Plot 779 Season 2,FALSE,Maricopa,6000000348,6000003375
height,17046,34.81,MAC Field Scanner Field Plot 779 Season 2,FALSE,Maricopa,6000000348,6000003375
height,17048,34.149,MAC Field Scanner Field Plot 779 Season 2,FALSE,Maricopa,6000000348,6000003375
height,17049,34.81,MAC Field Scanner Field Plot 779 Season 2,FALSE,Maricopa,6000000348,6000003375
height,17050,57.284,MAC Field Scanner Field Plot 779 Season 2,FALSE,Maricopa,6000000348,6000003375
height,17051,60.589,MAC Field Scanner Field Plot 779 Season 2,FALSE,Maricopa,6000000348,6000003375
height,17052,61.911,MAC Field Scanner Field Plot 779 Season 2,FALSE,Maricopa,6000000348,6000003375
height,17054,63.894,MAC Field Scanner Field Plot 779 Season 2,FALSE,Maricopa,6000000348,6000003375
height,17055,67.86,MAC Field Scanner Field Plot 779 Season 2,FALSE,Maricopa,6000000348,6000003375
height,17056,71.165,MAC Field Scanner Field Plot 779 Season 2,FALSE,Maricopa,6000000348,6000003375
height,17057,72.487,MAC Field Scanner Field Plot 779 Season 2,FALSE,Maricopa,6000000348,6000003375
height,17059,75.131,MAC Field Scanner Field Plot 779 Season 2,FALSE,Maricopa,6000000348,6000003375
height,17064,81.08,MAC Field Scanner Field Plot 779 Season 2,FALSE,Maricopa,6000000348,6000003375
height,17066,83.724,MAC Field Scanner Field Plot 779 Season 2,FALSE,Maricopa,6000000348,6000003375
height,17068,85.707,MAC Field Scanner Field Plot 779 Season 2,FALSE,Maricopa,6000000348,6000003375
height,17069,87.029,MAC Field Scanner Field Plot 779 Season 2,FALSE,Maricopa,6000000348,6000003375
height,17070,88.351,MAC Field Scanner Field Plot 779 Season 2,FALSE,Maricopa,6000000348,6000003375
height,17072,89.673,MAC Field Scanner Field Plot 779 Season 2,FALSE,Maricopa,6000000348,6000003375
height,17022,30.844,MAC Field Scanner Field Plot 59 Season 2,FALSE,Maricopa,6000000349,6000002655
height,17025,30.844,MAC Field Scanner Field Plot 59 Season 2,FALSE,Maricopa,6000000349,6000002655
height,17028,30.844,MAC Field Scanner Field Plot 59 Season 2,FALSE,Maricopa,6000000349,6000002655
height,17037,30.844,MAC Field Scanner Field Plot 59 Season 2,FALSE,Maricopa,6000000349,6000002655
height,17041,32.166,MAC Field Scanner Field Plot 59 Season 2,FALSE,Maricopa,6000000349,6000002655
height,17043,32.827,MAC Field Scanner Field Plot 59 Season 2,FALSE,Maricopa,6000000349,6000002655
height,17047,33.488,MAC Field Scanner Field Plot 59 Season 2,FALSE,Maricopa,6000000349,6000002655
height,17049,33.488,MAC Field Scanner Field Plot 59 Season 2,FALSE,Maricopa,6000000349,6000002655
height,17050,33.488,MAC Field Scanner Field Plot 59 Season 2,FALSE,Maricopa,6000000349,6000002655
height,17051,56.623,MAC Field Scanner Field Plot 59 Season 2,FALSE,Maricopa,6000000349,6000002655
height,17052,57.284,MAC Field Scanner Field Plot 59 Season 2,FALSE,Maricopa,6000000349,6000002655
height,17053,59.267,MAC Field Scanner Field Plot 59 Season 2,FALSE,Maricopa,6000000349,6000002655
height,17054,62.572,MAC Field Scanner Field Plot 59 Season 2,FALSE,Maricopa,6000000349,6000002655
height,17057,69.843,MAC Field Scanner Field Plot 59 Season 2,FALSE,Maricopa,6000000349,6000002655
height,17061,75.792,MAC Field Scanner Field Plot 59 Season 2,FALSE,Maricopa,6000000349,6000002655
height,17064,77.775,MAC Field Scanner Field Plot 59 Season 2,FALSE,Maricopa,6000000349,6000002655
height,17069,78.436,MAC Field Scanner Field Plot 59 Season 2,FALSE,Maricopa,6000000349,6000002655
height,17070,78.436,MAC Field Scanner Field Plot 59 Season 2,FALSE,Maricopa,6000000349,6000002655
height,17071,79.097,MAC Field Scanner Field Plot 59 Season 2,FALSE,Maricopa,6000000349,6000002655
height,17022,30.844,MAC Field Scanner Field Plot 58 Season 2,FALSE,Maricopa,6000000349,6000002654
height,17025,31.505,MAC Field Scanner Field Plot 58 Season 2,FALSE,Maricopa,6000000349,6000002654
height,17028,30.844,MAC Field Scanner Field Plot 58 Season 2,FALSE,Maricopa,6000000349,6000002654
height,17037,31.505,MAC Field Scanner Field Plot 58 Season 2,FALSE,Maricopa,6000000349,6000002654
height,17041,32.827,MAC Field Scanner Field Plot 58 Season 2,FALSE,Maricopa,6000000349,6000002654
height,17043,33.488,MAC Field Scanner Field Plot 58 Season 2,FALSE,Maricopa,6000000349,6000002654
height,17047,33.488,MAC Field Scanner Field Plot 58 Season 2,FALSE,Maricopa,6000000349,6000002654
height,17049,33.488,MAC Field Scanner Field Plot 58 Season 2,FALSE,Maricopa,6000000349,6000002654
height,17050,33.488,MAC Field Scanner Field Plot 58 Season 2,FALSE,Maricopa,6000000349,6000002654
height,17051,52.657,MAC Field Scanner Field Plot 58 Season 2,FALSE,Maricopa,6000000349,6000002654
height,17052,54.64,MAC Field Scanner Field Plot 58 Season 2,FALSE,Maricopa,6000000349,6000002654
height,17053,59.928,MAC Field Scanner Field Plot 58 Season 2,FALSE,Maricopa,6000000349,6000002654
height,17057,66.538,MAC Field Scanner Field Plot 58 Season 2,FALSE,Maricopa,6000000349,6000002654
height,17061,72.487,MAC Field Scanner Field Plot 58 Season 2,FALSE,Maricopa,6000000349,6000002654
height,17064,75.792,MAC Field Scanner Field Plot 58 Season 2,FALSE,Maricopa,6000000349,6000002654
height,17069,79.097,MAC Field Scanner Field Plot 58 Season 2,FALSE,Maricopa,6000000349,6000002654
height,17070,79.758,MAC Field Scanner Field Plot 58 Season 2,FALSE,Maricopa,6000000349,6000002654
height,17071,81.08,MAC Field Scanner Field Plot 58 Season 2,FALSE,Maricopa,6000000349,6000002654
height,17022,31.505,MAC Field Scanner Field Plot 473 Season 2,FALSE,Maricopa,6000000349,6000003069
height,17024,31.505,MAC Field Scanner Field Plot 473 Season 2,FALSE,Maricopa,6000000349,6000003069
height,17026,31.505,MAC Field Scanner Field Plot 473 Season 2,FALSE,Maricopa,6000000349,6000003069
height,17028,31.505,MAC Field Scanner Field Plot 473 Season 2,FALSE,Maricopa,6000000349,6000003069
height,17029,31.505,MAC Field Scanner Field Plot 473 Season 2,FALSE,Maricopa,6000000349,6000003069
height,17030,31.505,MAC Field Scanner Field Plot 473 Season 2,FALSE,Maricopa,6000000349,6000003069
height,17036,31.505,MAC Field Scanner Field Plot 473 Season 2,FALSE,Maricopa,6000000349,6000003069
height,17038,33.488,MAC Field Scanner Field Plot 473 Season 2,FALSE,Maricopa,6000000349,6000003069
height,17040,33.488,MAC Field Scanner Field Plot 473 Season 2,FALSE,Maricopa,6000000349,6000003069
height,17042,32.827,MAC Field Scanner Field Plot 473 Season 2,FALSE,Maricopa,6000000349,6000003069
height,17046,33.488,MAC Field Scanner Field Plot 473 Season 2,FALSE,Maricopa,6000000349,6000003069
height,17049,33.488,MAC Field Scanner Field Plot 473 Season 2,FALSE,Maricopa,6000000349,6000003069
height,17051,55.301,MAC Field Scanner Field Plot 473 Season 2,FALSE,Maricopa,6000000349,6000003069
height,17053,59.267,MAC Field Scanner Field Plot 473 Season 2,FALSE,Maricopa,6000000349,6000003069
height,17054,62.572,MAC Field Scanner Field Plot 473 Season 2,FALSE,Maricopa,6000000349,6000003069
height,17055,65.877,MAC Field Scanner Field Plot 473 Season 2,FALSE,Maricopa,6000000349,6000003069
height,17056,69.843,MAC Field Scanner Field Plot 473 Season 2,FALSE,Maricopa,6000000349,6000003069
height,17058,70.504,MAC Field Scanner Field Plot 473 Season 2,FALSE,Maricopa,6000000349,6000003069
height,17059,73.148,MAC Field Scanner Field Plot 473 Season 2,FALSE,Maricopa,6000000349,6000003069
height,17061,75.792,MAC Field Scanner Field Plot 473 Season 2,FALSE,Maricopa,6000000349,6000003069
height,17064,81.08,MAC Field Scanner Field Plot 473 Season 2,FALSE,Maricopa,6000000349,6000003069
height,17067,76.453,MAC Field Scanner Field Plot 473 Season 2,FALSE,Maricopa,6000000349,6000003069
height,17069,77.114,MAC Field Scanner Field Plot 473 Season 2,FALSE,Maricopa,6000000349,6000003069
height,17070,77.775,MAC Field Scanner Field Plot 473 Season 2,FALSE,Maricopa,6000000349,6000003069
height,17071,78.436,MAC Field Scanner Field Plot 473 Season 2,FALSE,Maricopa,6000000349,6000003069
height,17022,32.166,MAC Field Scanner Field Plot 472 Season 2,FALSE,Maricopa,6000000349,6000003068
height,17024,32.166,MAC Field Scanner Field Plot 472 Season 2,FALSE,Maricopa,6000000349,6000003068
height,17026,32.166,MAC Field Scanner Field Plot 472 Season 2,FALSE,Maricopa,6000000349,6000003068
height,17028,31.505,MAC Field Scanner Field Plot 472 Season 2,FALSE,Maricopa,6000000349,6000003068
height,17029,31.505,MAC Field Scanner Field Plot 472 Season 2,FALSE,Maricopa,6000000349,6000003068
height,17030,32.166,MAC Field Scanner Field Plot 472 Season 2,FALSE,Maricopa,6000000349,6000003068
height,17036,31.505,MAC Field Scanner Field Plot 472 Season 2,FALSE,Maricopa,6000000349,6000003068
height,17038,34.149,MAC Field Scanner Field Plot 472 Season 2,FALSE,Maricopa,6000000349,6000003068
height,17040,34.149,MAC Field Scanner Field Plot 472 Season 2,FALSE,Maricopa,6000000349,6000003068
height,17042,33.488,MAC Field Scanner Field Plot 472 Season 2,FALSE,Maricopa,6000000349,6000003068
height,17046,34.149,MAC Field Scanner Field Plot 472 Season 2,FALSE,Maricopa,6000000349,6000003068
height,17049,34.81,MAC Field Scanner Field Plot 472 Season 2,FALSE,Maricopa,6000000349,6000003068
height,17051,58.606,MAC Field Scanner Field Plot 472 Season 2,FALSE,Maricopa,6000000349,6000003068
height,17053,61.25,MAC Field Scanner Field Plot 472 Season 2,FALSE,Maricopa,6000000349,6000003068
height,17054,63.894,MAC Field Scanner Field Plot 472 Season 2,FALSE,Maricopa,6000000349,6000003068
height,17055,67.199,MAC Field Scanner Field Plot 472 Season 2,FALSE,Maricopa,6000000349,6000003068
height,17056,69.843,MAC Field Scanner Field Plot 472 Season 2,FALSE,Maricopa,6000000349,6000003068
height,17058,71.165,MAC Field Scanner Field Plot 472 Season 2,FALSE,Maricopa,6000000349,6000003068
height,17059,75.131,MAC Field Scanner Field Plot 472 Season 2,FALSE,Maricopa,6000000349,6000003068
height,17061,75.131,MAC Field Scanner Field Plot 472 Season 2,FALSE,Maricopa,6000000349,6000003068
height,17064,78.436,MAC Field Scanner Field Plot 472 Season 2,FALSE,Maricopa,6000000349,6000003068
height,17067,79.758,MAC Field Scanner Field Plot 472 Season 2,FALSE,Maricopa,6000000349,6000003068
height,17069,82.402,MAC Field Scanner Field Plot 472 Season 2,FALSE,Maricopa,6000000349,6000003068
height,17070,82.402,MAC Field Scanner Field Plot 472 Season 2,FALSE,Maricopa,6000000349,6000003068
height,17071,81.741,MAC Field Scanner Field Plot 472 Season 2,FALSE,Maricopa,6000000349,6000003068
height,17022,31.505,MAC Field Scanner Field Plot 287 Season 2,FALSE,Maricopa,6000000245,6000002883
height,17024,31.505,MAC Field Scanner Field Plot 287 Season 2,FALSE,Maricopa,6000000245,6000002883
height,17025,31.505,MAC Field Scanner Field Plot 287 Season 2,FALSE,Maricopa,6000000245,6000002883
height,17026,31.505,MAC Field Scanner Field Plot 287 Season 2,FALSE,Maricopa,6000000245,6000002883
height,17027,31.505,MAC Field Scanner Field Plot 287 Season 2,FALSE,Maricopa,6000000245,6000002883
height,17028,31.505,MAC Field Scanner Field Plot 287 Season 2,FALSE,Maricopa,6000000245,6000002883
height,17029,31.505,MAC Field Scanner Field Plot 287 Season 2,FALSE,Maricopa,6000000245,6000002883
height,17030,31.505,MAC Field Scanner Field Plot 287 Season 2,FALSE,Maricopa,6000000245,6000002883
height,17031,31.505,MAC Field Scanner Field Plot 287 Season 2,FALSE,Maricopa,6000000245,6000002883
height,17037,31.505,MAC Field Scanner Field Plot 287 Season 2,FALSE,Maricopa,6000000245,6000002883
height,17038,33.488,MAC Field Scanner Field Plot 287 Season 2,FALSE,Maricopa,6000000245,6000002883
height,17040,33.488,MAC Field Scanner Field Plot 287 Season 2,FALSE,Maricopa,6000000245,6000002883
height,17043,33.488,MAC Field Scanner Field Plot 287 Season 2,FALSE,Maricopa,6000000245,6000002883
height,17047,34.81,MAC Field Scanner Field Plot 287 Season 2,FALSE,Maricopa,6000000245,6000002883
height,17049,34.81,MAC Field Scanner Field Plot 287 Season 2,FALSE,Maricopa,6000000245,6000002883
height,17050,34.81,MAC Field Scanner Field Plot 287 Season 2,FALSE,Maricopa,6000000245,6000002883
height,17051,53.979,MAC Field Scanner Field Plot 287 Season 2,FALSE,Maricopa,6000000245,6000002883
height,17052,55.301,MAC Field Scanner Field Plot 287 Season 2,FALSE,Maricopa,6000000245,6000002883
height,17053,56.623,MAC Field Scanner Field Plot 287 Season 2,FALSE,Maricopa,6000000245,6000002883
height,17054,58.606,MAC Field Scanner Field Plot 287 Season 2,FALSE,Maricopa,6000000245,6000002883
height,17056,61.25,MAC Field Scanner Field Plot 287 Season 2,FALSE,Maricopa,6000000245,6000002883
height,17057,63.233,MAC Field Scanner Field Plot 287 Season 2,FALSE,Maricopa,6000000245,6000002883
height,17058,66.538,MAC Field Scanner Field Plot 287 Season 2,FALSE,Maricopa,6000000245,6000002883
height,17061,70.504,MAC Field Scanner Field Plot 287 Season 2,FALSE,Maricopa,6000000245,6000002883
height,17064,75.792,MAC Field Scanner Field Plot 287 Season 2,FALSE,Maricopa,6000000245,6000002883
height,17067,82.402,MAC Field Scanner Field Plot 287 Season 2,FALSE,Maricopa,6000000245,6000002883
height,17069,83.724,MAC Field Scanner Field Plot 287 Season 2,FALSE,Maricopa,6000000245,6000002883
height,17070,84.385,MAC Field Scanner Field Plot 287 Season 2,FALSE,Maricopa,6000000245,6000002883
height,17071,85.046,MAC Field Scanner Field Plot 287 Season 2,FALSE,Maricopa,6000000245,6000002883
height,17022,32.166,MAC Field Scanner Field Plot 286 Season 2,FALSE,Maricopa,6000000245,6000002882
height,17024,32.166,MAC Field Scanner Field Plot 286 Season 2,FALSE,Maricopa,6000000245,6000002882
height,17025,32.166,MAC Field Scanner Field Plot 286 Season 2,FALSE,Maricopa,6000000245,6000002882
height,17026,31.505,MAC Field Scanner Field Plot 286 Season 2,FALSE,Maricopa,6000000245,6000002882
height,17027,32.166,MAC Field Scanner Field Plot 286 Season 2,FALSE,Maricopa,6000000245,6000002882
height,17028,31.505,MAC Field Scanner Field Plot 286 Season 2,FALSE,Maricopa,6000000245,6000002882
height,17029,31.505,MAC Field Scanner Field Plot 286 Season 2,FALSE,Maricopa,6000000245,6000002882
height,17030,31.505,MAC Field Scanner Field Plot 286 Season 2,FALSE,Maricopa,6000000245,6000002882
height,17031,32.166,MAC Field Scanner Field Plot 286 Season 2,FALSE,Maricopa,6000000245,6000002882
height,17037,31.505,MAC Field Scanner Field Plot 286 Season 2,FALSE,Maricopa,6000000245,6000002882
height,17038,33.488,MAC Field Scanner Field Plot 286 Season 2,FALSE,Maricopa,6000000245,6000002882
height,17040,33.488,MAC Field Scanner Field Plot 286 Season 2,FALSE,Maricopa,6000000245,6000002882
height,17043,33.488,MAC Field Scanner Field Plot 286 Season 2,FALSE,Maricopa,6000000245,6000002882
height,17047,34.149,MAC Field Scanner Field Plot 286 Season 2,FALSE,Maricopa,6000000245,6000002882
height,17049,34.149,MAC Field Scanner Field Plot 286 Season 2,FALSE,Maricopa,6000000245,6000002882
height,17050,34.149,MAC Field Scanner Field Plot 286 Season 2,FALSE,Maricopa,6000000245,6000002882
height,17051,52.657,MAC Field Scanner Field Plot 286 Season 2,FALSE,Maricopa,6000000245,6000002882
height,17052,54.64,MAC Field Scanner Field Plot 286 Season 2,FALSE,Maricopa,6000000245,6000002882
height,17053,55.962,MAC Field Scanner Field Plot 286 Season 2,FALSE,Maricopa,6000000245,6000002882
height,17054,58.606,MAC Field Scanner Field Plot 286 Season 2,FALSE,Maricopa,6000000245,6000002882
height,17056,60.589,MAC Field Scanner Field Plot 286 Season 2,FALSE,Maricopa,6000000245,6000002882
height,17057,63.894,MAC Field Scanner Field Plot 286 Season 2,FALSE,Maricopa,6000000245,6000002882
height,17058,65.877,MAC Field Scanner Field Plot 286 Season 2,FALSE,Maricopa,6000000245,6000002882
height,17061,71.165,MAC Field Scanner Field Plot 286 Season 2,FALSE,Maricopa,6000000245,6000002882
height,17064,76.453,MAC Field Scanner Field Plot 286 Season 2,FALSE,Maricopa,6000000245,6000002882
height,17067,81.08,MAC Field Scanner Field Plot 286 Season 2,FALSE,Maricopa,6000000245,6000002882
height,17069,82.402,MAC Field Scanner Field Plot 286 Season 2,FALSE,Maricopa,6000000245,6000002882
height,17070,83.063,MAC Field Scanner Field Plot 286 Season 2,FALSE,Maricopa,6000000245,6000002882
height,17071,85.707,MAC Field Scanner Field Plot 286 Season 2,FALSE,Maricopa,6000000245,6000002882
height,17021,31.505,MAC Field Scanner Field Plot 616 Season 2,FALSE,Maricopa,6000000245,6000003212
height,17024,30.844,MAC Field Scanner Field Plot 616 Season 2,FALSE,Maricopa,6000000245,6000003212
height,17025,30.844,MAC Field Scanner Field Plot 616 Season 2,FALSE,Maricopa,6000000245,6000003212
height,17026,31.505,MAC Field Scanner Field Plot 616 Season 2,FALSE,Maricopa,6000000245,6000003212
height,17028,30.844,MAC Field Scanner Field Plot 616 Season 2,FALSE,Maricopa,6000000245,6000003212
height,17029,30.844,MAC Field Scanner Field Plot 616 Season 2,FALSE,Maricopa,6000000245,6000003212
height,17030,31.505,MAC Field Scanner Field Plot 616 Season 2,FALSE,Maricopa,6000000245,6000003212
height,17031,31.505,MAC Field Scanner Field Plot 616 Season 2,FALSE,Maricopa,6000000245,6000003212
height,17036,31.505,MAC Field Scanner Field Plot 616 Season 2,FALSE,Maricopa,6000000245,6000003212
height,17038,32.166,MAC Field Scanner Field Plot 616 Season 2,FALSE,Maricopa,6000000245,6000003212
height,17040,32.166,MAC Field Scanner Field Plot 616 Season 2,FALSE,Maricopa,6000000245,6000003212
height,17042,32.166,MAC Field Scanner Field Plot 616 Season 2,FALSE,Maricopa,6000000245,6000003212
height,17046,32.827,MAC Field Scanner Field Plot 616 Season 2,FALSE,Maricopa,6000000245,6000003212
height,17048,32.166,MAC Field Scanner Field Plot 616 Season 2,FALSE,Maricopa,6000000245,6000003212
height,17049,32.827,MAC Field Scanner Field Plot 616 Season 2,FALSE,Maricopa,6000000245,6000003212
height,17050,52.657,MAC Field Scanner Field Plot 616 Season 2,FALSE,Maricopa,6000000245,6000003212
height,17051,55.301,MAC Field Scanner Field Plot 616 Season 2,FALSE,Maricopa,6000000245,6000003212
height,17052,57.284,MAC Field Scanner Field Plot 616 Season 2,FALSE,Maricopa,6000000245,6000003212
height,17054,59.267,MAC Field Scanner Field Plot 616 Season 2,FALSE,Maricopa,6000000245,6000003212
height,17055,62.572,MAC Field Scanner Field Plot 616 Season 2,FALSE,Maricopa,6000000245,6000003212
height,17056,65.216,MAC Field Scanner Field Plot 616 Season 2,FALSE,Maricopa,6000000245,6000003212
height,17058,67.199,MAC Field Scanner Field Plot 616 Season 2,FALSE,Maricopa,6000000245,6000003212
height,17059,71.165,MAC Field Scanner Field Plot 616 Season 2,FALSE,Maricopa,6000000245,6000003212
height,17064,77.775,MAC Field Scanner Field Plot 616 Season 2,FALSE,Maricopa,6000000245,6000003212
height,17067,81.741,MAC Field Scanner Field Plot 616 Season 2,FALSE,Maricopa,6000000245,6000003212
height,17068,83.724,MAC Field Scanner Field Plot 616 Season 2,FALSE,Maricopa,6000000245,6000003212
height,17070,85.046,MAC Field Scanner Field Plot 616 Season 2,FALSE,Maricopa,6000000245,6000003212
height,17071,87.029,MAC Field Scanner Field Plot 616 Season 2,FALSE,Maricopa,6000000245,6000003212
height,17021,31.505,MAC Field Scanner Field Plot 617 Season 2,FALSE,Maricopa,6000000245,6000003213
height,17024,31.505,MAC Field Scanner Field Plot 617 Season 2,FALSE,Maricopa,6000000245,6000003213
height,17025,30.844,MAC Field Scanner Field Plot 617 Season 2,FALSE,Maricopa,6000000245,6000003213
height,17026,31.505,MAC Field Scanner Field Plot 617 Season 2,FALSE,Maricopa,6000000245,6000003213
height,17028,30.844,MAC Field Scanner Field Plot 617 Season 2,FALSE,Maricopa,6000000245,6000003213
height,17029,30.844,MAC Field Scanner Field Plot 617 Season 2,FALSE,Maricopa,6000000245,6000003213
height,17030,31.505,MAC Field Scanner Field Plot 617 Season 2,FALSE,Maricopa,6000000245,6000003213
height,17031,31.505,MAC Field Scanner Field Plot 617 Season 2,FALSE,Maricopa,6000000245,6000003213
height,17036,31.505,MAC Field Scanner Field Plot 617 Season 2,FALSE,Maricopa,6000000245,6000003213
height,17038,32.827,MAC Field Scanner Field Plot 617 Season 2,FALSE,Maricopa,6000000245,6000003213
height,17040,33.488,MAC Field Scanner Field Plot 617 Season 2,FALSE,Maricopa,6000000245,6000003213
height,17042,32.827,MAC Field Scanner Field Plot 617 Season 2,FALSE,Maricopa,6000000245,6000003213
height,17046,33.488,MAC Field Scanner Field Plot 617 Season 2,FALSE,Maricopa,6000000245,6000003213
height,17048,32.827,MAC Field Scanner Field Plot 617 Season 2,FALSE,Maricopa,6000000245,6000003213
height,17049,32.827,MAC Field Scanner Field Plot 617 Season 2,FALSE,Maricopa,6000000245,6000003213
height,17050,55.301,MAC Field Scanner Field Plot 617 Season 2,FALSE,Maricopa,6000000245,6000003213
height,17051,57.284,MAC Field Scanner Field Plot 617 Season 2,FALSE,Maricopa,6000000245,6000003213
height,17052,58.606,MAC Field Scanner Field Plot 617 Season 2,FALSE,Maricopa,6000000245,6000003213
height,17054,60.589,MAC Field Scanner Field Plot 617 Season 2,FALSE,Maricopa,6000000245,6000003213
height,17055,63.894,MAC Field Scanner Field Plot 617 Season 2,FALSE,Maricopa,6000000245,6000003213
height,17056,65.877,MAC Field Scanner Field Plot 617 Season 2,FALSE,Maricopa,6000000245,6000003213
height,17058,68.521,MAC Field Scanner Field Plot 617 Season 2,FALSE,Maricopa,6000000245,6000003213
height,17059,71.826,MAC Field Scanner Field Plot 617 Season 2,FALSE,Maricopa,6000000245,6000003213
height,17064,77.114,MAC Field Scanner Field Plot 617 Season 2,FALSE,Maricopa,6000000245,6000003213
height,17067,81.741,MAC Field Scanner Field Plot 617 Season 2,FALSE,Maricopa,6000000245,6000003213
height,17068,83.724,MAC Field Scanner Field Plot 617 Season 2,FALSE,Maricopa,6000000245,6000003213
height,17070,85.046,MAC Field Scanner Field Plot 617 Season 2,FALSE,Maricopa,6000000245,6000003213
height,17071,87.029,MAC Field Scanner Field Plot 617 Season 2,FALSE,Maricopa,6000000245,6000003213
height,17022,31.505,MAC Field Scanner Field Plot 381 Season 2,FALSE,Maricopa,6000000350,6000002977
height,17024,32.827,MAC Field Scanner Field Plot 381 Season 2,FALSE,Maricopa,6000000350,6000002977
height,17025,32.166,MAC Field Scanner Field Plot 381 Season 2,FALSE,Maricopa,6000000350,6000002977
height,17026,32.166,MAC Field Scanner Field Plot 381 Season 2,FALSE,Maricopa,6000000350,6000002977
height,17028,32.166,MAC Field Scanner Field Plot 381 Season 2,FALSE,Maricopa,6000000350,6000002977
height,17029,32.166,MAC Field Scanner Field Plot 381 Season 2,FALSE,Maricopa,6000000350,6000002977
height,17030,32.166,MAC Field Scanner Field Plot 381 Season 2,FALSE,Maricopa,6000000350,6000002977
height,17031,32.166,MAC Field Scanner Field Plot 381 Season 2,FALSE,Maricopa,6000000350,6000002977
height,17036,32.166,MAC Field Scanner Field Plot 381 Season 2,FALSE,Maricopa,6000000350,6000002977
height,17038,33.488,MAC Field Scanner Field Plot 381 Season 2,FALSE,Maricopa,6000000350,6000002977
height,17040,33.488,MAC Field Scanner Field Plot 381 Season 2,FALSE,Maricopa,6000000350,6000002977
height,17043,33.488,MAC Field Scanner Field Plot 381 Season 2,FALSE,Maricopa,6000000350,6000002977
height,17047,33.488,MAC Field Scanner Field Plot 381 Season 2,FALSE,Maricopa,6000000350,6000002977
height,17049,33.488,MAC Field Scanner Field Plot 381 Season 2,FALSE,Maricopa,6000000350,6000002977
height,17050,32.166,MAC Field Scanner Field Plot 381 Season 2,FALSE,Maricopa,6000000350,6000002977
height,17051,53.979,MAC Field Scanner Field Plot 381 Season 2,FALSE,Maricopa,6000000350,6000002977
height,17052,55.301,MAC Field Scanner Field Plot 381 Season 2,FALSE,Maricopa,6000000350,6000002977
height,17053,57.284,MAC Field Scanner Field Plot 381 Season 2,FALSE,Maricopa,6000000350,6000002977
height,17054,58.606,MAC Field Scanner Field Plot 381 Season 2,FALSE,Maricopa,6000000350,6000002977
height,17055,61.25,MAC Field Scanner Field Plot 381 Season 2,FALSE,Maricopa,6000000350,6000002977
height,17056,63.233,MAC Field Scanner Field Plot 381 Season 2,FALSE,Maricopa,6000000350,6000002977
height,17058,62.572,MAC Field Scanner Field Plot 381 Season 2,FALSE,Maricopa,6000000350,6000002977
height,17061,65.216,MAC Field Scanner Field Plot 381 Season 2,FALSE,Maricopa,6000000350,6000002977
height,17064,66.538,MAC Field Scanner Field Plot 381 Season 2,FALSE,Maricopa,6000000350,6000002977
height,17067,68.521,MAC Field Scanner Field Plot 381 Season 2,FALSE,Maricopa,6000000350,6000002977
height,17069,69.843,MAC Field Scanner Field Plot 381 Season 2,FALSE,Maricopa,6000000350,6000002977
height,17070,70.504,MAC Field Scanner Field Plot 381 Season 2,FALSE,Maricopa,6000000350,6000002977
height,17071,71.826,MAC Field Scanner Field Plot 381 Season 2,FALSE,Maricopa,6000000350,6000002977
height,17022,32.166,MAC Field Scanner Field Plot 380 Season 2,FALSE,Maricopa,6000000350,6000002976
height,17024,32.166,MAC Field Scanner Field Plot 380 Season 2,FALSE,Maricopa,6000000350,6000002976
height,17025,31.505,MAC Field Scanner Field Plot 380 Season 2,FALSE,Maricopa,6000000350,6000002976
height,17026,32.166,MAC Field Scanner Field Plot 380 Season 2,FALSE,Maricopa,6000000350,6000002976
height,17028,31.505,MAC Field Scanner Field Plot 380 Season 2,FALSE,Maricopa,6000000350,6000002976
height,17029,31.505,MAC Field Scanner Field Plot 380 Season 2,FALSE,Maricopa,6000000350,6000002976
height,17030,31.505,MAC Field Scanner Field Plot 380 Season 2,FALSE,Maricopa,6000000350,6000002976
height,17031,32.166,MAC Field Scanner Field Plot 380 Season 2,FALSE,Maricopa,6000000350,6000002976
height,17036,32.166,MAC Field Scanner Field Plot 380 Season 2,FALSE,Maricopa,6000000350,6000002976
height,17038,32.827,MAC Field Scanner Field Plot 380 Season 2,FALSE,Maricopa,6000000350,6000002976
height,17040,32.827,MAC Field Scanner Field Plot 380 Season 2,FALSE,Maricopa,6000000350,6000002976
height,17043,32.827,MAC Field Scanner Field Plot 380 Season 2,FALSE,Maricopa,6000000350,6000002976
height,17047,33.488,MAC Field Scanner Field Plot 380 Season 2,FALSE,Maricopa,6000000350,6000002976
height,17049,32.827,MAC Field Scanner Field Plot 380 Season 2,FALSE,Maricopa,6000000350,6000002976
height,17050,33.488,MAC Field Scanner Field Plot 380 Season 2,FALSE,Maricopa,6000000350,6000002976
height,17051,53.979,MAC Field Scanner Field Plot 380 Season 2,FALSE,Maricopa,6000000350,6000002976
height,17052,55.301,MAC Field Scanner Field Plot 380 Season 2,FALSE,Maricopa,6000000350,6000002976
height,17053,55.962,MAC Field Scanner Field Plot 380 Season 2,FALSE,Maricopa,6000000350,6000002976
height,17054,58.606,MAC Field Scanner Field Plot 380 Season 2,FALSE,Maricopa,6000000350,6000002976
height,17055,61.25,MAC Field Scanner Field Plot 380 Season 2,FALSE,Maricopa,6000000350,6000002976
height,17056,63.233,MAC Field Scanner Field Plot 380 Season 2,FALSE,Maricopa,6000000350,6000002976
height,17058,63.233,MAC Field Scanner Field Plot 380 Season 2,FALSE,Maricopa,6000000350,6000002976
height,17061,65.216,MAC Field Scanner Field Plot 380 Season 2,FALSE,Maricopa,6000000350,6000002976
height,17064,66.538,MAC Field Scanner Field Plot 380 Season 2,FALSE,Maricopa,6000000350,6000002976
height,17067,68.521,MAC Field Scanner Field Plot 380 Season 2,FALSE,Maricopa,6000000350,6000002976
height,17069,69.843,MAC Field Scanner Field Plot 380 Season 2,FALSE,Maricopa,6000000350,6000002976
height,17070,70.504,MAC Field Scanner Field Plot 380 Season 2,FALSE,Maricopa,6000000350,6000002976
height,17071,71.165,MAC Field Scanner Field Plot 380 Season 2,FALSE,Maricopa,6000000350,6000002976
height,17021,31.505,MAC Field Scanner Field Plot 750 Season 2,FALSE,Maricopa,6000000350,6000003346
height,17023,32.827,MAC Field Scanner Field Plot 750 Season 2,FALSE,Maricopa,6000000350,6000003346
height,17024,32.166,MAC Field Scanner Field Plot 750 Season 2,FALSE,Maricopa,6000000350,6000003346
height,17025,32.166,MAC Field Scanner Field Plot 750 Season 2,FALSE,Maricopa,6000000350,6000003346
height,17026,31.505,MAC Field Scanner Field Plot 750 Season 2,FALSE,Maricopa,6000000350,6000003346
height,17027,32.166,MAC Field Scanner Field Plot 750 Season 2,FALSE,Maricopa,6000000350,6000003346
height,17028,32.166,MAC Field Scanner Field Plot 750 Season 2,FALSE,Maricopa,6000000350,6000003346
height,17029,32.166,MAC Field Scanner Field Plot 750 Season 2,FALSE,Maricopa,6000000350,6000003346
height,17030,31.505,MAC Field Scanner Field Plot 750 Season 2,FALSE,Maricopa,6000000350,6000003346
height,17031,31.505,MAC Field Scanner Field Plot 750 Season 2,FALSE,Maricopa,6000000350,6000003346
height,17036,31.505,MAC Field Scanner Field Plot 750 Season 2,FALSE,Maricopa,6000000350,6000003346
height,17037,31.505,MAC Field Scanner Field Plot 750 Season 2,FALSE,Maricopa,6000000350,6000003346
height,17038,32.827,MAC Field Scanner Field Plot 750 Season 2,FALSE,Maricopa,6000000350,6000003346
height,17040,32.827,MAC Field Scanner Field Plot 750 Season 2,FALSE,Maricopa,6000000350,6000003346
height,17042,33.488,MAC Field Scanner Field Plot 750 Season 2,FALSE,Maricopa,6000000350,6000003346
height,17046,33.488,MAC Field Scanner Field Plot 750 Season 2,FALSE,Maricopa,6000000350,6000003346
height,17048,33.488,MAC Field Scanner Field Plot 750 Season 2,FALSE,Maricopa,6000000350,6000003346
height,17049,33.488,MAC Field Scanner Field Plot 750 Season 2,FALSE,Maricopa,6000000350,6000003346
height,17050,49.352,MAC Field Scanner Field Plot 750 Season 2,FALSE,Maricopa,6000000350,6000003346
height,17051,51.335,MAC Field Scanner Field Plot 750 Season 2,FALSE,Maricopa,6000000350,6000003346
height,17052,52.657,MAC Field Scanner Field Plot 750 Season 2,FALSE,Maricopa,6000000350,6000003346
height,17054,55.301,MAC Field Scanner Field Plot 750 Season 2,FALSE,Maricopa,6000000350,6000003346
height,17055,57.945,MAC Field Scanner Field Plot 750 Season 2,FALSE,Maricopa,6000000350,6000003346
height,17056,59.267,MAC Field Scanner Field Plot 750 Season 2,FALSE,Maricopa,6000000350,6000003346
height,17057,60.589,MAC Field Scanner Field Plot 750 Season 2,FALSE,Maricopa,6000000350,6000003346
height,17059,62.572,MAC Field Scanner Field Plot 750 Season 2,FALSE,Maricopa,6000000350,6000003346
height,17064,65.877,MAC Field Scanner Field Plot 750 Season 2,FALSE,Maricopa,6000000350,6000003346
height,17066,66.538,MAC Field Scanner Field Plot 750 Season 2,FALSE,Maricopa,6000000350,6000003346
height,17068,67.86,MAC Field Scanner Field Plot 750 Season 2,FALSE,Maricopa,6000000350,6000003346
height,17069,67.86,MAC Field Scanner Field Plot 750 Season 2,FALSE,Maricopa,6000000350,6000003346
height,17070,69.182,MAC Field Scanner Field Plot 750 Season 2,FALSE,Maricopa,6000000350,6000003346
height,17071,63.894,MAC Field Scanner Field Plot 750 Season 2,FALSE,Maricopa,6000000350,6000003346
height,17072,69.843,MAC Field Scanner Field Plot 750 Season 2,FALSE,Maricopa,6000000350,6000003346
height,17021,32.827,MAC Field Scanner Field Plot 751 Season 2,FALSE,Maricopa,6000000350,6000003347
height,17024,32.827,MAC Field Scanner Field Plot 751 Season 2,FALSE,Maricopa,6000000350,6000003347
height,17025,32.827,MAC Field Scanner Field Plot 751 Season 2,FALSE,Maricopa,6000000350,6000003347
height,17026,32.166,MAC Field Scanner Field Plot 751 Season 2,FALSE,Maricopa,6000000350,6000003347
height,17027,32.166,MAC Field Scanner Field Plot 751 Season 2,FALSE,Maricopa,6000000350,6000003347
height,17028,32.827,MAC Field Scanner Field Plot 751 Season 2,FALSE,Maricopa,6000000350,6000003347
height,17029,32.166,MAC Field Scanner Field Plot 751 Season 2,FALSE,Maricopa,6000000350,6000003347
height,17030,32.166,MAC Field Scanner Field Plot 751 Season 2,FALSE,Maricopa,6000000350,6000003347
height,17031,32.827,MAC Field Scanner Field Plot 751 Season 2,FALSE,Maricopa,6000000350,6000003347
height,17036,32.827,MAC Field Scanner Field Plot 751 Season 2,FALSE,Maricopa,6000000350,6000003347
height,17037,40.098,MAC Field Scanner Field Plot 751 Season 2,FALSE,Maricopa,6000000350,6000003347
height,17038,34.149,MAC Field Scanner Field Plot 751 Season 2,FALSE,Maricopa,6000000350,6000003347
height,17040,33.488,MAC Field Scanner Field Plot 751 Season 2,FALSE,Maricopa,6000000350,6000003347
height,17042,33.488,MAC Field Scanner Field Plot 751 Season 2,FALSE,Maricopa,6000000350,6000003347
height,17046,33.488,MAC Field Scanner Field Plot 751 Season 2,FALSE,Maricopa,6000000350,6000003347
height,17048,33.488,MAC Field Scanner Field Plot 751 Season 2,FALSE,Maricopa,6000000350,6000003347
height,17049,33.488,MAC Field Scanner Field Plot 751 Season 2,FALSE,Maricopa,6000000350,6000003347
height,17050,49.352,MAC Field Scanner Field Plot 751 Season 2,FALSE,Maricopa,6000000350,6000003347
height,17051,51.335,MAC Field Scanner Field Plot 751 Season 2,FALSE,Maricopa,6000000350,6000003347
height,17052,55.962,MAC Field Scanner Field Plot 751 Season 2,FALSE,Maricopa,6000000350,6000003347
height,17054,57.284,MAC Field Scanner Field Plot 751 Season 2,FALSE,Maricopa,6000000350,6000003347
height,17055,59.267,MAC Field Scanner Field Plot 751 Season 2,FALSE,Maricopa,6000000350,6000003347
height,17056,60.589,MAC Field Scanner Field Plot 751 Season 2,FALSE,Maricopa,6000000350,6000003347
height,17057,61.911,MAC Field Scanner Field Plot 751 Season 2,FALSE,Maricopa,6000000350,6000003347
height,17059,63.233,MAC Field Scanner Field Plot 751 Season 2,FALSE,Maricopa,6000000350,6000003347
height,17064,66.538,MAC Field Scanner Field Plot 751 Season 2,FALSE,Maricopa,6000000350,6000003347
height,17066,67.86,MAC Field Scanner Field Plot 751 Season 2,FALSE,Maricopa,6000000350,6000003347
height,17068,68.521,MAC Field Scanner Field Plot 751 Season 2,FALSE,Maricopa,6000000350,6000003347
height,17069,67.86,MAC Field Scanner Field Plot 751 Season 2,FALSE,Maricopa,6000000350,6000003347
height,17070,69.843,MAC Field Scanner Field Plot 751 Season 2,FALSE,Maricopa,6000000350,6000003347
height,17071,66.538,MAC Field Scanner Field Plot 751 Season 2,FALSE,Maricopa,6000000350,6000003347
height,17072,72.487,MAC Field Scanner Field Plot 751 Season 2,FALSE,Maricopa,6000000350,6000003347
height,17022,30.844,MAC Field Scanner Field Plot 226 Season 2,FALSE,Maricopa,6000000351,6000002822
height,17024,32.166,MAC Field Scanner Field Plot 226 Season 2,FALSE,Maricopa,6000000351,6000002822
height,17025,31.505,MAC Field Scanner Field Plot 226 Season 2,FALSE,Maricopa,6000000351,6000002822
height,17026,30.844,MAC Field Scanner Field Plot 226 Season 2,FALSE,Maricopa,6000000351,6000002822
height,17027,31.505,MAC Field Scanner Field Plot 226 Season 2,FALSE,Maricopa,6000000351,6000002822
height,17028,31.505,MAC Field Scanner Field Plot 226 Season 2,FALSE,Maricopa,6000000351,6000002822
height,17029,32.166,MAC Field Scanner Field Plot 226 Season 2,FALSE,Maricopa,6000000351,6000002822
height,17030,32.166,MAC Field Scanner Field Plot 226 Season 2,FALSE,Maricopa,6000000351,6000002822
height,17031,31.505,MAC Field Scanner Field Plot 226 Season 2,FALSE,Maricopa,6000000351,6000002822
height,17037,31.505,MAC Field Scanner Field Plot 226 Season 2,FALSE,Maricopa,6000000351,6000002822
height,17040,32.827,MAC Field Scanner Field Plot 226 Season 2,FALSE,Maricopa,6000000351,6000002822
height,17043,32.827,MAC Field Scanner Field Plot 226 Season 2,FALSE,Maricopa,6000000351,6000002822
height,17047,33.488,MAC Field Scanner Field Plot 226 Season 2,FALSE,Maricopa,6000000351,6000002822
height,17049,33.488,MAC Field Scanner Field Plot 226 Season 2,FALSE,Maricopa,6000000351,6000002822
height,17050,33.488,MAC Field Scanner Field Plot 226 Season 2,FALSE,Maricopa,6000000351,6000002822
height,17051,55.962,MAC Field Scanner Field Plot 226 Season 2,FALSE,Maricopa,6000000351,6000002822
height,17052,57.284,MAC Field Scanner Field Plot 226 Season 2,FALSE,Maricopa,6000000351,6000002822
height,17053,59.928,MAC Field Scanner Field Plot 226 Season 2,FALSE,Maricopa,6000000351,6000002822
height,17054,62.572,MAC Field Scanner Field Plot 226 Season 2,FALSE,Maricopa,6000000351,6000002822
height,17056,65.216,MAC Field Scanner Field Plot 226 Season 2,FALSE,Maricopa,6000000351,6000002822
height,17057,65.877,MAC Field Scanner Field Plot 226 Season 2,FALSE,Maricopa,6000000351,6000002822
height,17058,66.538,MAC Field Scanner Field Plot 226 Season 2,FALSE,Maricopa,6000000351,6000002822
height,17061,69.182,MAC Field Scanner Field Plot 226 Season 2,FALSE,Maricopa,6000000351,6000002822
height,17064,71.826,MAC Field Scanner Field Plot 226 Season 2,FALSE,Maricopa,6000000351,6000002822
height,17067,78.436,MAC Field Scanner Field Plot 226 Season 2,FALSE,Maricopa,6000000351,6000002822
height,17069,79.758,MAC Field Scanner Field Plot 226 Season 2,FALSE,Maricopa,6000000351,6000002822
height,17070,80.419,MAC Field Scanner Field Plot 226 Season 2,FALSE,Maricopa,6000000351,6000002822
height,17071,76.453,MAC Field Scanner Field Plot 226 Season 2,FALSE,Maricopa,6000000351,6000002822
height,17022,31.505,MAC Field Scanner Field Plot 227 Season 2,FALSE,Maricopa,6000000351,6000002823
height,17024,32.166,MAC Field Scanner Field Plot 227 Season 2,FALSE,Maricopa,6000000351,6000002823
height,17025,31.505,MAC Field Scanner Field Plot 227 Season 2,FALSE,Maricopa,6000000351,6000002823
height,17026,31.505,MAC Field Scanner Field Plot 227 Season 2,FALSE,Maricopa,6000000351,6000002823
height,17027,31.505,MAC Field Scanner Field Plot 227 Season 2,FALSE,Maricopa,6000000351,6000002823
height,17028,31.505,MAC Field Scanner Field Plot 227 Season 2,FALSE,Maricopa,6000000351,6000002823
height,17029,31.505,MAC Field Scanner Field Plot 227 Season 2,FALSE,Maricopa,6000000351,6000002823
height,17030,31.505,MAC Field Scanner Field Plot 227 Season 2,FALSE,Maricopa,6000000351,6000002823
height,17031,32.827,MAC Field Scanner Field Plot 227 Season 2,FALSE,Maricopa,6000000351,6000002823
height,17037,31.505,MAC Field Scanner Field Plot 227 Season 2,FALSE,Maricopa,6000000351,6000002823
height,17040,34.149,MAC Field Scanner Field Plot 227 Season 2,FALSE,Maricopa,6000000351,6000002823
height,17043,34.149,MAC Field Scanner Field Plot 227 Season 2,FALSE,Maricopa,6000000351,6000002823
height,17047,34.149,MAC Field Scanner Field Plot 227 Season 2,FALSE,Maricopa,6000000351,6000002823
height,17049,34.81,MAC Field Scanner Field Plot 227 Season 2,FALSE,Maricopa,6000000351,6000002823
height,17050,34.81,MAC Field Scanner Field Plot 227 Season 2,FALSE,Maricopa,6000000351,6000002823
height,17051,57.284,MAC Field Scanner Field Plot 227 Season 2,FALSE,Maricopa,6000000351,6000002823
height,17052,57.284,MAC Field Scanner Field Plot 227 Season 2,FALSE,Maricopa,6000000351,6000002823
height,17053,59.928,MAC Field Scanner Field Plot 227 Season 2,FALSE,Maricopa,6000000351,6000002823
height,17054,62.572,MAC Field Scanner Field Plot 227 Season 2,FALSE,Maricopa,6000000351,6000002823
height,17056,63.894,MAC Field Scanner Field Plot 227 Season 2,FALSE,Maricopa,6000000351,6000002823
height,17057,64.555,MAC Field Scanner Field Plot 227 Season 2,FALSE,Maricopa,6000000351,6000002823
height,17058,65.216,MAC Field Scanner Field Plot 227 Season 2,FALSE,Maricopa,6000000351,6000002823
height,17061,67.86,MAC Field Scanner Field Plot 227 Season 2,FALSE,Maricopa,6000000351,6000002823
height,17064,69.182,MAC Field Scanner Field Plot 227 Season 2,FALSE,Maricopa,6000000351,6000002823
height,17067,73.148,MAC Field Scanner Field Plot 227 Season 2,FALSE,Maricopa,6000000351,6000002823
height,17069,74.47,MAC Field Scanner Field Plot 227 Season 2,FALSE,Maricopa,6000000351,6000002823
height,17070,75.792,MAC Field Scanner Field Plot 227 Season 2,FALSE,Maricopa,6000000351,6000002823
height,17071,77.775,MAC Field Scanner Field Plot 227 Season 2,FALSE,Maricopa,6000000351,6000002823
height,17022,31.505,MAC Field Scanner Field Plot 452 Season 2,FALSE,Maricopa,6000000351,6000003048
height,17024,32.166,MAC Field Scanner Field Plot 452 Season 2,FALSE,Maricopa,6000000351,6000003048
height,17026,32.166,MAC Field Scanner Field Plot 452 Season 2,FALSE,Maricopa,6000000351,6000003048
height,17028,31.505,MAC Field Scanner Field Plot 452 Season 2,FALSE,Maricopa,6000000351,6000003048
height,17029,31.505,MAC Field Scanner Field Plot 452 Season 2,FALSE,Maricopa,6000000351,6000003048
height,17030,32.166,MAC Field Scanner Field Plot 452 Season 2,FALSE,Maricopa,6000000351,6000003048
height,17036,31.505,MAC Field Scanner Field Plot 452 Season 2,FALSE,Maricopa,6000000351,6000003048
height,17038,33.488,MAC Field Scanner Field Plot 452 Season 2,FALSE,Maricopa,6000000351,6000003048
height,17040,33.488,MAC Field Scanner Field Plot 452 Season 2,FALSE,Maricopa,6000000351,6000003048
height,17042,32.827,MAC Field Scanner Field Plot 452 Season 2,FALSE,Maricopa,6000000351,6000003048
height,17046,32.827,MAC Field Scanner Field Plot 452 Season 2,FALSE,Maricopa,6000000351,6000003048
height,17049,32.827,MAC Field Scanner Field Plot 452 Season 2,FALSE,Maricopa,6000000351,6000003048
height,17051,55.301,MAC Field Scanner Field Plot 452 Season 2,FALSE,Maricopa,6000000351,6000003048
height,17053,57.945,MAC Field Scanner Field Plot 452 Season 2,FALSE,Maricopa,6000000351,6000003048
height,17054,61.25,MAC Field Scanner Field Plot 452 Season 2,FALSE,Maricopa,6000000351,6000003048
height,17055,64.555,MAC Field Scanner Field Plot 452 Season 2,FALSE,Maricopa,6000000351,6000003048
height,17056,66.538,MAC Field Scanner Field Plot 452 Season 2,FALSE,Maricopa,6000000351,6000003048
height,17058,66.538,MAC Field Scanner Field Plot 452 Season 2,FALSE,Maricopa,6000000351,6000003048
height,17061,69.843,MAC Field Scanner Field Plot 452 Season 2,FALSE,Maricopa,6000000351,6000003048
height,17064,72.487,MAC Field Scanner Field Plot 452 Season 2,FALSE,Maricopa,6000000351,6000003048
height,17067,75.131,MAC Field Scanner Field Plot 452 Season 2,FALSE,Maricopa,6000000351,6000003048
height,17069,76.453,MAC Field Scanner Field Plot 452 Season 2,FALSE,Maricopa,6000000351,6000003048
height,17070,77.775,MAC Field Scanner Field Plot 452 Season 2,FALSE,Maricopa,6000000351,6000003048
height,17071,77.775,MAC Field Scanner Field Plot 452 Season 2,FALSE,Maricopa,6000000351,6000003048
height,17022,31.505,MAC Field Scanner Field Plot 453 Season 2,FALSE,Maricopa,6000000351,6000003049
height,17024,32.166,MAC Field Scanner Field Plot 453 Season 2,FALSE,Maricopa,6000000351,6000003049
height,17026,31.505,MAC Field Scanner Field Plot 453 Season 2,FALSE,Maricopa,6000000351,6000003049
height,17028,31.505,MAC Field Scanner Field Plot 453 Season 2,FALSE,Maricopa,6000000351,6000003049
height,17029,31.505,MAC Field Scanner Field Plot 453 Season 2,FALSE,Maricopa,6000000351,6000003049
height,17030,32.166,MAC Field Scanner Field Plot 453 Season 2,FALSE,Maricopa,6000000351,6000003049
height,17036,31.505,MAC Field Scanner Field Plot 453 Season 2,FALSE,Maricopa,6000000351,6000003049
height,17038,33.488,MAC Field Scanner Field Plot 453 Season 2,FALSE,Maricopa,6000000351,6000003049
height,17040,33.488,MAC Field Scanner Field Plot 453 Season 2,FALSE,Maricopa,6000000351,6000003049
height,17042,33.488,MAC Field Scanner Field Plot 453 Season 2,FALSE,Maricopa,6000000351,6000003049
height,17046,34.81,MAC Field Scanner Field Plot 453 Season 2,FALSE,Maricopa,6000000351,6000003049
height,17049,34.149,MAC Field Scanner Field Plot 453 Season 2,FALSE,Maricopa,6000000351,6000003049
height,17051,59.267,MAC Field Scanner Field Plot 453 Season 2,FALSE,Maricopa,6000000351,6000003049
height,17053,61.911,MAC Field Scanner Field Plot 453 Season 2,FALSE,Maricopa,6000000351,6000003049
height,17054,64.555,MAC Field Scanner Field Plot 453 Season 2,FALSE,Maricopa,6000000351,6000003049
height,17055,66.538,MAC Field Scanner Field Plot 453 Season 2,FALSE,Maricopa,6000000351,6000003049
height,17056,68.521,MAC Field Scanner Field Plot 453 Season 2,FALSE,Maricopa,6000000351,6000003049
height,17058,68.521,MAC Field Scanner Field Plot 453 Season 2,FALSE,Maricopa,6000000351,6000003049
height,17061,71.165,MAC Field Scanner Field Plot 453 Season 2,FALSE,Maricopa,6000000351,6000003049
height,17064,73.809,MAC Field Scanner Field Plot 453 Season 2,FALSE,Maricopa,6000000351,6000003049
height,17067,77.114,MAC Field Scanner Field Plot 453 Season 2,FALSE,Maricopa,6000000351,6000003049
height,17069,79.097,MAC Field Scanner Field Plot 453 Season 2,FALSE,Maricopa,6000000351,6000003049
height,17070,80.419,MAC Field Scanner Field Plot 453 Season 2,FALSE,Maricopa,6000000351,6000003049
height,17071,83.063,MAC Field Scanner Field Plot 453 Season 2,FALSE,Maricopa,6000000351,6000003049
height,17022,31.505,MAC Field Scanner Field Plot 85 Season 2,FALSE,Maricopa,6000000352,6000002681
height,17025,32.166,MAC Field Scanner Field Plot 85 Season 2,FALSE,Maricopa,6000000352,6000002681
height,17026,32.166,MAC Field Scanner Field Plot 85 Season 2,FALSE,Maricopa,6000000352,6000002681
height,17027,31.505,MAC Field Scanner Field Plot 85 Season 2,FALSE,Maricopa,6000000352,6000002681
height,17028,32.166,MAC Field Scanner Field Plot 85 Season 2,FALSE,Maricopa,6000000352,6000002681
height,17029,31.505,MAC Field Scanner Field Plot 85 Season 2,FALSE,Maricopa,6000000352,6000002681
height,17030,32.166,MAC Field Scanner Field Plot 85 Season 2,FALSE,Maricopa,6000000352,6000002681
height,17031,32.166,MAC Field Scanner Field Plot 85 Season 2,FALSE,Maricopa,6000000352,6000002681
height,17037,32.166,MAC Field Scanner Field Plot 85 Season 2,FALSE,Maricopa,6000000352,6000002681
height,17039,33.488,MAC Field Scanner Field Plot 85 Season 2,FALSE,Maricopa,6000000352,6000002681
height,17040,32.827,MAC Field Scanner Field Plot 85 Season 2,FALSE,Maricopa,6000000352,6000002681
height,17043,33.488,MAC Field Scanner Field Plot 85 Season 2,FALSE,Maricopa,6000000352,6000002681
height,17047,33.488,MAC Field Scanner Field Plot 85 Season 2,FALSE,Maricopa,6000000352,6000002681
height,17049,33.488,MAC Field Scanner Field Plot 85 Season 2,FALSE,Maricopa,6000000352,6000002681
height,17050,33.488,MAC Field Scanner Field Plot 85 Season 2,FALSE,Maricopa,6000000352,6000002681
height,17051,59.928,MAC Field Scanner Field Plot 85 Season 2,FALSE,Maricopa,6000000352,6000002681
height,17052,61.911,MAC Field Scanner Field Plot 85 Season 2,FALSE,Maricopa,6000000352,6000002681
height,17053,65.216,MAC Field Scanner Field Plot 85 Season 2,FALSE,Maricopa,6000000352,6000002681
height,17054,69.182,MAC Field Scanner Field Plot 85 Season 2,FALSE,Maricopa,6000000352,6000002681
height,17056,73.148,MAC Field Scanner Field Plot 85 Season 2,FALSE,Maricopa,6000000352,6000002681
height,17057,74.47,MAC Field Scanner Field Plot 85 Season 2,FALSE,Maricopa,6000000352,6000002681
height,17058,75.792,MAC Field Scanner Field Plot 85 Season 2,FALSE,Maricopa,6000000352,6000002681
height,17061,79.758,MAC Field Scanner Field Plot 85 Season 2,FALSE,Maricopa,6000000352,6000002681
height,17064,81.741,MAC Field Scanner Field Plot 85 Season 2,FALSE,Maricopa,6000000352,6000002681
height,17067,86.368,MAC Field Scanner Field Plot 85 Season 2,FALSE,Maricopa,6000000352,6000002681
height,17069,87.69,MAC Field Scanner Field Plot 85 Season 2,FALSE,Maricopa,6000000352,6000002681
height,17070,88.351,MAC Field Scanner Field Plot 85 Season 2,FALSE,Maricopa,6000000352,6000002681
height,17071,89.012,MAC Field Scanner Field Plot 85 Season 2,FALSE,Maricopa,6000000352,6000002681
height,17022,31.505,MAC Field Scanner Field Plot 84 Season 2,FALSE,Maricopa,6000000352,6000002680
height,17025,31.505,MAC Field Scanner Field Plot 84 Season 2,FALSE,Maricopa,6000000352,6000002680
height,17026,31.505,MAC Field Scanner Field Plot 84 Season 2,FALSE,Maricopa,6000000352,6000002680
height,17027,31.505,MAC Field Scanner Field Plot 84 Season 2,FALSE,Maricopa,6000000352,6000002680
height,17028,31.505,MAC Field Scanner Field Plot 84 Season 2,FALSE,Maricopa,6000000352,6000002680
height,17029,31.505,MAC Field Scanner Field Plot 84 Season 2,FALSE,Maricopa,6000000352,6000002680
height,17030,31.505,MAC Field Scanner Field Plot 84 Season 2,FALSE,Maricopa,6000000352,6000002680
height,17031,31.505,MAC Field Scanner Field Plot 84 Season 2,FALSE,Maricopa,6000000352,6000002680
height,17037,31.505,MAC Field Scanner Field Plot 84 Season 2,FALSE,Maricopa,6000000352,6000002680
height,17039,33.488,MAC Field Scanner Field Plot 84 Season 2,FALSE,Maricopa,6000000352,6000002680
height,17040,33.488,MAC Field Scanner Field Plot 84 Season 2,FALSE,Maricopa,6000000352,6000002680
height,17043,33.488,MAC Field Scanner Field Plot 84 Season 2,FALSE,Maricopa,6000000352,6000002680
height,17047,33.488,MAC Field Scanner Field Plot 84 Season 2,FALSE,Maricopa,6000000352,6000002680
height,17049,33.488,MAC Field Scanner Field Plot 84 Season 2,FALSE,Maricopa,6000000352,6000002680
height,17050,33.488,MAC Field Scanner Field Plot 84 Season 2,FALSE,Maricopa,6000000352,6000002680
height,17051,59.267,MAC Field Scanner Field Plot 84 Season 2,FALSE,Maricopa,6000000352,6000002680
height,17052,61.911,MAC Field Scanner Field Plot 84 Season 2,FALSE,Maricopa,6000000352,6000002680
height,17053,65.216,MAC Field Scanner Field Plot 84 Season 2,FALSE,Maricopa,6000000352,6000002680
height,17054,67.86,MAC Field Scanner Field Plot 84 Season 2,FALSE,Maricopa,6000000352,6000002680
height,17056,71.826,MAC Field Scanner Field Plot 84 Season 2,FALSE,Maricopa,6000000352,6000002680
height,17057,73.809,MAC Field Scanner Field Plot 84 Season 2,FALSE,Maricopa,6000000352,6000002680
height,17058,75.792,MAC Field Scanner Field Plot 84 Season 2,FALSE,Maricopa,6000000352,6000002680
height,17061,79.758,MAC Field Scanner Field Plot 84 Season 2,FALSE,Maricopa,6000000352,6000002680
height,17064,81.08,MAC Field Scanner Field Plot 84 Season 2,FALSE,Maricopa,6000000352,6000002680
height,17067,87.029,MAC Field Scanner Field Plot 84 Season 2,FALSE,Maricopa,6000000352,6000002680
height,17069,88.351,MAC Field Scanner Field Plot 84 Season 2,FALSE,Maricopa,6000000352,6000002680
height,17070,89.012,MAC Field Scanner Field Plot 84 Season 2,FALSE,Maricopa,6000000352,6000002680
height,17071,90.334,MAC Field Scanner Field Plot 84 Season 2,FALSE,Maricopa,6000000352,6000002680
height,17021,31.505,MAC Field Scanner Field Plot 697 Season 2,FALSE,Maricopa,6000000352,6000003293
height,17024,31.505,MAC Field Scanner Field Plot 697 Season 2,FALSE,Maricopa,6000000352,6000003293
height,17025,31.505,MAC Field Scanner Field Plot 697 Season 2,FALSE,Maricopa,6000000352,6000003293
height,17026,31.505,MAC Field Scanner Field Plot 697 Season 2,FALSE,Maricopa,6000000352,6000003293
height,17027,31.505,MAC Field Scanner Field Plot 697 Season 2,FALSE,Maricopa,6000000352,6000003293
height,17028,31.505,MAC Field Scanner Field Plot 697 Season 2,FALSE,Maricopa,6000000352,6000003293
height,17029,31.505,MAC Field Scanner Field Plot 697 Season 2,FALSE,Maricopa,6000000352,6000003293
height,17030,32.166,MAC Field Scanner Field Plot 697 Season 2,FALSE,Maricopa,6000000352,6000003293
height,17031,32.166,MAC Field Scanner Field Plot 697 Season 2,FALSE,Maricopa,6000000352,6000003293
height,17036,32.166,MAC Field Scanner Field Plot 697 Season 2,FALSE,Maricopa,6000000352,6000003293
height,17037,31.505,MAC Field Scanner Field Plot 697 Season 2,FALSE,Maricopa,6000000352,6000003293
height,17038,32.827,MAC Field Scanner Field Plot 697 Season 2,FALSE,Maricopa,6000000352,6000003293
height,17040,32.827,MAC Field Scanner Field Plot 697 Season 2,FALSE,Maricopa,6000000352,6000003293
height,17042,33.488,MAC Field Scanner Field Plot 697 Season 2,FALSE,Maricopa,6000000352,6000003293
height,17046,34.149,MAC Field Scanner Field Plot 697 Season 2,FALSE,Maricopa,6000000352,6000003293
height,17048,33.488,MAC Field Scanner Field Plot 697 Season 2,FALSE,Maricopa,6000000352,6000003293
height,17049,33.488,MAC Field Scanner Field Plot 697 Season 2,FALSE,Maricopa,6000000352,6000003293
height,17050,58.606,MAC Field Scanner Field Plot 697 Season 2,FALSE,Maricopa,6000000352,6000003293
height,17051,61.911,MAC Field Scanner Field Plot 697 Season 2,FALSE,Maricopa,6000000352,6000003293
height,17052,63.233,MAC Field Scanner Field Plot 697 Season 2,FALSE,Maricopa,6000000352,6000003293
height,17054,66.538,MAC Field Scanner Field Plot 697 Season 2,FALSE,Maricopa,6000000352,6000003293
height,17055,68.521,MAC Field Scanner Field Plot 697 Season 2,FALSE,Maricopa,6000000352,6000003293
height,17056,73.148,MAC Field Scanner Field Plot 697 Season 2,FALSE,Maricopa,6000000352,6000003293
height,17057,74.47,MAC Field Scanner Field Plot 697 Season 2,FALSE,Maricopa,6000000352,6000003293
height,17059,77.114,MAC Field Scanner Field Plot 697 Season 2,FALSE,Maricopa,6000000352,6000003293
height,17064,81.741,MAC Field Scanner Field Plot 697 Season 2,FALSE,Maricopa,6000000352,6000003293
height,17066,85.046,MAC Field Scanner Field Plot 697 Season 2,FALSE,Maricopa,6000000352,6000003293
height,17068,87.029,MAC Field Scanner Field Plot 697 Season 2,FALSE,Maricopa,6000000352,6000003293
height,17069,88.351,MAC Field Scanner Field Plot 697 Season 2,FALSE,Maricopa,6000000352,6000003293
height,17071,89.012,MAC Field Scanner Field Plot 697 Season 2,FALSE,Maricopa,6000000352,6000003293
height,17072,90.334,MAC Field Scanner Field Plot 697 Season 2,FALSE,Maricopa,6000000352,6000003293
height,17021,31.505,MAC Field Scanner Field Plot 696 Season 2,FALSE,Maricopa,6000000352,6000003292
height,17024,32.827,MAC Field Scanner Field Plot 696 Season 2,FALSE,Maricopa,6000000352,6000003292
height,17025,32.166,MAC Field Scanner Field Plot 696 Season 2,FALSE,Maricopa,6000000352,6000003292
height,17026,32.166,MAC Field Scanner Field Plot 696 Season 2,FALSE,Maricopa,6000000352,6000003292
height,17027,31.505,MAC Field Scanner Field Plot 696 Season 2,FALSE,Maricopa,6000000352,6000003292
height,17028,32.166,MAC Field Scanner Field Plot 696 Season 2,FALSE,Maricopa,6000000352,6000003292
height,17029,32.166,MAC Field Scanner Field Plot 696 Season 2,FALSE,Maricopa,6000000352,6000003292
height,17030,32.166,MAC Field Scanner Field Plot 696 Season 2,FALSE,Maricopa,6000000352,6000003292
height,17031,32.166,MAC Field Scanner Field Plot 696 Season 2,FALSE,Maricopa,6000000352,6000003292
height,17036,32.166,MAC Field Scanner Field Plot 696 Season 2,FALSE,Maricopa,6000000352,6000003292
height,17037,32.166,MAC Field Scanner Field Plot 696 Season 2,FALSE,Maricopa,6000000352,6000003292
height,17038,34.149,MAC Field Scanner Field Plot 696 Season 2,FALSE,Maricopa,6000000352,6000003292
height,17040,34.149,MAC Field Scanner Field Plot 696 Season 2,FALSE,Maricopa,6000000352,6000003292
height,17042,34.149,MAC Field Scanner Field Plot 696 Season 2,FALSE,Maricopa,6000000352,6000003292
height,17046,34.81,MAC Field Scanner Field Plot 696 Season 2,FALSE,Maricopa,6000000352,6000003292
height,17048,34.149,MAC Field Scanner Field Plot 696 Season 2,FALSE,Maricopa,6000000352,6000003292
height,17049,34.149,MAC Field Scanner Field Plot 696 Season 2,FALSE,Maricopa,6000000352,6000003292
height,17050,54.64,MAC Field Scanner Field Plot 696 Season 2,FALSE,Maricopa,6000000352,6000003292
height,17051,57.284,MAC Field Scanner Field Plot 696 Season 2,FALSE,Maricopa,6000000352,6000003292
height,17052,59.928,MAC Field Scanner Field Plot 696 Season 2,FALSE,Maricopa,6000000352,6000003292
height,17054,63.233,MAC Field Scanner Field Plot 696 Season 2,FALSE,Maricopa,6000000352,6000003292
height,17055,65.877,MAC Field Scanner Field Plot 696 Season 2,FALSE,Maricopa,6000000352,6000003292
height,17056,70.504,MAC Field Scanner Field Plot 696 Season 2,FALSE,Maricopa,6000000352,6000003292
height,17057,71.165,MAC Field Scanner Field Plot 696 Season 2,FALSE,Maricopa,6000000352,6000003292
height,17059,75.131,MAC Field Scanner Field Plot 696 Season 2,FALSE,Maricopa,6000000352,6000003292
height,17064,79.097,MAC Field Scanner Field Plot 696 Season 2,FALSE,Maricopa,6000000352,6000003292
height,17066,83.063,MAC Field Scanner Field Plot 696 Season 2,FALSE,Maricopa,6000000352,6000003292
height,17068,85.046,MAC Field Scanner Field Plot 696 Season 2,FALSE,Maricopa,6000000352,6000003292
height,17069,85.707,MAC Field Scanner Field Plot 696 Season 2,FALSE,Maricopa,6000000352,6000003292
height,17071,86.368,MAC Field Scanner Field Plot 696 Season 2,FALSE,Maricopa,6000000352,6000003292
height,17072,87.69,MAC Field Scanner Field Plot 696 Season 2,FALSE,Maricopa,6000000352,6000003292
height,17022,30.844,MAC Field Scanner Field Plot 341 Season 2,FALSE,Maricopa,6000000353,6000002937
height,17024,31.505,MAC Field Scanner Field Plot 341 Season 2,FALSE,Maricopa,6000000353,6000002937
height,17025,30.844,MAC Field Scanner Field Plot 341 Season 2,FALSE,Maricopa,6000000353,6000002937
height,17026,31.505,MAC Field Scanner Field Plot 341 Season 2,FALSE,Maricopa,6000000353,6000002937
height,17028,30.844,MAC Field Scanner Field Plot 341 Season 2,FALSE,Maricopa,6000000353,6000002937
height,17029,30.844,MAC Field Scanner Field Plot 341 Season 2,FALSE,Maricopa,6000000353,6000002937
height,17030,30.844,MAC Field Scanner Field Plot 341 Season 2,FALSE,Maricopa,6000000353,6000002937
height,17031,31.505,MAC Field Scanner Field Plot 341 Season 2,FALSE,Maricopa,6000000353,6000002937
height,17037,30.844,MAC Field Scanner Field Plot 341 Season 2,FALSE,Maricopa,6000000353,6000002937
height,17038,32.166,MAC Field Scanner Field Plot 341 Season 2,FALSE,Maricopa,6000000353,6000002937
height,17040,32.166,MAC Field Scanner Field Plot 341 Season 2,FALSE,Maricopa,6000000353,6000002937
height,17043,32.166,MAC Field Scanner Field Plot 341 Season 2,FALSE,Maricopa,6000000353,6000002937
height,17047,32.827,MAC Field Scanner Field Plot 341 Season 2,FALSE,Maricopa,6000000353,6000002937
height,17049,32.827,MAC Field Scanner Field Plot 341 Season 2,FALSE,Maricopa,6000000353,6000002937
height,17050,32.827,MAC Field Scanner Field Plot 341 Season 2,FALSE,Maricopa,6000000353,6000002937
height,17051,56.623,MAC Field Scanner Field Plot 341 Season 2,FALSE,Maricopa,6000000353,6000002937
height,17052,57.945,MAC Field Scanner Field Plot 341 Season 2,FALSE,Maricopa,6000000353,6000002937
height,17053,60.589,MAC Field Scanner Field Plot 341 Season 2,FALSE,Maricopa,6000000353,6000002937
height,17054,63.233,MAC Field Scanner Field Plot 341 Season 2,FALSE,Maricopa,6000000353,6000002937
height,17057,68.521,MAC Field Scanner Field Plot 341 Season 2,FALSE,Maricopa,6000000353,6000002937
height,17058,69.843,MAC Field Scanner Field Plot 341 Season 2,FALSE,Maricopa,6000000353,6000002937
height,17061,72.487,MAC Field Scanner Field Plot 341 Season 2,FALSE,Maricopa,6000000353,6000002937
height,17064,73.148,MAC Field Scanner Field Plot 341 Season 2,FALSE,Maricopa,6000000353,6000002937
height,17067,75.792,MAC Field Scanner Field Plot 341 Season 2,FALSE,Maricopa,6000000353,6000002937
height,17069,77.775,MAC Field Scanner Field Plot 341 Season 2,FALSE,Maricopa,6000000353,6000002937
height,17070,79.097,MAC Field Scanner Field Plot 341 Season 2,FALSE,Maricopa,6000000353,6000002937
height,17071,80.419,MAC Field Scanner Field Plot 341 Season 2,FALSE,Maricopa,6000000353,6000002937
height,17022,30.844,MAC Field Scanner Field Plot 340 Season 2,FALSE,Maricopa,6000000353,6000002936
height,17024,32.166,MAC Field Scanner Field Plot 340 Season 2,FALSE,Maricopa,6000000353,6000002936
height,17025,31.505,MAC Field Scanner Field Plot 340 Season 2,FALSE,Maricopa,6000000353,6000002936
height,17026,30.844,MAC Field Scanner Field Plot 340 Season 2,FALSE,Maricopa,6000000353,6000002936
height,17028,31.505,MAC Field Scanner Field Plot 340 Season 2,FALSE,Maricopa,6000000353,6000002936
height,17029,31.505,MAC Field Scanner Field Plot 340 Season 2,FALSE,Maricopa,6000000353,6000002936
height,17030,31.505,MAC Field Scanner Field Plot 340 Season 2,FALSE,Maricopa,6000000353,6000002936
height,17031,30.844,MAC Field Scanner Field Plot 340 Season 2,FALSE,Maricopa,6000000353,6000002936
height,17037,31.505,MAC Field Scanner Field Plot 340 Season 2,FALSE,Maricopa,6000000353,6000002936
height,17038,33.488,MAC Field Scanner Field Plot 340 Season 2,FALSE,Maricopa,6000000353,6000002936
height,17040,33.488,MAC Field Scanner Field Plot 340 Season 2,FALSE,Maricopa,6000000353,6000002936
height,17043,33.488,MAC Field Scanner Field Plot 340 Season 2,FALSE,Maricopa,6000000353,6000002936
height,17047,33.488,MAC Field Scanner Field Plot 340 Season 2,FALSE,Maricopa,6000000353,6000002936
height,17049,33.488,MAC Field Scanner Field Plot 340 Season 2,FALSE,Maricopa,6000000353,6000002936
height,17050,33.488,MAC Field Scanner Field Plot 340 Season 2,FALSE,Maricopa,6000000353,6000002936
height,17051,55.301,MAC Field Scanner Field Plot 340 Season 2,FALSE,Maricopa,6000000353,6000002936
height,17052,56.623,MAC Field Scanner Field Plot 340 Season 2,FALSE,Maricopa,6000000353,6000002936
height,17053,59.267,MAC Field Scanner Field Plot 340 Season 2,FALSE,Maricopa,6000000353,6000002936
height,17054,61.25,MAC Field Scanner Field Plot 340 Season 2,FALSE,Maricopa,6000000353,6000002936
height,17055,64.555,MAC Field Scanner Field Plot 340 Season 2,FALSE,Maricopa,6000000353,6000002936
height,17057,67.199,MAC Field Scanner Field Plot 340 Season 2,FALSE,Maricopa,6000000353,6000002936
height,17058,68.521,MAC Field Scanner Field Plot 340 Season 2,FALSE,Maricopa,6000000353,6000002936
height,17061,71.165,MAC Field Scanner Field Plot 340 Season 2,FALSE,Maricopa,6000000353,6000002936
height,17064,73.148,MAC Field Scanner Field Plot 340 Season 2,FALSE,Maricopa,6000000353,6000002936
height,17067,75.131,MAC Field Scanner Field Plot 340 Season 2,FALSE,Maricopa,6000000353,6000002936
height,17069,76.453,MAC Field Scanner Field Plot 340 Season 2,FALSE,Maricopa,6000000353,6000002936
height,17070,77.775,MAC Field Scanner Field Plot 340 Season 2,FALSE,Maricopa,6000000353,6000002936
height,17071,79.097,MAC Field Scanner Field Plot 340 Season 2,FALSE,Maricopa,6000000353,6000002936
height,17021,31.505,MAC Field Scanner Field Plot 603 Season 2,FALSE,Maricopa,6000000353,6000003199
height,17024,31.505,MAC Field Scanner Field Plot 603 Season 2,FALSE,Maricopa,6000000353,6000003199
height,17026,32.166,MAC Field Scanner Field Plot 603 Season 2,FALSE,Maricopa,6000000353,6000003199
height,17028,31.505,MAC Field Scanner Field Plot 603 Season 2,FALSE,Maricopa,6000000353,6000003199
height,17029,31.505,MAC Field Scanner Field Plot 603 Season 2,FALSE,Maricopa,6000000353,6000003199
height,17030,31.505,MAC Field Scanner Field Plot 603 Season 2,FALSE,Maricopa,6000000353,6000003199
height,17031,30.844,MAC Field Scanner Field Plot 603 Season 2,FALSE,Maricopa,6000000353,6000003199
height,17036,31.505,MAC Field Scanner Field Plot 603 Season 2,FALSE,Maricopa,6000000353,6000003199
height,17038,32.827,MAC Field Scanner Field Plot 603 Season 2,FALSE,Maricopa,6000000353,6000003199
height,17040,32.827,MAC Field Scanner Field Plot 603 Season 2,FALSE,Maricopa,6000000353,6000003199
height,17042,33.488,MAC Field Scanner Field Plot 603 Season 2,FALSE,Maricopa,6000000353,6000003199
height,17046,34.149,MAC Field Scanner Field Plot 603 Season 2,FALSE,Maricopa,6000000353,6000003199
height,17048,34.149,MAC Field Scanner Field Plot 603 Season 2,FALSE,Maricopa,6000000353,6000003199
height,17049,34.149,MAC Field Scanner Field Plot 603 Season 2,FALSE,Maricopa,6000000353,6000003199
height,17050,58.606,MAC Field Scanner Field Plot 603 Season 2,FALSE,Maricopa,6000000353,6000003199
height,17051,60.589,MAC Field Scanner Field Plot 603 Season 2,FALSE,Maricopa,6000000353,6000003199
height,17052,61.911,MAC Field Scanner Field Plot 603 Season 2,FALSE,Maricopa,6000000353,6000003199
height,17054,64.555,MAC Field Scanner Field Plot 603 Season 2,FALSE,Maricopa,6000000353,6000003199
height,17055,68.521,MAC Field Scanner Field Plot 603 Season 2,FALSE,Maricopa,6000000353,6000003199
height,17056,70.504,MAC Field Scanner Field Plot 603 Season 2,FALSE,Maricopa,6000000353,6000003199
height,17058,72.487,MAC Field Scanner Field Plot 603 Season 2,FALSE,Maricopa,6000000353,6000003199
height,17059,74.47,MAC Field Scanner Field Plot 603 Season 2,FALSE,Maricopa,6000000353,6000003199
height,17064,77.114,MAC Field Scanner Field Plot 603 Season 2,FALSE,Maricopa,6000000353,6000003199
height,17067,79.758,MAC Field Scanner Field Plot 603 Season 2,FALSE,Maricopa,6000000353,6000003199
height,17068,80.419,MAC Field Scanner Field Plot 603 Season 2,FALSE,Maricopa,6000000353,6000003199
height,17070,82.402,MAC Field Scanner Field Plot 603 Season 2,FALSE,Maricopa,6000000353,6000003199
height,17071,83.724,MAC Field Scanner Field Plot 603 Season 2,FALSE,Maricopa,6000000353,6000003199
height,17021,31.505,MAC Field Scanner Field Plot 602 Season 2,FALSE,Maricopa,6000000353,6000003198
height,17024,32.166,MAC Field Scanner Field Plot 602 Season 2,FALSE,Maricopa,6000000353,6000003198
height,17026,31.505,MAC Field Scanner Field Plot 602 Season 2,FALSE,Maricopa,6000000353,6000003198
height,17028,30.844,MAC Field Scanner Field Plot 602 Season 2,FALSE,Maricopa,6000000353,6000003198
height,17029,30.844,MAC Field Scanner Field Plot 602 Season 2,FALSE,Maricopa,6000000353,6000003198
height,17030,31.505,MAC Field Scanner Field Plot 602 Season 2,FALSE,Maricopa,6000000353,6000003198
height,17031,31.505,MAC Field Scanner Field Plot 602 Season 2,FALSE,Maricopa,6000000353,6000003198
height,17036,31.505,MAC Field Scanner Field Plot 602 Season 2,FALSE,Maricopa,6000000353,6000003198
height,17038,33.488,MAC Field Scanner Field Plot 602 Season 2,FALSE,Maricopa,6000000353,6000003198
height,17040,33.488,MAC Field Scanner Field Plot 602 Season 2,FALSE,Maricopa,6000000353,6000003198
height,17042,33.488,MAC Field Scanner Field Plot 602 Season 2,FALSE,Maricopa,6000000353,6000003198
height,17046,33.488,MAC Field Scanner Field Plot 602 Season 2,FALSE,Maricopa,6000000353,6000003198
height,17048,33.488,MAC Field Scanner Field Plot 602 Season 2,FALSE,Maricopa,6000000353,6000003198
height,17049,33.488,MAC Field Scanner Field Plot 602 Season 2,FALSE,Maricopa,6000000353,6000003198
height,17050,59.267,MAC Field Scanner Field Plot 602 Season 2,FALSE,Maricopa,6000000353,6000003198
height,17051,61.25,MAC Field Scanner Field Plot 602 Season 2,FALSE,Maricopa,6000000353,6000003198
height,17052,63.894,MAC Field Scanner Field Plot 602 Season 2,FALSE,Maricopa,6000000353,6000003198
height,17054,66.538,MAC Field Scanner Field Plot 602 Season 2,FALSE,Maricopa,6000000353,6000003198
height,17055,69.843,MAC Field Scanner Field Plot 602 Season 2,FALSE,Maricopa,6000000353,6000003198
height,17056,72.487,MAC Field Scanner Field Plot 602 Season 2,FALSE,Maricopa,6000000353,6000003198
height,17058,73.148,MAC Field Scanner Field Plot 602 Season 2,FALSE,Maricopa,6000000353,6000003198
height,17059,75.131,MAC Field Scanner Field Plot 602 Season 2,FALSE,Maricopa,6000000353,6000003198
height,17064,77.114,MAC Field Scanner Field Plot 602 Season 2,FALSE,Maricopa,6000000353,6000003198
height,17067,81.08,MAC Field Scanner Field Plot 602 Season 2,FALSE,Maricopa,6000000353,6000003198
height,17068,83.724,MAC Field Scanner Field Plot 602 Season 2,FALSE,Maricopa,6000000353,6000003198
height,17070,85.046,MAC Field Scanner Field Plot 602 Season 2,FALSE,Maricopa,6000000353,6000003198
height,17071,85.707,MAC Field Scanner Field Plot 602 Season 2,FALSE,Maricopa,6000000353,6000003198
height,17022,31.505,MAC Field Scanner Field Plot 204 Season 2,FALSE,Maricopa,6000000354,6000002800
height,17024,32.166,MAC Field Scanner Field Plot 204 Season 2,FALSE,Maricopa,6000000354,6000002800
height,17025,31.505,MAC Field Scanner Field Plot 204 Season 2,FALSE,Maricopa,6000000354,6000002800
height,17026,31.505,MAC Field Scanner Field Plot 204 Season 2,FALSE,Maricopa,6000000354,6000002800
height,17027,31.505,MAC Field Scanner Field Plot 204 Season 2,FALSE,Maricopa,6000000354,6000002800
height,17028,30.844,MAC Field Scanner Field Plot 204 Season 2,FALSE,Maricopa,6000000354,6000002800
height,17029,31.505,MAC Field Scanner Field Plot 204 Season 2,FALSE,Maricopa,6000000354,6000002800
height,17030,31.505,MAC Field Scanner Field Plot 204 Season 2,FALSE,Maricopa,6000000354,6000002800
height,17031,31.505,MAC Field Scanner Field Plot 204 Season 2,FALSE,Maricopa,6000000354,6000002800
height,17037,31.505,MAC Field Scanner Field Plot 204 Season 2,FALSE,Maricopa,6000000354,6000002800
height,17039,34.149,MAC Field Scanner Field Plot 204 Season 2,FALSE,Maricopa,6000000354,6000002800
height,17040,34.149,MAC Field Scanner Field Plot 204 Season 2,FALSE,Maricopa,6000000354,6000002800
height,17043,33.488,MAC Field Scanner Field Plot 204 Season 2,FALSE,Maricopa,6000000354,6000002800
height,17047,34.149,MAC Field Scanner Field Plot 204 Season 2,FALSE,Maricopa,6000000354,6000002800
height,17049,34.149,MAC Field Scanner Field Plot 204 Season 2,FALSE,Maricopa,6000000354,6000002800
height,17050,34.149,MAC Field Scanner Field Plot 204 Season 2,FALSE,Maricopa,6000000354,6000002800
height,17051,60.589,MAC Field Scanner Field Plot 204 Season 2,FALSE,Maricopa,6000000354,6000002800
height,17052,61.911,MAC Field Scanner Field Plot 204 Season 2,FALSE,Maricopa,6000000354,6000002800
height,17053,64.555,MAC Field Scanner Field Plot 204 Season 2,FALSE,Maricopa,6000000354,6000002800
height,17054,67.199,MAC Field Scanner Field Plot 204 Season 2,FALSE,Maricopa,6000000354,6000002800
height,17056,70.504,MAC Field Scanner Field Plot 204 Season 2,FALSE,Maricopa,6000000354,6000002800
height,17057,73.148,MAC Field Scanner Field Plot 204 Season 2,FALSE,Maricopa,6000000354,6000002800
height,17058,74.47,MAC Field Scanner Field Plot 204 Season 2,FALSE,Maricopa,6000000354,6000002800
height,17061,79.097,MAC Field Scanner Field Plot 204 Season 2,FALSE,Maricopa,6000000354,6000002800
height,17064,81.741,MAC Field Scanner Field Plot 204 Season 2,FALSE,Maricopa,6000000354,6000002800
height,17067,84.385,MAC Field Scanner Field Plot 204 Season 2,FALSE,Maricopa,6000000354,6000002800
height,17069,87.029,MAC Field Scanner Field Plot 204 Season 2,FALSE,Maricopa,6000000354,6000002800
height,17070,87.69,MAC Field Scanner Field Plot 204 Season 2,FALSE,Maricopa,6000000354,6000002800
height,17071,89.012,MAC Field Scanner Field Plot 204 Season 2,FALSE,Maricopa,6000000354,6000002800
height,17022,30.844,MAC Field Scanner Field Plot 205 Season 2,FALSE,Maricopa,6000000354,6000002801
height,17024,32.166,MAC Field Scanner Field Plot 205 Season 2,FALSE,Maricopa,6000000354,6000002801
height,17025,30.844,MAC Field Scanner Field Plot 205 Season 2,FALSE,Maricopa,6000000354,6000002801
height,17026,30.844,MAC Field Scanner Field Plot 205 Season 2,FALSE,Maricopa,6000000354,6000002801
height,17027,30.844,MAC Field Scanner Field Plot 205 Season 2,FALSE,Maricopa,6000000354,6000002801
height,17028,30.844,MAC Field Scanner Field Plot 205 Season 2,FALSE,Maricopa,6000000354,6000002801
height,17029,30.844,MAC Field Scanner Field Plot 205 Season 2,FALSE,Maricopa,6000000354,6000002801
height,17030,30.844,MAC Field Scanner Field Plot 205 Season 2,FALSE,Maricopa,6000000354,6000002801
height,17031,30.844,MAC Field Scanner Field Plot 205 Season 2,FALSE,Maricopa,6000000354,6000002801
height,17037,31.505,MAC Field Scanner Field Plot 205 Season 2,FALSE,Maricopa,6000000354,6000002801
height,17039,34.149,MAC Field Scanner Field Plot 205 Season 2,FALSE,Maricopa,6000000354,6000002801
height,17040,34.149,MAC Field Scanner Field Plot 205 Season 2,FALSE,Maricopa,6000000354,6000002801
height,17043,34.149,MAC Field Scanner Field Plot 205 Season 2,FALSE,Maricopa,6000000354,6000002801
height,17047,33.488,MAC Field Scanner Field Plot 205 Season 2,FALSE,Maricopa,6000000354,6000002801
height,17049,34.149,MAC Field Scanner Field Plot 205 Season 2,FALSE,Maricopa,6000000354,6000002801
height,17050,34.149,MAC Field Scanner Field Plot 205 Season 2,FALSE,Maricopa,6000000354,6000002801
height,17051,57.284,MAC Field Scanner Field Plot 205 Season 2,FALSE,Maricopa,6000000354,6000002801
height,17052,59.267,MAC Field Scanner Field Plot 205 Season 2,FALSE,Maricopa,6000000354,6000002801
height,17053,61.911,MAC Field Scanner Field Plot 205 Season 2,FALSE,Maricopa,6000000354,6000002801
height,17054,64.555,MAC Field Scanner Field Plot 205 Season 2,FALSE,Maricopa,6000000354,6000002801
height,17056,67.86,MAC Field Scanner Field Plot 205 Season 2,FALSE,Maricopa,6000000354,6000002801
height,17057,70.504,MAC Field Scanner Field Plot 205 Season 2,FALSE,Maricopa,6000000354,6000002801
height,17058,72.487,MAC Field Scanner Field Plot 205 Season 2,FALSE,Maricopa,6000000354,6000002801
height,17061,77.114,MAC Field Scanner Field Plot 205 Season 2,FALSE,Maricopa,6000000354,6000002801
height,17064,80.419,MAC Field Scanner Field Plot 205 Season 2,FALSE,Maricopa,6000000354,6000002801
height,17067,85.046,MAC Field Scanner Field Plot 205 Season 2,FALSE,Maricopa,6000000354,6000002801
height,17069,87.69,MAC Field Scanner Field Plot 205 Season 2,FALSE,Maricopa,6000000354,6000002801
height,17070,87.029,MAC Field Scanner Field Plot 205 Season 2,FALSE,Maricopa,6000000354,6000002801
height,17071,89.673,MAC Field Scanner Field Plot 205 Season 2,FALSE,Maricopa,6000000354,6000002801
height,17027,32.827,MAC Field Scanner Field Plot 825 Season 2,FALSE,Maricopa,6000000354,6000003421
height,17037,32.827,MAC Field Scanner Field Plot 825 Season 2,FALSE,Maricopa,6000000354,6000003421
height,17046,34.149,MAC Field Scanner Field Plot 825 Season 2,FALSE,Maricopa,6000000354,6000003421
height,17050,49.352,MAC Field Scanner Field Plot 825 Season 2,FALSE,Maricopa,6000000354,6000003421
height,17051,53.979,MAC Field Scanner Field Plot 825 Season 2,FALSE,Maricopa,6000000354,6000003421
height,17054,57.945,MAC Field Scanner Field Plot 825 Season 2,FALSE,Maricopa,6000000354,6000003421
height,17068,78.436,MAC Field Scanner Field Plot 825 Season 2,FALSE,Maricopa,6000000354,6000003421
height,17069,80.419,MAC Field Scanner Field Plot 825 Season 2,FALSE,Maricopa,6000000354,6000003421
height,17027,31.505,MAC Field Scanner Field Plot 824 Season 2,FALSE,Maricopa,6000000354,6000003420
height,17037,30.844,MAC Field Scanner Field Plot 824 Season 2,FALSE,Maricopa,6000000354,6000003420
height,17046,33.488,MAC Field Scanner Field Plot 824 Season 2,FALSE,Maricopa,6000000354,6000003420
height,17050,52.657,MAC Field Scanner Field Plot 824 Season 2,FALSE,Maricopa,6000000354,6000003420
height,17051,56.623,MAC Field Scanner Field Plot 824 Season 2,FALSE,Maricopa,6000000354,6000003420
height,17054,61.25,MAC Field Scanner Field Plot 824 Season 2,FALSE,Maricopa,6000000354,6000003420
height,17068,81.08,MAC Field Scanner Field Plot 824 Season 2,FALSE,Maricopa,6000000354,6000003420
height,17069,83.724,MAC Field Scanner Field Plot 824 Season 2,FALSE,Maricopa,6000000354,6000003420
height,17022,32.166,MAC Field Scanner Field Plot 238 Season 2,FALSE,Maricopa,6000000355,6000002834
height,17024,32.166,MAC Field Scanner Field Plot 238 Season 2,FALSE,Maricopa,6000000355,6000002834
height,17025,31.505,MAC Field Scanner Field Plot 238 Season 2,FALSE,Maricopa,6000000355,6000002834
height,17026,31.505,MAC Field Scanner Field Plot 238 Season 2,FALSE,Maricopa,6000000355,6000002834
height,17027,31.505,MAC Field Scanner Field Plot 238 Season 2,FALSE,Maricopa,6000000355,6000002834
height,17028,31.505,MAC Field Scanner Field Plot 238 Season 2,FALSE,Maricopa,6000000355,6000002834
height,17029,31.505,MAC Field Scanner Field Plot 238 Season 2,FALSE,Maricopa,6000000355,6000002834
height,17030,31.505,MAC Field Scanner Field Plot 238 Season 2,FALSE,Maricopa,6000000355,6000002834
height,17031,32.166,MAC Field Scanner Field Plot 238 Season 2,FALSE,Maricopa,6000000355,6000002834
height,17037,31.505,MAC Field Scanner Field Plot 238 Season 2,FALSE,Maricopa,6000000355,6000002834
height,17040,32.827,MAC Field Scanner Field Plot 238 Season 2,FALSE,Maricopa,6000000355,6000002834
height,17043,32.827,MAC Field Scanner Field Plot 238 Season 2,FALSE,Maricopa,6000000355,6000002834
height,17047,33.488,MAC Field Scanner Field Plot 238 Season 2,FALSE,Maricopa,6000000355,6000002834
height,17049,33.488,MAC Field Scanner Field Plot 238 Season 2,FALSE,Maricopa,6000000355,6000002834
height,17050,33.488,MAC Field Scanner Field Plot 238 Season 2,FALSE,Maricopa,6000000355,6000002834
height,17051,55.301,MAC Field Scanner Field Plot 238 Season 2,FALSE,Maricopa,6000000355,6000002834
height,17052,56.623,MAC Field Scanner Field Plot 238 Season 2,FALSE,Maricopa,6000000355,6000002834
height,17053,58.606,MAC Field Scanner Field Plot 238 Season 2,FALSE,Maricopa,6000000355,6000002834
height,17054,61.25,MAC Field Scanner Field Plot 238 Season 2,FALSE,Maricopa,6000000355,6000002834
height,17056,63.233,MAC Field Scanner Field Plot 238 Season 2,FALSE,Maricopa,6000000355,6000002834
height,17057,65.216,MAC Field Scanner Field Plot 238 Season 2,FALSE,Maricopa,6000000355,6000002834
height,17058,65.216,MAC Field Scanner Field Plot 238 Season 2,FALSE,Maricopa,6000000355,6000002834
height,17061,68.521,MAC Field Scanner Field Plot 238 Season 2,FALSE,Maricopa,6000000355,6000002834
height,17064,70.504,MAC Field Scanner Field Plot 238 Season 2,FALSE,Maricopa,6000000355,6000002834
height,17067,71.826,MAC Field Scanner Field Plot 238 Season 2,FALSE,Maricopa,6000000355,6000002834
height,17069,72.487,MAC Field Scanner Field Plot 238 Season 2,FALSE,Maricopa,6000000355,6000002834
height,17070,73.148,MAC Field Scanner Field Plot 238 Season 2,FALSE,Maricopa,6000000355,6000002834
height,17071,73.809,MAC Field Scanner Field Plot 238 Season 2,FALSE,Maricopa,6000000355,6000002834
height,17022,32.166,MAC Field Scanner Field Plot 239 Season 2,FALSE,Maricopa,6000000355,6000002835
height,17025,31.505,MAC Field Scanner Field Plot 239 Season 2,FALSE,Maricopa,6000000355,6000002835
height,17026,31.505,MAC Field Scanner Field Plot 239 Season 2,FALSE,Maricopa,6000000355,6000002835
height,17027,31.505,MAC Field Scanner Field Plot 239 Season 2,FALSE,Maricopa,6000000355,6000002835
height,17028,31.505,MAC Field Scanner Field Plot 239 Season 2,FALSE,Maricopa,6000000355,6000002835
height,17029,31.505,MAC Field Scanner Field Plot 239 Season 2,FALSE,Maricopa,6000000355,6000002835
height,17030,31.505,MAC Field Scanner Field Plot 239 Season 2,FALSE,Maricopa,6000000355,6000002835
height,17031,31.505,MAC Field Scanner Field Plot 239 Season 2,FALSE,Maricopa,6000000355,6000002835
height,17037,31.505,MAC Field Scanner Field Plot 239 Season 2,FALSE,Maricopa,6000000355,6000002835
height,17040,32.827,MAC Field Scanner Field Plot 239 Season 2,FALSE,Maricopa,6000000355,6000002835
height,17043,33.488,MAC Field Scanner Field Plot 239 Season 2,FALSE,Maricopa,6000000355,6000002835
height,17047,34.149,MAC Field Scanner Field Plot 239 Season 2,FALSE,Maricopa,6000000355,6000002835
height,17049,34.149,MAC Field Scanner Field Plot 239 Season 2,FALSE,Maricopa,6000000355,6000002835
height,17050,34.149,MAC Field Scanner Field Plot 239 Season 2,FALSE,Maricopa,6000000355,6000002835
height,17051,51.996,MAC Field Scanner Field Plot 239 Season 2,FALSE,Maricopa,6000000355,6000002835
height,17052,54.64,MAC Field Scanner Field Plot 239 Season 2,FALSE,Maricopa,6000000355,6000002835
height,17053,58.606,MAC Field Scanner Field Plot 239 Season 2,FALSE,Maricopa,6000000355,6000002835
height,17054,59.928,MAC Field Scanner Field Plot 239 Season 2,FALSE,Maricopa,6000000355,6000002835
height,17056,61.911,MAC Field Scanner Field Plot 239 Season 2,FALSE,Maricopa,6000000355,6000002835
height,17057,63.894,MAC Field Scanner Field Plot 239 Season 2,FALSE,Maricopa,6000000355,6000002835
height,17058,64.555,MAC Field Scanner Field Plot 239 Season 2,FALSE,Maricopa,6000000355,6000002835
height,17061,68.521,MAC Field Scanner Field Plot 239 Season 2,FALSE,Maricopa,6000000355,6000002835
height,17064,71.826,MAC Field Scanner Field Plot 239 Season 2,FALSE,Maricopa,6000000355,6000002835
height,17067,71.826,MAC Field Scanner Field Plot 239 Season 2,FALSE,Maricopa,6000000355,6000002835
height,17069,73.148,MAC Field Scanner Field Plot 239 Season 2,FALSE,Maricopa,6000000355,6000002835
height,17070,73.809,MAC Field Scanner Field Plot 239 Season 2,FALSE,Maricopa,6000000355,6000002835
height,17071,76.453,MAC Field Scanner Field Plot 239 Season 2,FALSE,Maricopa,6000000355,6000002835
height,17021,31.505,MAC Field Scanner Field Plot 586 Season 2,FALSE,Maricopa,6000000355,6000003182
height,17024,32.166,MAC Field Scanner Field Plot 586 Season 2,FALSE,Maricopa,6000000355,6000003182
height,17026,31.505,MAC Field Scanner Field Plot 586 Season 2,FALSE,Maricopa,6000000355,6000003182
height,17028,31.505,MAC Field Scanner Field Plot 586 Season 2,FALSE,Maricopa,6000000355,6000003182
height,17029,31.505,MAC Field Scanner Field Plot 586 Season 2,FALSE,Maricopa,6000000355,6000003182
height,17030,31.505,MAC Field Scanner Field Plot 586 Season 2,FALSE,Maricopa,6000000355,6000003182
height,17031,31.505,MAC Field Scanner Field Plot 586 Season 2,FALSE,Maricopa,6000000355,6000003182
height,17036,31.505,MAC Field Scanner Field Plot 586 Season 2,FALSE,Maricopa,6000000355,6000003182
height,17038,34.149,MAC Field Scanner Field Plot 586 Season 2,FALSE,Maricopa,6000000355,6000003182
height,17040,34.149,MAC Field Scanner Field Plot 586 Season 2,FALSE,Maricopa,6000000355,6000003182
height,17042,33.488,MAC Field Scanner Field Plot 586 Season 2,FALSE,Maricopa,6000000355,6000003182
height,17046,33.488,MAC Field Scanner Field Plot 586 Season 2,FALSE,Maricopa,6000000355,6000003182
height,17048,34.149,MAC Field Scanner Field Plot 586 Season 2,FALSE,Maricopa,6000000355,6000003182
height,17049,33.488,MAC Field Scanner Field Plot 586 Season 2,FALSE,Maricopa,6000000355,6000003182
height,17050,55.962,MAC Field Scanner Field Plot 586 Season 2,FALSE,Maricopa,6000000355,6000003182
height,17051,59.267,MAC Field Scanner Field Plot 586 Season 2,FALSE,Maricopa,6000000355,6000003182
height,17052,56.623,MAC Field Scanner Field Plot 586 Season 2,FALSE,Maricopa,6000000355,6000003182
height,17054,61.25,MAC Field Scanner Field Plot 586 Season 2,FALSE,Maricopa,6000000355,6000003182
height,17055,64.555,MAC Field Scanner Field Plot 586 Season 2,FALSE,Maricopa,6000000355,6000003182
height,17056,65.877,MAC Field Scanner Field Plot 586 Season 2,FALSE,Maricopa,6000000355,6000003182
height,17058,66.538,MAC Field Scanner Field Plot 586 Season 2,FALSE,Maricopa,6000000355,6000003182
height,17059,67.86,MAC Field Scanner Field Plot 586 Season 2,FALSE,Maricopa,6000000355,6000003182
height,17064,69.843,MAC Field Scanner Field Plot 586 Season 2,FALSE,Maricopa,6000000355,6000003182
height,17067,71.826,MAC Field Scanner Field Plot 586 Season 2,FALSE,Maricopa,6000000355,6000003182
height,17068,73.148,MAC Field Scanner Field Plot 586 Season 2,FALSE,Maricopa,6000000355,6000003182
height,17070,73.809,MAC Field Scanner Field Plot 586 Season 2,FALSE,Maricopa,6000000355,6000003182
height,17071,75.131,MAC Field Scanner Field Plot 586 Season 2,FALSE,Maricopa,6000000355,6000003182
height,17021,31.505,MAC Field Scanner Field Plot 587 Season 2,FALSE,Maricopa,6000000355,6000003183
height,17024,32.166,MAC Field Scanner Field Plot 587 Season 2,FALSE,Maricopa,6000000355,6000003183
height,17026,31.505,MAC Field Scanner Field Plot 587 Season 2,FALSE,Maricopa,6000000355,6000003183
height,17028,31.505,MAC Field Scanner Field Plot 587 Season 2,FALSE,Maricopa,6000000355,6000003183
height,17029,31.505,MAC Field Scanner Field Plot 587 Season 2,FALSE,Maricopa,6000000355,6000003183
height,17030,31.505,MAC Field Scanner Field Plot 587 Season 2,FALSE,Maricopa,6000000355,6000003183
height,17031,31.505,MAC Field Scanner Field Plot 587 Season 2,FALSE,Maricopa,6000000355,6000003183
height,17036,31.505,MAC Field Scanner Field Plot 587 Season 2,FALSE,Maricopa,6000000355,6000003183
height,17038,32.827,MAC Field Scanner Field Plot 587 Season 2,FALSE,Maricopa,6000000355,6000003183
height,17040,32.827,MAC Field Scanner Field Plot 587 Season 2,FALSE,Maricopa,6000000355,6000003183
height,17042,32.166,MAC Field Scanner Field Plot 587 Season 2,FALSE,Maricopa,6000000355,6000003183
height,17046,34.149,MAC Field Scanner Field Plot 587 Season 2,FALSE,Maricopa,6000000355,6000003183
height,17048,33.488,MAC Field Scanner Field Plot 587 Season 2,FALSE,Maricopa,6000000355,6000003183
height,17049,33.488,MAC Field Scanner Field Plot 587 Season 2,FALSE,Maricopa,6000000355,6000003183
height,17050,53.979,MAC Field Scanner Field Plot 587 Season 2,FALSE,Maricopa,6000000355,6000003183
height,17051,53.979,MAC Field Scanner Field Plot 587 Season 2,FALSE,Maricopa,6000000355,6000003183
height,17052,54.64,MAC Field Scanner Field Plot 587 Season 2,FALSE,Maricopa,6000000355,6000003183
height,17053,57.284,MAC Field Scanner Field Plot 587 Season 2,FALSE,Maricopa,6000000355,6000003183
height,17054,59.267,MAC Field Scanner Field Plot 587 Season 2,FALSE,Maricopa,6000000355,6000003183
height,17055,61.911,MAC Field Scanner Field Plot 587 Season 2,FALSE,Maricopa,6000000355,6000003183
height,17056,63.233,MAC Field Scanner Field Plot 587 Season 2,FALSE,Maricopa,6000000355,6000003183
height,17058,64.555,MAC Field Scanner Field Plot 587 Season 2,FALSE,Maricopa,6000000355,6000003183
height,17059,65.877,MAC Field Scanner Field Plot 587 Season 2,FALSE,Maricopa,6000000355,6000003183
height,17064,69.182,MAC Field Scanner Field Plot 587 Season 2,FALSE,Maricopa,6000000355,6000003183
height,17067,71.165,MAC Field Scanner Field Plot 587 Season 2,FALSE,Maricopa,6000000355,6000003183
height,17068,71.826,MAC Field Scanner Field Plot 587 Season 2,FALSE,Maricopa,6000000355,6000003183
height,17070,73.148,MAC Field Scanner Field Plot 587 Season 2,FALSE,Maricopa,6000000355,6000003183
height,17071,74.47,MAC Field Scanner Field Plot 587 Season 2,FALSE,Maricopa,6000000355,6000003183
height,17022,31.505,MAC Field Scanner Field Plot 40 Season 2,FALSE,Maricopa,6000000356,6000002636
height,17037,31.505,MAC Field Scanner Field Plot 40 Season 2,FALSE,Maricopa,6000000356,6000002636
height,17039,32.827,MAC Field Scanner Field Plot 40 Season 2,FALSE,Maricopa,6000000356,6000002636
height,17041,32.827,MAC Field Scanner Field Plot 40 Season 2,FALSE,Maricopa,6000000356,6000002636
height,17043,32.827,MAC Field Scanner Field Plot 40 Season 2,FALSE,Maricopa,6000000356,6000002636
height,17049,34.149,MAC Field Scanner Field Plot 40 Season 2,FALSE,Maricopa,6000000356,6000002636
height,17050,34.149,MAC Field Scanner Field Plot 40 Season 2,FALSE,Maricopa,6000000356,6000002636
height,17053,50.013,MAC Field Scanner Field Plot 40 Season 2,FALSE,Maricopa,6000000356,6000002636
height,17054,53.318,MAC Field Scanner Field Plot 40 Season 2,FALSE,Maricopa,6000000356,6000002636
height,17061,67.86,MAC Field Scanner Field Plot 40 Season 2,FALSE,Maricopa,6000000356,6000002636
height,17064,71.165,MAC Field Scanner Field Plot 40 Season 2,FALSE,Maricopa,6000000356,6000002636
height,17071,75.792,MAC Field Scanner Field Plot 40 Season 2,FALSE,Maricopa,6000000356,6000002636
height,17076,78.436,MAC Field Scanner Field Plot 40 Season 2,FALSE,Maricopa,6000000356,6000002636
height,17022,31.505,MAC Field Scanner Field Plot 41 Season 2,FALSE,Maricopa,6000000356,6000002637
height,17037,31.505,MAC Field Scanner Field Plot 41 Season 2,FALSE,Maricopa,6000000356,6000002637
height,17039,33.488,MAC Field Scanner Field Plot 41 Season 2,FALSE,Maricopa,6000000356,6000002637
height,17041,32.827,MAC Field Scanner Field Plot 41 Season 2,FALSE,Maricopa,6000000356,6000002637
height,17043,32.827,MAC Field Scanner Field Plot 41 Season 2,FALSE,Maricopa,6000000356,6000002637
height,17049,33.488,MAC Field Scanner Field Plot 41 Season 2,FALSE,Maricopa,6000000356,6000002637
height,17050,33.488,MAC Field Scanner Field Plot 41 Season 2,FALSE,Maricopa,6000000356,6000002637
height,17053,51.335,MAC Field Scanner Field Plot 41 Season 2,FALSE,Maricopa,6000000356,6000002637
height,17054,53.979,MAC Field Scanner Field Plot 41 Season 2,FALSE,Maricopa,6000000356,6000002637
height,17061,69.182,MAC Field Scanner Field Plot 41 Season 2,FALSE,Maricopa,6000000356,6000002637
height,17064,73.148,MAC Field Scanner Field Plot 41 Season 2,FALSE,Maricopa,6000000356,6000002637
height,17071,77.775,MAC Field Scanner Field Plot 41 Season 2,FALSE,Maricopa,6000000356,6000002637
height,17076,80.419,MAC Field Scanner Field Plot 41 Season 2,FALSE,Maricopa,6000000356,6000002637
height,17021,30.844,MAC Field Scanner Field Plot 680 Season 2,FALSE,Maricopa,6000000356,6000003276
height,17024,32.166,MAC Field Scanner Field Plot 680 Season 2,FALSE,Maricopa,6000000356,6000003276
height,17025,30.844,MAC Field Scanner Field Plot 680 Season 2,FALSE,Maricopa,6000000356,6000003276
height,17026,31.505,MAC Field Scanner Field Plot 680 Season 2,FALSE,Maricopa,6000000356,6000003276
height,17027,31.505,MAC Field Scanner Field Plot 680 Season 2,FALSE,Maricopa,6000000356,6000003276
height,17029,31.505,MAC Field Scanner Field Plot 680 Season 2,FALSE,Maricopa,6000000356,6000003276
height,17030,31.505,MAC Field Scanner Field Plot 680 Season 2,FALSE,Maricopa,6000000356,6000003276
height,17031,31.505,MAC Field Scanner Field Plot 680 Season 2,FALSE,Maricopa,6000000356,6000003276
height,17036,31.505,MAC Field Scanner Field Plot 680 Season 2,FALSE,Maricopa,6000000356,6000003276
height,17037,31.505,MAC Field Scanner Field Plot 680 Season 2,FALSE,Maricopa,6000000356,6000003276
height,17038,32.827,MAC Field Scanner Field Plot 680 Season 2,FALSE,Maricopa,6000000356,6000003276
height,17040,36.793,MAC Field Scanner Field Plot 680 Season 2,FALSE,Maricopa,6000000356,6000003276
height,17042,33.488,MAC Field Scanner Field Plot 680 Season 2,FALSE,Maricopa,6000000356,6000003276
height,17046,34.149,MAC Field Scanner Field Plot 680 Season 2,FALSE,Maricopa,6000000356,6000003276
height,17048,33.488,MAC Field Scanner Field Plot 680 Season 2,FALSE,Maricopa,6000000356,6000003276
height,17049,34.149,MAC Field Scanner Field Plot 680 Season 2,FALSE,Maricopa,6000000356,6000003276
height,17050,51.996,MAC Field Scanner Field Plot 680 Season 2,FALSE,Maricopa,6000000356,6000003276
height,17051,54.64,MAC Field Scanner Field Plot 680 Season 2,FALSE,Maricopa,6000000356,6000003276
height,17052,57.284,MAC Field Scanner Field Plot 680 Season 2,FALSE,Maricopa,6000000356,6000003276
height,17054,59.928,MAC Field Scanner Field Plot 680 Season 2,FALSE,Maricopa,6000000356,6000003276
height,17055,63.894,MAC Field Scanner Field Plot 680 Season 2,FALSE,Maricopa,6000000356,6000003276
height,17056,66.538,MAC Field Scanner Field Plot 680 Season 2,FALSE,Maricopa,6000000356,6000003276
height,17057,67.86,MAC Field Scanner Field Plot 680 Season 2,FALSE,Maricopa,6000000356,6000003276
height,17059,70.504,MAC Field Scanner Field Plot 680 Season 2,FALSE,Maricopa,6000000356,6000003276
height,17064,75.131,MAC Field Scanner Field Plot 680 Season 2,FALSE,Maricopa,6000000356,6000003276
height,17066,77.114,MAC Field Scanner Field Plot 680 Season 2,FALSE,Maricopa,6000000356,6000003276
height,17068,78.436,MAC Field Scanner Field Plot 680 Season 2,FALSE,Maricopa,6000000356,6000003276
height,17069,79.097,MAC Field Scanner Field Plot 680 Season 2,FALSE,Maricopa,6000000356,6000003276
height,17071,81.08,MAC Field Scanner Field Plot 680 Season 2,FALSE,Maricopa,6000000356,6000003276
height,17072,81.741,MAC Field Scanner Field Plot 680 Season 2,FALSE,Maricopa,6000000356,6000003276
height,17021,30.844,MAC Field Scanner Field Plot 681 Season 2,FALSE,Maricopa,6000000356,6000003277
height,17024,32.166,MAC Field Scanner Field Plot 681 Season 2,FALSE,Maricopa,6000000356,6000003277
height,17025,32.166,MAC Field Scanner Field Plot 681 Season 2,FALSE,Maricopa,6000000356,6000003277
height,17026,31.505,MAC Field Scanner Field Plot 681 Season 2,FALSE,Maricopa,6000000356,6000003277
height,17027,31.505,MAC Field Scanner Field Plot 681 Season 2,FALSE,Maricopa,6000000356,6000003277
height,17029,32.166,MAC Field Scanner Field Plot 681 Season 2,FALSE,Maricopa,6000000356,6000003277
height,17030,31.505,MAC Field Scanner Field Plot 681 Season 2,FALSE,Maricopa,6000000356,6000003277
height,17031,32.166,MAC Field Scanner Field Plot 681 Season 2,FALSE,Maricopa,6000000356,6000003277
height,17036,32.166,MAC Field Scanner Field Plot 681 Season 2,FALSE,Maricopa,6000000356,6000003277
height,17037,31.505,MAC Field Scanner Field Plot 681 Season 2,FALSE,Maricopa,6000000356,6000003277
height,17038,34.149,MAC Field Scanner Field Plot 681 Season 2,FALSE,Maricopa,6000000356,6000003277
height,17040,34.149,MAC Field Scanner Field Plot 681 Season 2,FALSE,Maricopa,6000000356,6000003277
height,17042,34.149,MAC Field Scanner Field Plot 681 Season 2,FALSE,Maricopa,6000000356,6000003277
height,17046,34.81,MAC Field Scanner Field Plot 681 Season 2,FALSE,Maricopa,6000000356,6000003277
height,17048,34.149,MAC Field Scanner Field Plot 681 Season 2,FALSE,Maricopa,6000000356,6000003277
height,17049,34.149,MAC Field Scanner Field Plot 681 Season 2,FALSE,Maricopa,6000000356,6000003277
height,17050,55.962,MAC Field Scanner Field Plot 681 Season 2,FALSE,Maricopa,6000000356,6000003277
height,17051,58.606,MAC Field Scanner Field Plot 681 Season 2,FALSE,Maricopa,6000000356,6000003277
height,17052,59.928,MAC Field Scanner Field Plot 681 Season 2,FALSE,Maricopa,6000000356,6000003277
height,17054,63.233,MAC Field Scanner Field Plot 681 Season 2,FALSE,Maricopa,6000000356,6000003277
height,17055,65.877,MAC Field Scanner Field Plot 681 Season 2,FALSE,Maricopa,6000000356,6000003277
height,17056,69.182,MAC Field Scanner Field Plot 681 Season 2,FALSE,Maricopa,6000000356,6000003277
height,17057,69.182,MAC Field Scanner Field Plot 681 Season 2,FALSE,Maricopa,6000000356,6000003277
height,17059,71.165,MAC Field Scanner Field Plot 681 Season 2,FALSE,Maricopa,6000000356,6000003277
height,17064,75.131,MAC Field Scanner Field Plot 681 Season 2,FALSE,Maricopa,6000000356,6000003277
height,17066,76.453,MAC Field Scanner Field Plot 681 Season 2,FALSE,Maricopa,6000000356,6000003277
height,17068,77.775,MAC Field Scanner Field Plot 681 Season 2,FALSE,Maricopa,6000000356,6000003277
height,17069,79.097,MAC Field Scanner Field Plot 681 Season 2,FALSE,Maricopa,6000000356,6000003277
height,17071,80.419,MAC Field Scanner Field Plot 681 Season 2,FALSE,Maricopa,6000000356,6000003277
height,17072,81.741,MAC Field Scanner Field Plot 681 Season 2,FALSE,Maricopa,6000000356,6000003277
height,17022,30.844,MAC Field Scanner Field Plot 313 Season 2,FALSE,Maricopa,6000000357,6000002909
height,17024,32.166,MAC Field Scanner Field Plot 313 Season 2,FALSE,Maricopa,6000000357,6000002909
height,17025,31.505,MAC Field Scanner Field Plot 313 Season 2,FALSE,Maricopa,6000000357,6000002909
height,17026,30.844,MAC Field Scanner Field Plot 313 Season 2,FALSE,Maricopa,6000000357,6000002909
height,17027,30.844,MAC Field Scanner Field Plot 313 Season 2,FALSE,Maricopa,6000000357,6000002909
height,17028,31.505,MAC Field Scanner Field Plot 313 Season 2,FALSE,Maricopa,6000000357,6000002909
height,17029,31.505,MAC Field Scanner Field Plot 313 Season 2,FALSE,Maricopa,6000000357,6000002909
height,17030,31.505,MAC Field Scanner Field Plot 313 Season 2,FALSE,Maricopa,6000000357,6000002909
height,17031,30.844,MAC Field Scanner Field Plot 313 Season 2,FALSE,Maricopa,6000000357,6000002909
height,17037,31.505,MAC Field Scanner Field Plot 313 Season 2,FALSE,Maricopa,6000000357,6000002909
height,17038,32.166,MAC Field Scanner Field Plot 313 Season 2,FALSE,Maricopa,6000000357,6000002909
height,17040,32.166,MAC Field Scanner Field Plot 313 Season 2,FALSE,Maricopa,6000000357,6000002909
height,17043,32.827,MAC Field Scanner Field Plot 313 Season 2,FALSE,Maricopa,6000000357,6000002909
height,17047,34.149,MAC Field Scanner Field Plot 313 Season 2,FALSE,Maricopa,6000000357,6000002909
height,17049,33.488,MAC Field Scanner Field Plot 313 Season 2,FALSE,Maricopa,6000000357,6000002909
height,17050,33.488,MAC Field Scanner Field Plot 313 Season 2,FALSE,Maricopa,6000000357,6000002909
height,17051,34.149,MAC Field Scanner Field Plot 313 Season 2,FALSE,Maricopa,6000000357,6000002909
height,17052,34.149,MAC Field Scanner Field Plot 313 Season 2,FALSE,Maricopa,6000000357,6000002909
height,17053,34.81,MAC Field Scanner Field Plot 313 Season 2,FALSE,Maricopa,6000000357,6000002909
height,17054,35.471,MAC Field Scanner Field Plot 313 Season 2,FALSE,Maricopa,6000000357,6000002909
height,17055,46.047,MAC Field Scanner Field Plot 313 Season 2,FALSE,Maricopa,6000000357,6000002909
height,17056,39.437,MAC Field Scanner Field Plot 313 Season 2,FALSE,Maricopa,6000000357,6000002909
height,17057,46.047,MAC Field Scanner Field Plot 313 Season 2,FALSE,Maricopa,6000000357,6000002909
height,17058,48.03,MAC Field Scanner Field Plot 313 Season 2,FALSE,Maricopa,6000000357,6000002909
height,17061,54.64,MAC Field Scanner Field Plot 313 Season 2,FALSE,Maricopa,6000000357,6000002909
height,17064,59.267,MAC Field Scanner Field Plot 313 Season 2,FALSE,Maricopa,6000000357,6000002909
height,17067,61.25,MAC Field Scanner Field Plot 313 Season 2,FALSE,Maricopa,6000000357,6000002909
height,17069,62.572,MAC Field Scanner Field Plot 313 Season 2,FALSE,Maricopa,6000000357,6000002909
height,17070,63.233,MAC Field Scanner Field Plot 313 Season 2,FALSE,Maricopa,6000000357,6000002909
height,17071,65.216,MAC Field Scanner Field Plot 313 Season 2,FALSE,Maricopa,6000000357,6000002909
height,17022,32.166,MAC Field Scanner Field Plot 312 Season 2,FALSE,Maricopa,6000000357,6000002908
height,17024,32.827,MAC Field Scanner Field Plot 312 Season 2,FALSE,Maricopa,6000000357,6000002908
height,17025,32.827,MAC Field Scanner Field Plot 312 Season 2,FALSE,Maricopa,6000000357,6000002908
height,17026,32.166,MAC Field Scanner Field Plot 312 Season 2,FALSE,Maricopa,6000000357,6000002908
height,17027,32.166,MAC Field Scanner Field Plot 312 Season 2,FALSE,Maricopa,6000000357,6000002908
height,17028,32.166,MAC Field Scanner Field Plot 312 Season 2,FALSE,Maricopa,6000000357,6000002908
height,17029,32.166,MAC Field Scanner Field Plot 312 Season 2,FALSE,Maricopa,6000000357,6000002908
height,17030,32.166,MAC Field Scanner Field Plot 312 Season 2,FALSE,Maricopa,6000000357,6000002908
height,17031,32.166,MAC Field Scanner Field Plot 312 Season 2,FALSE,Maricopa,6000000357,6000002908
height,17037,32.166,MAC Field Scanner Field Plot 312 Season 2,FALSE,Maricopa,6000000357,6000002908
height,17038,32.827,MAC Field Scanner Field Plot 312 Season 2,FALSE,Maricopa,6000000357,6000002908
height,17040,32.166,MAC Field Scanner Field Plot 312 Season 2,FALSE,Maricopa,6000000357,6000002908
height,17043,32.166,MAC Field Scanner Field Plot 312 Season 2,FALSE,Maricopa,6000000357,6000002908
height,17047,32.827,MAC Field Scanner Field Plot 312 Season 2,FALSE,Maricopa,6000000357,6000002908
height,17049,33.488,MAC Field Scanner Field Plot 312 Season 2,FALSE,Maricopa,6000000357,6000002908
height,17050,33.488,MAC Field Scanner Field Plot 312 Season 2,FALSE,Maricopa,6000000357,6000002908
height,17051,34.149,MAC Field Scanner Field Plot 312 Season 2,FALSE,Maricopa,6000000357,6000002908
height,17052,34.149,MAC Field Scanner Field Plot 312 Season 2,FALSE,Maricopa,6000000357,6000002908
height,17053,34.81,MAC Field Scanner Field Plot 312 Season 2,FALSE,Maricopa,6000000357,6000002908
height,17054,38.115,MAC Field Scanner Field Plot 312 Season 2,FALSE,Maricopa,6000000357,6000002908
height,17055,53.318,MAC Field Scanner Field Plot 312 Season 2,FALSE,Maricopa,6000000357,6000002908
height,17056,44.064,MAC Field Scanner Field Plot 312 Season 2,FALSE,Maricopa,6000000357,6000002908
height,17057,51.335,MAC Field Scanner Field Plot 312 Season 2,FALSE,Maricopa,6000000357,6000002908
height,17058,52.657,MAC Field Scanner Field Plot 312 Season 2,FALSE,Maricopa,6000000357,6000002908
height,17061,57.945,MAC Field Scanner Field Plot 312 Season 2,FALSE,Maricopa,6000000357,6000002908
height,17064,77.114,MAC Field Scanner Field Plot 312 Season 2,FALSE,Maricopa,6000000357,6000002908
height,17067,61.911,MAC Field Scanner Field Plot 312 Season 2,FALSE,Maricopa,6000000357,6000002908
height,17069,63.233,MAC Field Scanner Field Plot 312 Season 2,FALSE,Maricopa,6000000357,6000002908
height,17070,63.894,MAC Field Scanner Field Plot 312 Season 2,FALSE,Maricopa,6000000357,6000002908
height,17071,65.216,MAC Field Scanner Field Plot 312 Season 2,FALSE,Maricopa,6000000357,6000002908
height,17021,31.505,MAC Field Scanner Field Plot 567 Season 2,FALSE,Maricopa,6000000357,6000003163
height,17024,32.166,MAC Field Scanner Field Plot 567 Season 2,FALSE,Maricopa,6000000357,6000003163
height,17026,31.505,MAC Field Scanner Field Plot 567 Season 2,FALSE,Maricopa,6000000357,6000003163
height,17028,31.505,MAC Field Scanner Field Plot 567 Season 2,FALSE,Maricopa,6000000357,6000003163
height,17029,31.505,MAC Field Scanner Field Plot 567 Season 2,FALSE,Maricopa,6000000357,6000003163
height,17030,31.505,MAC Field Scanner Field Plot 567 Season 2,FALSE,Maricopa,6000000357,6000003163
height,17031,31.505,MAC Field Scanner Field Plot 567 Season 2,FALSE,Maricopa,6000000357,6000003163
height,17036,31.505,MAC Field Scanner Field Plot 567 Season 2,FALSE,Maricopa,6000000357,6000003163
height,17038,32.827,MAC Field Scanner Field Plot 567 Season 2,FALSE,Maricopa,6000000357,6000003163
height,17040,32.827,MAC Field Scanner Field Plot 567 Season 2,FALSE,Maricopa,6000000357,6000003163
height,17042,32.827,MAC Field Scanner Field Plot 567 Season 2,FALSE,Maricopa,6000000357,6000003163
height,17046,32.827,MAC Field Scanner Field Plot 567 Season 2,FALSE,Maricopa,6000000357,6000003163
height,17048,32.827,MAC Field Scanner Field Plot 567 Season 2,FALSE,Maricopa,6000000357,6000003163
height,17049,32.827,MAC Field Scanner Field Plot 567 Season 2,FALSE,Maricopa,6000000357,6000003163
height,17051,32.827,MAC Field Scanner Field Plot 567 Season 2,FALSE,Maricopa,6000000357,6000003163
height,17053,34.149,MAC Field Scanner Field Plot 567 Season 2,FALSE,Maricopa,6000000357,6000003163
height,17054,35.471,MAC Field Scanner Field Plot 567 Season 2,FALSE,Maricopa,6000000357,6000003163
height,17055,42.742,MAC Field Scanner Field Plot 567 Season 2,FALSE,Maricopa,6000000357,6000003163
height,17056,47.369,MAC Field Scanner Field Plot 567 Season 2,FALSE,Maricopa,6000000357,6000003163
height,17058,50.674,MAC Field Scanner Field Plot 567 Season 2,FALSE,Maricopa,6000000357,6000003163
height,17059,53.318,MAC Field Scanner Field Plot 567 Season 2,FALSE,Maricopa,6000000357,6000003163
height,17064,57.284,MAC Field Scanner Field Plot 567 Season 2,FALSE,Maricopa,6000000357,6000003163
height,17067,57.945,MAC Field Scanner Field Plot 567 Season 2,FALSE,Maricopa,6000000357,6000003163
height,17068,59.267,MAC Field Scanner Field Plot 567 Season 2,FALSE,Maricopa,6000000357,6000003163
height,17070,59.267,MAC Field Scanner Field Plot 567 Season 2,FALSE,Maricopa,6000000357,6000003163
height,17071,59.267,MAC Field Scanner Field Plot 567 Season 2,FALSE,Maricopa,6000000357,6000003163
height,17021,32.827,MAC Field Scanner Field Plot 566 Season 2,FALSE,Maricopa,6000000357,6000003162
height,17024,33.488,MAC Field Scanner Field Plot 566 Season 2,FALSE,Maricopa,6000000357,6000003162
height,17026,32.827,MAC Field Scanner Field Plot 566 Season 2,FALSE,Maricopa,6000000357,6000003162
height,17028,32.827,MAC Field Scanner Field Plot 566 Season 2,FALSE,Maricopa,6000000357,6000003162
height,17029,32.827,MAC Field Scanner Field Plot 566 Season 2,FALSE,Maricopa,6000000357,6000003162
height,17030,32.827,MAC Field Scanner Field Plot 566 Season 2,FALSE,Maricopa,6000000357,6000003162
height,17031,32.827,MAC Field Scanner Field Plot 566 Season 2,FALSE,Maricopa,6000000357,6000003162
height,17036,32.827,MAC Field Scanner Field Plot 566 Season 2,FALSE,Maricopa,6000000357,6000003162
height,17038,32.827,MAC Field Scanner Field Plot 566 Season 2,FALSE,Maricopa,6000000357,6000003162
height,17040,32.827,MAC Field Scanner Field Plot 566 Season 2,FALSE,Maricopa,6000000357,6000003162
height,17042,32.827,MAC Field Scanner Field Plot 566 Season 2,FALSE,Maricopa,6000000357,6000003162
height,17046,33.488,MAC Field Scanner Field Plot 566 Season 2,FALSE,Maricopa,6000000357,6000003162
height,17048,33.488,MAC Field Scanner Field Plot 566 Season 2,FALSE,Maricopa,6000000357,6000003162
height,17049,33.488,MAC Field Scanner Field Plot 566 Season 2,FALSE,Maricopa,6000000357,6000003162
height,17051,34.149,MAC Field Scanner Field Plot 566 Season 2,FALSE,Maricopa,6000000357,6000003162
height,17053,33.488,MAC Field Scanner Field Plot 566 Season 2,FALSE,Maricopa,6000000357,6000003162
height,17054,34.149,MAC Field Scanner Field Plot 566 Season 2,FALSE,Maricopa,6000000357,6000003162
height,17055,41.42,MAC Field Scanner Field Plot 566 Season 2,FALSE,Maricopa,6000000357,6000003162
height,17056,46.708,MAC Field Scanner Field Plot 566 Season 2,FALSE,Maricopa,6000000357,6000003162
height,17058,49.352,MAC Field Scanner Field Plot 566 Season 2,FALSE,Maricopa,6000000357,6000003162
height,17059,51.996,MAC Field Scanner Field Plot 566 Season 2,FALSE,Maricopa,6000000357,6000003162
height,17064,55.301,MAC Field Scanner Field Plot 566 Season 2,FALSE,Maricopa,6000000357,6000003162
height,17067,55.301,MAC Field Scanner Field Plot 566 Season 2,FALSE,Maricopa,6000000357,6000003162
height,17068,55.962,MAC Field Scanner Field Plot 566 Season 2,FALSE,Maricopa,6000000357,6000003162
height,17070,55.962,MAC Field Scanner Field Plot 566 Season 2,FALSE,Maricopa,6000000357,6000003162
height,17071,57.945,MAC Field Scanner Field Plot 566 Season 2,FALSE,Maricopa,6000000357,6000003162
height,17022,31.505,MAC Field Scanner Field Plot 285 Season 2,FALSE,Maricopa,6000000246,6000002881
height,17024,32.166,MAC Field Scanner Field Plot 285 Season 2,FALSE,Maricopa,6000000246,6000002881
height,17025,31.505,MAC Field Scanner Field Plot 285 Season 2,FALSE,Maricopa,6000000246,6000002881
height,17026,32.166,MAC Field Scanner Field Plot 285 Season 2,FALSE,Maricopa,6000000246,6000002881
height,17027,32.166,MAC Field Scanner Field Plot 285 Season 2,FALSE,Maricopa,6000000246,6000002881
height,17028,31.505,MAC Field Scanner Field Plot 285 Season 2,FALSE,Maricopa,6000000246,6000002881
height,17029,31.505,MAC Field Scanner Field Plot 285 Season 2,FALSE,Maricopa,6000000246,6000002881
height,17030,31.505,MAC Field Scanner Field Plot 285 Season 2,FALSE,Maricopa,6000000246,6000002881
height,17031,32.166,MAC Field Scanner Field Plot 285 Season 2,FALSE,Maricopa,6000000246,6000002881
height,17037,31.505,MAC Field Scanner Field Plot 285 Season 2,FALSE,Maricopa,6000000246,6000002881
height,17038,32.827,MAC Field Scanner Field Plot 285 Season 2,FALSE,Maricopa,6000000246,6000002881
height,17040,32.827,MAC Field Scanner Field Plot 285 Season 2,FALSE,Maricopa,6000000246,6000002881
height,17043,32.827,MAC Field Scanner Field Plot 285 Season 2,FALSE,Maricopa,6000000246,6000002881
height,17047,32.827,MAC Field Scanner Field Plot 285 Season 2,FALSE,Maricopa,6000000246,6000002881
height,17049,33.488,MAC Field Scanner Field Plot 285 Season 2,FALSE,Maricopa,6000000246,6000002881
height,17050,32.827,MAC Field Scanner Field Plot 285 Season 2,FALSE,Maricopa,6000000246,6000002881
height,17051,43.403,MAC Field Scanner Field Plot 285 Season 2,FALSE,Maricopa,6000000246,6000002881
height,17052,46.708,MAC Field Scanner Field Plot 285 Season 2,FALSE,Maricopa,6000000246,6000002881
height,17053,49.352,MAC Field Scanner Field Plot 285 Season 2,FALSE,Maricopa,6000000246,6000002881
height,17054,51.996,MAC Field Scanner Field Plot 285 Season 2,FALSE,Maricopa,6000000246,6000002881
height,17056,55.962,MAC Field Scanner Field Plot 285 Season 2,FALSE,Maricopa,6000000246,6000002881
height,17057,59.928,MAC Field Scanner Field Plot 285 Season 2,FALSE,Maricopa,6000000246,6000002881
height,17058,61.25,MAC Field Scanner Field Plot 285 Season 2,FALSE,Maricopa,6000000246,6000002881
height,17061,65.877,MAC Field Scanner Field Plot 285 Season 2,FALSE,Maricopa,6000000246,6000002881
height,17064,72.487,MAC Field Scanner Field Plot 285 Season 2,FALSE,Maricopa,6000000246,6000002881
height,17067,75.792,MAC Field Scanner Field Plot 285 Season 2,FALSE,Maricopa,6000000246,6000002881
height,17069,78.436,MAC Field Scanner Field Plot 285 Season 2,FALSE,Maricopa,6000000246,6000002881
height,17070,79.097,MAC Field Scanner Field Plot 285 Season 2,FALSE,Maricopa,6000000246,6000002881
height,17071,79.758,MAC Field Scanner Field Plot 285 Season 2,FALSE,Maricopa,6000000246,6000002881
height,17022,32.166,MAC Field Scanner Field Plot 284 Season 2,FALSE,Maricopa,6000000246,6000002880
height,17024,32.827,MAC Field Scanner Field Plot 284 Season 2,FALSE,Maricopa,6000000246,6000002880
height,17025,32.166,MAC Field Scanner Field Plot 284 Season 2,FALSE,Maricopa,6000000246,6000002880
height,17026,32.827,MAC Field Scanner Field Plot 284 Season 2,FALSE,Maricopa,6000000246,6000002880
height,17027,32.827,MAC Field Scanner Field Plot 284 Season 2,FALSE,Maricopa,6000000246,6000002880
height,17028,32.827,MAC Field Scanner Field Plot 284 Season 2,FALSE,Maricopa,6000000246,6000002880
height,17029,32.166,MAC Field Scanner Field Plot 284 Season 2,FALSE,Maricopa,6000000246,6000002880
height,17030,32.827,MAC Field Scanner Field Plot 284 Season 2,FALSE,Maricopa,6000000246,6000002880
height,17031,32.827,MAC Field Scanner Field Plot 284 Season 2,FALSE,Maricopa,6000000246,6000002880
height,17037,32.166,MAC Field Scanner Field Plot 284 Season 2,FALSE,Maricopa,6000000246,6000002880
height,17038,33.488,MAC Field Scanner Field Plot 284 Season 2,FALSE,Maricopa,6000000246,6000002880
height,17040,33.488,MAC Field Scanner Field Plot 284 Season 2,FALSE,Maricopa,6000000246,6000002880
height,17043,33.488,MAC Field Scanner Field Plot 284 Season 2,FALSE,Maricopa,6000000246,6000002880
height,17047,34.149,MAC Field Scanner Field Plot 284 Season 2,FALSE,Maricopa,6000000246,6000002880
height,17049,34.149,MAC Field Scanner Field Plot 284 Season 2,FALSE,Maricopa,6000000246,6000002880
height,17050,34.149,MAC Field Scanner Field Plot 284 Season 2,FALSE,Maricopa,6000000246,6000002880
height,17051,48.691,MAC Field Scanner Field Plot 284 Season 2,FALSE,Maricopa,6000000246,6000002880
height,17052,50.674,MAC Field Scanner Field Plot 284 Season 2,FALSE,Maricopa,6000000246,6000002880
height,17053,51.996,MAC Field Scanner Field Plot 284 Season 2,FALSE,Maricopa,6000000246,6000002880
height,17054,55.301,MAC Field Scanner Field Plot 284 Season 2,FALSE,Maricopa,6000000246,6000002880
height,17056,59.267,MAC Field Scanner Field Plot 284 Season 2,FALSE,Maricopa,6000000246,6000002880
height,17057,63.233,MAC Field Scanner Field Plot 284 Season 2,FALSE,Maricopa,6000000246,6000002880
height,17058,64.555,MAC Field Scanner Field Plot 284 Season 2,FALSE,Maricopa,6000000246,6000002880
height,17061,70.504,MAC Field Scanner Field Plot 284 Season 2,FALSE,Maricopa,6000000246,6000002880
height,17064,75.131,MAC Field Scanner Field Plot 284 Season 2,FALSE,Maricopa,6000000246,6000002880
height,17067,78.436,MAC Field Scanner Field Plot 284 Season 2,FALSE,Maricopa,6000000246,6000002880
height,17069,80.419,MAC Field Scanner Field Plot 284 Season 2,FALSE,Maricopa,6000000246,6000002880
height,17070,81.08,MAC Field Scanner Field Plot 284 Season 2,FALSE,Maricopa,6000000246,6000002880
height,17071,82.402,MAC Field Scanner Field Plot 284 Season 2,FALSE,Maricopa,6000000246,6000002880
height,17022,32.166,MAC Field Scanner Field Plot 490 Season 2,FALSE,Maricopa,6000000246,6000003086
height,17024,31.505,MAC Field Scanner Field Plot 490 Season 2,FALSE,Maricopa,6000000246,6000003086
height,17026,32.166,MAC Field Scanner Field Plot 490 Season 2,FALSE,Maricopa,6000000246,6000003086
height,17028,31.505,MAC Field Scanner Field Plot 490 Season 2,FALSE,Maricopa,6000000246,6000003086
height,17029,31.505,MAC Field Scanner Field Plot 490 Season 2,FALSE,Maricopa,6000000246,6000003086
height,17030,32.166,MAC Field Scanner Field Plot 490 Season 2,FALSE,Maricopa,6000000246,6000003086
height,17036,32.166,MAC Field Scanner Field Plot 490 Season 2,FALSE,Maricopa,6000000246,6000003086
height,17038,34.149,MAC Field Scanner Field Plot 490 Season 2,FALSE,Maricopa,6000000246,6000003086
height,17040,34.149,MAC Field Scanner Field Plot 490 Season 2,FALSE,Maricopa,6000000246,6000003086
height,17042,33.488,MAC Field Scanner Field Plot 490 Season 2,FALSE,Maricopa,6000000246,6000003086
height,17046,33.488,MAC Field Scanner Field Plot 490 Season 2,FALSE,Maricopa,6000000246,6000003086
height,17049,33.488,MAC Field Scanner Field Plot 490 Season 2,FALSE,Maricopa,6000000246,6000003086
height,17051,47.369,MAC Field Scanner Field Plot 490 Season 2,FALSE,Maricopa,6000000246,6000003086
height,17053,50.674,MAC Field Scanner Field Plot 490 Season 2,FALSE,Maricopa,6000000246,6000003086
height,17054,53.979,MAC Field Scanner Field Plot 490 Season 2,FALSE,Maricopa,6000000246,6000003086
height,17055,57.945,MAC Field Scanner Field Plot 490 Season 2,FALSE,Maricopa,6000000246,6000003086
height,17056,61.911,MAC Field Scanner Field Plot 490 Season 2,FALSE,Maricopa,6000000246,6000003086
height,17058,63.233,MAC Field Scanner Field Plot 490 Season 2,FALSE,Maricopa,6000000246,6000003086
height,17059,66.538,MAC Field Scanner Field Plot 490 Season 2,FALSE,Maricopa,6000000246,6000003086
height,17061,68.521,MAC Field Scanner Field Plot 490 Season 2,FALSE,Maricopa,6000000246,6000003086
height,17064,72.487,MAC Field Scanner Field Plot 490 Season 2,FALSE,Maricopa,6000000246,6000003086
height,17067,75.131,MAC Field Scanner Field Plot 490 Season 2,FALSE,Maricopa,6000000246,6000003086
height,17069,77.114,MAC Field Scanner Field Plot 490 Season 2,FALSE,Maricopa,6000000246,6000003086
height,17070,77.775,MAC Field Scanner Field Plot 490 Season 2,FALSE,Maricopa,6000000246,6000003086
height,17071,78.436,MAC Field Scanner Field Plot 490 Season 2,FALSE,Maricopa,6000000246,6000003086
height,17022,32.166,MAC Field Scanner Field Plot 491 Season 2,FALSE,Maricopa,6000000246,6000003087
height,17024,32.166,MAC Field Scanner Field Plot 491 Season 2,FALSE,Maricopa,6000000246,6000003087
height,17026,32.827,MAC Field Scanner Field Plot 491 Season 2,FALSE,Maricopa,6000000246,6000003087
height,17028,32.166,MAC Field Scanner Field Plot 491 Season 2,FALSE,Maricopa,6000000246,6000003087
height,17029,32.166,MAC Field Scanner Field Plot 491 Season 2,FALSE,Maricopa,6000000246,6000003087
height,17030,32.827,MAC Field Scanner Field Plot 491 Season 2,FALSE,Maricopa,6000000246,6000003087
height,17036,32.166,MAC Field Scanner Field Plot 491 Season 2,FALSE,Maricopa,6000000246,6000003087
height,17038,33.488,MAC Field Scanner Field Plot 491 Season 2,FALSE,Maricopa,6000000246,6000003087
height,17040,33.488,MAC Field Scanner Field Plot 491 Season 2,FALSE,Maricopa,6000000246,6000003087
height,17042,33.488,MAC Field Scanner Field Plot 491 Season 2,FALSE,Maricopa,6000000246,6000003087
height,17046,34.149,MAC Field Scanner Field Plot 491 Season 2,FALSE,Maricopa,6000000246,6000003087
height,17049,34.149,MAC Field Scanner Field Plot 491 Season 2,FALSE,Maricopa,6000000246,6000003087
height,17051,49.352,MAC Field Scanner Field Plot 491 Season 2,FALSE,Maricopa,6000000246,6000003087
height,17053,51.996,MAC Field Scanner Field Plot 491 Season 2,FALSE,Maricopa,6000000246,6000003087
height,17054,55.301,MAC Field Scanner Field Plot 491 Season 2,FALSE,Maricopa,6000000246,6000003087
height,17055,58.606,MAC Field Scanner Field Plot 491 Season 2,FALSE,Maricopa,6000000246,6000003087
height,17056,61.911,MAC Field Scanner Field Plot 491 Season 2,FALSE,Maricopa,6000000246,6000003087
height,17058,63.894,MAC Field Scanner Field Plot 491 Season 2,FALSE,Maricopa,6000000246,6000003087
height,17059,67.199,MAC Field Scanner Field Plot 491 Season 2,FALSE,Maricopa,6000000246,6000003087
height,17061,67.86,MAC Field Scanner Field Plot 491 Season 2,FALSE,Maricopa,6000000246,6000003087
height,17064,70.504,MAC Field Scanner Field Plot 491 Season 2,FALSE,Maricopa,6000000246,6000003087
height,17067,74.47,MAC Field Scanner Field Plot 491 Season 2,FALSE,Maricopa,6000000246,6000003087
height,17069,77.775,MAC Field Scanner Field Plot 491 Season 2,FALSE,Maricopa,6000000246,6000003087
height,17070,77.775,MAC Field Scanner Field Plot 491 Season 2,FALSE,Maricopa,6000000246,6000003087
height,17071,78.436,MAC Field Scanner Field Plot 491 Season 2,FALSE,Maricopa,6000000246,6000003087
height,17022,31.505,MAC Field Scanner Field Plot 153 Season 2,FALSE,Maricopa,6000000358,6000002749
height,17025,31.505,MAC Field Scanner Field Plot 153 Season 2,FALSE,Maricopa,6000000358,6000002749
height,17026,31.505,MAC Field Scanner Field Plot 153 Season 2,FALSE,Maricopa,6000000358,6000002749
height,17027,31.505,MAC Field Scanner Field Plot 153 Season 2,FALSE,Maricopa,6000000358,6000002749
height,17028,30.844,MAC Field Scanner Field Plot 153 Season 2,FALSE,Maricopa,6000000358,6000002749
height,17029,31.505,MAC Field Scanner Field Plot 153 Season 2,FALSE,Maricopa,6000000358,6000002749
height,17030,31.505,MAC Field Scanner Field Plot 153 Season 2,FALSE,Maricopa,6000000358,6000002749
height,17031,31.505,MAC Field Scanner Field Plot 153 Season 2,FALSE,Maricopa,6000000358,6000002749
height,17037,30.844,MAC Field Scanner Field Plot 153 Season 2,FALSE,Maricopa,6000000358,6000002749
height,17039,32.827,MAC Field Scanner Field Plot 153 Season 2,FALSE,Maricopa,6000000358,6000002749
height,17040,32.827,MAC Field Scanner Field Plot 153 Season 2,FALSE,Maricopa,6000000358,6000002749
height,17043,32.827,MAC Field Scanner Field Plot 153 Season 2,FALSE,Maricopa,6000000358,6000002749
height,17047,33.488,MAC Field Scanner Field Plot 153 Season 2,FALSE,Maricopa,6000000358,6000002749
height,17049,33.488,MAC Field Scanner Field Plot 153 Season 2,FALSE,Maricopa,6000000358,6000002749
height,17050,33.488,MAC Field Scanner Field Plot 153 Season 2,FALSE,Maricopa,6000000358,6000002749
height,17051,55.301,MAC Field Scanner Field Plot 153 Season 2,FALSE,Maricopa,6000000358,6000002749
height,17052,57.284,MAC Field Scanner Field Plot 153 Season 2,FALSE,Maricopa,6000000358,6000002749
height,17053,60.589,MAC Field Scanner Field Plot 153 Season 2,FALSE,Maricopa,6000000358,6000002749
height,17056,65.216,MAC Field Scanner Field Plot 153 Season 2,FALSE,Maricopa,6000000358,6000002749
height,17057,67.199,MAC Field Scanner Field Plot 153 Season 2,FALSE,Maricopa,6000000358,6000002749
height,17058,67.86,MAC Field Scanner Field Plot 153 Season 2,FALSE,Maricopa,6000000358,6000002749
height,17061,71.165,MAC Field Scanner Field Plot 153 Season 2,FALSE,Maricopa,6000000358,6000002749
height,17064,72.487,MAC Field Scanner Field Plot 153 Season 2,FALSE,Maricopa,6000000358,6000002749
height,17067,74.47,MAC Field Scanner Field Plot 153 Season 2,FALSE,Maricopa,6000000358,6000002749
height,17069,75.131,MAC Field Scanner Field Plot 153 Season 2,FALSE,Maricopa,6000000358,6000002749
height,17070,76.453,MAC Field Scanner Field Plot 153 Season 2,FALSE,Maricopa,6000000358,6000002749
height,17071,76.453,MAC Field Scanner Field Plot 153 Season 2,FALSE,Maricopa,6000000358,6000002749
height,17022,32.166,MAC Field Scanner Field Plot 152 Season 2,FALSE,Maricopa,6000000358,6000002748
height,17025,32.166,MAC Field Scanner Field Plot 152 Season 2,FALSE,Maricopa,6000000358,6000002748
height,17026,32.166,MAC Field Scanner Field Plot 152 Season 2,FALSE,Maricopa,6000000358,6000002748
height,17027,32.166,MAC Field Scanner Field Plot 152 Season 2,FALSE,Maricopa,6000000358,6000002748
height,17028,31.505,MAC Field Scanner Field Plot 152 Season 2,FALSE,Maricopa,6000000358,6000002748
height,17029,32.166,MAC Field Scanner Field Plot 152 Season 2,FALSE,Maricopa,6000000358,6000002748
height,17030,32.166,MAC Field Scanner Field Plot 152 Season 2,FALSE,Maricopa,6000000358,6000002748
height,17031,32.166,MAC Field Scanner Field Plot 152 Season 2,FALSE,Maricopa,6000000358,6000002748
height,17037,31.505,MAC Field Scanner Field Plot 152 Season 2,FALSE,Maricopa,6000000358,6000002748
height,17039,33.488,MAC Field Scanner Field Plot 152 Season 2,FALSE,Maricopa,6000000358,6000002748
height,17040,32.827,MAC Field Scanner Field Plot 152 Season 2,FALSE,Maricopa,6000000358,6000002748
height,17043,32.827,MAC Field Scanner Field Plot 152 Season 2,FALSE,Maricopa,6000000358,6000002748
height,17047,34.149,MAC Field Scanner Field Plot 152 Season 2,FALSE,Maricopa,6000000358,6000002748
height,17049,33.488,MAC Field Scanner Field Plot 152 Season 2,FALSE,Maricopa,6000000358,6000002748
height,17050,33.488,MAC Field Scanner Field Plot 152 Season 2,FALSE,Maricopa,6000000358,6000002748
height,17051,53.979,MAC Field Scanner Field Plot 152 Season 2,FALSE,Maricopa,6000000358,6000002748
height,17052,56.623,MAC Field Scanner Field Plot 152 Season 2,FALSE,Maricopa,6000000358,6000002748
height,17053,59.267,MAC Field Scanner Field Plot 152 Season 2,FALSE,Maricopa,6000000358,6000002748
height,17054,101.571,MAC Field Scanner Field Plot 152 Season 2,FALSE,Maricopa,6000000358,6000002748
height,17056,63.894,MAC Field Scanner Field Plot 152 Season 2,FALSE,Maricopa,6000000358,6000002748
height,17057,66.538,MAC Field Scanner Field Plot 152 Season 2,FALSE,Maricopa,6000000358,6000002748
height,17058,67.199,MAC Field Scanner Field Plot 152 Season 2,FALSE,Maricopa,6000000358,6000002748
height,17061,70.504,MAC Field Scanner Field Plot 152 Season 2,FALSE,Maricopa,6000000358,6000002748
height,17064,72.487,MAC Field Scanner Field Plot 152 Season 2,FALSE,Maricopa,6000000358,6000002748
height,17067,73.809,MAC Field Scanner Field Plot 152 Season 2,FALSE,Maricopa,6000000358,6000002748
height,17069,74.47,MAC Field Scanner Field Plot 152 Season 2,FALSE,Maricopa,6000000358,6000002748
height,17070,75.131,MAC Field Scanner Field Plot 152 Season 2,FALSE,Maricopa,6000000358,6000002748
height,17071,75.131,MAC Field Scanner Field Plot 152 Season 2,FALSE,Maricopa,6000000358,6000002748
height,17021,31.505,MAC Field Scanner Field Plot 582 Season 2,FALSE,Maricopa,6000000358,6000003178
height,17024,31.505,MAC Field Scanner Field Plot 582 Season 2,FALSE,Maricopa,6000000358,6000003178
height,17026,31.505,MAC Field Scanner Field Plot 582 Season 2,FALSE,Maricopa,6000000358,6000003178
height,17028,30.844,MAC Field Scanner Field Plot 582 Season 2,FALSE,Maricopa,6000000358,6000003178
height,17029,30.844,MAC Field Scanner Field Plot 582 Season 2,FALSE,Maricopa,6000000358,6000003178
height,17030,31.505,MAC Field Scanner Field Plot 582 Season 2,FALSE,Maricopa,6000000358,6000003178
height,17031,31.505,MAC Field Scanner Field Plot 582 Season 2,FALSE,Maricopa,6000000358,6000003178
height,17036,30.844,MAC Field Scanner Field Plot 582 Season 2,FALSE,Maricopa,6000000358,6000003178
height,17038,32.827,MAC Field Scanner Field Plot 582 Season 2,FALSE,Maricopa,6000000358,6000003178
height,17040,40.098,MAC Field Scanner Field Plot 582 Season 2,FALSE,Maricopa,6000000358,6000003178
height,17042,32.827,MAC Field Scanner Field Plot 582 Season 2,FALSE,Maricopa,6000000358,6000003178
height,17046,33.488,MAC Field Scanner Field Plot 582 Season 2,FALSE,Maricopa,6000000358,6000003178
height,17048,33.488,MAC Field Scanner Field Plot 582 Season 2,FALSE,Maricopa,6000000358,6000003178
height,17049,33.488,MAC Field Scanner Field Plot 582 Season 2,FALSE,Maricopa,6000000358,6000003178
height,17050,54.64,MAC Field Scanner Field Plot 582 Season 2,FALSE,Maricopa,6000000358,6000003178
height,17051,59.267,MAC Field Scanner Field Plot 582 Season 2,FALSE,Maricopa,6000000358,6000003178
height,17052,58.606,MAC Field Scanner Field Plot 582 Season 2,FALSE,Maricopa,6000000358,6000003178
height,17053,61.25,MAC Field Scanner Field Plot 582 Season 2,FALSE,Maricopa,6000000358,6000003178
height,17054,63.233,MAC Field Scanner Field Plot 582 Season 2,FALSE,Maricopa,6000000358,6000003178
height,17055,66.538,MAC Field Scanner Field Plot 582 Season 2,FALSE,Maricopa,6000000358,6000003178
height,17056,68.521,MAC Field Scanner Field Plot 582 Season 2,FALSE,Maricopa,6000000358,6000003178
height,17058,69.182,MAC Field Scanner Field Plot 582 Season 2,FALSE,Maricopa,6000000358,6000003178
height,17059,71.165,MAC Field Scanner Field Plot 582 Season 2,FALSE,Maricopa,6000000358,6000003178
height,17064,74.47,MAC Field Scanner Field Plot 582 Season 2,FALSE,Maricopa,6000000358,6000003178
height,17067,75.131,MAC Field Scanner Field Plot 582 Season 2,FALSE,Maricopa,6000000358,6000003178
height,17068,76.453,MAC Field Scanner Field Plot 582 Season 2,FALSE,Maricopa,6000000358,6000003178
height,17070,76.453,MAC Field Scanner Field Plot 582 Season 2,FALSE,Maricopa,6000000358,6000003178
height,17071,79.097,MAC Field Scanner Field Plot 582 Season 2,FALSE,Maricopa,6000000358,6000003178
height,17021,30.844,MAC Field Scanner Field Plot 583 Season 2,FALSE,Maricopa,6000000358,6000003179
height,17024,31.505,MAC Field Scanner Field Plot 583 Season 2,FALSE,Maricopa,6000000358,6000003179
height,17026,30.844,MAC Field Scanner Field Plot 583 Season 2,FALSE,Maricopa,6000000358,6000003179
height,17028,30.844,MAC Field Scanner Field Plot 583 Season 2,FALSE,Maricopa,6000000358,6000003179
height,17029,30.844,MAC Field Scanner Field Plot 583 Season 2,FALSE,Maricopa,6000000358,6000003179
height,17030,31.505,MAC Field Scanner Field Plot 583 Season 2,FALSE,Maricopa,6000000358,6000003179
height,17031,30.844,MAC Field Scanner Field Plot 583 Season 2,FALSE,Maricopa,6000000358,6000003179
height,17036,30.844,MAC Field Scanner Field Plot 583 Season 2,FALSE,Maricopa,6000000358,6000003179
height,17038,32.827,MAC Field Scanner Field Plot 583 Season 2,FALSE,Maricopa,6000000358,6000003179
height,17040,32.827,MAC Field Scanner Field Plot 583 Season 2,FALSE,Maricopa,6000000358,6000003179
height,17042,33.488,MAC Field Scanner Field Plot 583 Season 2,FALSE,Maricopa,6000000358,6000003179
height,17046,33.488,MAC Field Scanner Field Plot 583 Season 2,FALSE,Maricopa,6000000358,6000003179
height,17048,32.827,MAC Field Scanner Field Plot 583 Season 2,FALSE,Maricopa,6000000358,6000003179
height,17049,32.827,MAC Field Scanner Field Plot 583 Season 2,FALSE,Maricopa,6000000358,6000003179
height,17050,55.962,MAC Field Scanner Field Plot 583 Season 2,FALSE,Maricopa,6000000358,6000003179
height,17051,59.928,MAC Field Scanner Field Plot 583 Season 2,FALSE,Maricopa,6000000358,6000003179
height,17052,59.267,MAC Field Scanner Field Plot 583 Season 2,FALSE,Maricopa,6000000358,6000003179
height,17053,63.233,MAC Field Scanner Field Plot 583 Season 2,FALSE,Maricopa,6000000358,6000003179
height,17054,64.555,MAC Field Scanner Field Plot 583 Season 2,FALSE,Maricopa,6000000358,6000003179
height,17055,67.199,MAC Field Scanner Field Plot 583 Season 2,FALSE,Maricopa,6000000358,6000003179
height,17056,69.182,MAC Field Scanner Field Plot 583 Season 2,FALSE,Maricopa,6000000358,6000003179
height,17058,69.843,MAC Field Scanner Field Plot 583 Season 2,FALSE,Maricopa,6000000358,6000003179
height,17059,71.826,MAC Field Scanner Field Plot 583 Season 2,FALSE,Maricopa,6000000358,6000003179
height,17064,74.47,MAC Field Scanner Field Plot 583 Season 2,FALSE,Maricopa,6000000358,6000003179
height,17067,75.131,MAC Field Scanner Field Plot 583 Season 2,FALSE,Maricopa,6000000358,6000003179
height,17068,76.453,MAC Field Scanner Field Plot 583 Season 2,FALSE,Maricopa,6000000358,6000003179
height,17070,77.114,MAC Field Scanner Field Plot 583 Season 2,FALSE,Maricopa,6000000358,6000003179
height,17071,77.775,MAC Field Scanner Field Plot 583 Season 2,FALSE,Maricopa,6000000358,6000003179
height,17022,32.166,MAC Field Scanner Field Plot 330 Season 2,FALSE,Maricopa,6000000359,6000002926
height,17024,32.166,MAC Field Scanner Field Plot 330 Season 2,FALSE,Maricopa,6000000359,6000002926
height,17025,31.505,MAC Field Scanner Field Plot 330 Season 2,FALSE,Maricopa,6000000359,6000002926
height,17026,32.166,MAC Field Scanner Field Plot 330 Season 2,FALSE,Maricopa,6000000359,6000002926
height,17027,31.505,MAC Field Scanner Field Plot 330 Season 2,FALSE,Maricopa,6000000359,6000002926
height,17028,31.505,MAC Field Scanner Field Plot 330 Season 2,FALSE,Maricopa,6000000359,6000002926
height,17029,31.505,MAC Field Scanner Field Plot 330 Season 2,FALSE,Maricopa,6000000359,6000002926
height,17030,31.505,MAC Field Scanner Field Plot 330 Season 2,FALSE,Maricopa,6000000359,6000002926
height,17031,32.166,MAC Field Scanner Field Plot 330 Season 2,FALSE,Maricopa,6000000359,6000002926
height,17037,31.505,MAC Field Scanner Field Plot 330 Season 2,FALSE,Maricopa,6000000359,6000002926
height,17038,33.488,MAC Field Scanner Field Plot 330 Season 2,FALSE,Maricopa,6000000359,6000002926
height,17040,33.488,MAC Field Scanner Field Plot 330 Season 2,FALSE,Maricopa,6000000359,6000002926
height,17043,34.149,MAC Field Scanner Field Plot 330 Season 2,FALSE,Maricopa,6000000359,6000002926
height,17047,34.149,MAC Field Scanner Field Plot 330 Season 2,FALSE,Maricopa,6000000359,6000002926
height,17049,34.149,MAC Field Scanner Field Plot 330 Season 2,FALSE,Maricopa,6000000359,6000002926
height,17050,34.149,MAC Field Scanner Field Plot 330 Season 2,FALSE,Maricopa,6000000359,6000002926
height,17051,55.962,MAC Field Scanner Field Plot 330 Season 2,FALSE,Maricopa,6000000359,6000002926
height,17052,57.945,MAC Field Scanner Field Plot 330 Season 2,FALSE,Maricopa,6000000359,6000002926
height,17053,59.928,MAC Field Scanner Field Plot 330 Season 2,FALSE,Maricopa,6000000359,6000002926
height,17054,62.572,MAC Field Scanner Field Plot 330 Season 2,FALSE,Maricopa,6000000359,6000002926
height,17055,65.877,MAC Field Scanner Field Plot 330 Season 2,FALSE,Maricopa,6000000359,6000002926
height,17057,67.86,MAC Field Scanner Field Plot 330 Season 2,FALSE,Maricopa,6000000359,6000002926
height,17058,69.843,MAC Field Scanner Field Plot 330 Season 2,FALSE,Maricopa,6000000359,6000002926
height,17061,73.148,MAC Field Scanner Field Plot 330 Season 2,FALSE,Maricopa,6000000359,6000002926
height,17064,75.792,MAC Field Scanner Field Plot 330 Season 2,FALSE,Maricopa,6000000359,6000002926
height,17067,77.114,MAC Field Scanner Field Plot 330 Season 2,FALSE,Maricopa,6000000359,6000002926
height,17069,77.114,MAC Field Scanner Field Plot 330 Season 2,FALSE,Maricopa,6000000359,6000002926
height,17070,77.775,MAC Field Scanner Field Plot 330 Season 2,FALSE,Maricopa,6000000359,6000002926
height,17071,77.114,MAC Field Scanner Field Plot 330 Season 2,FALSE,Maricopa,6000000359,6000002926
height,17022,32.166,MAC Field Scanner Field Plot 331 Season 2,FALSE,Maricopa,6000000359,6000002927
height,17024,32.166,MAC Field Scanner Field Plot 331 Season 2,FALSE,Maricopa,6000000359,6000002927
height,17025,31.505,MAC Field Scanner Field Plot 331 Season 2,FALSE,Maricopa,6000000359,6000002927
height,17026,32.166,MAC Field Scanner Field Plot 331 Season 2,FALSE,Maricopa,6000000359,6000002927
height,17027,31.505,MAC Field Scanner Field Plot 331 Season 2,FALSE,Maricopa,6000000359,6000002927
height,17028,31.505,MAC Field Scanner Field Plot 331 Season 2,FALSE,Maricopa,6000000359,6000002927
height,17029,31.505,MAC Field Scanner Field Plot 331 Season 2,FALSE,Maricopa,6000000359,6000002927
height,17030,31.505,MAC Field Scanner Field Plot 331 Season 2,FALSE,Maricopa,6000000359,6000002927
height,17031,32.166,MAC Field Scanner Field Plot 331 Season 2,FALSE,Maricopa,6000000359,6000002927
height,17037,31.505,MAC Field Scanner Field Plot 331 Season 2,FALSE,Maricopa,6000000359,6000002927
height,17038,32.166,MAC Field Scanner Field Plot 331 Season 2,FALSE,Maricopa,6000000359,6000002927
height,17040,32.166,MAC Field Scanner Field Plot 331 Season 2,FALSE,Maricopa,6000000359,6000002927
height,17043,32.827,MAC Field Scanner Field Plot 331 Season 2,FALSE,Maricopa,6000000359,6000002927
height,17047,33.488,MAC Field Scanner Field Plot 331 Season 2,FALSE,Maricopa,6000000359,6000002927
height,17049,33.488,MAC Field Scanner Field Plot 331 Season 2,FALSE,Maricopa,6000000359,6000002927
height,17050,33.488,MAC Field Scanner Field Plot 331 Season 2,FALSE,Maricopa,6000000359,6000002927
height,17051,53.318,MAC Field Scanner Field Plot 331 Season 2,FALSE,Maricopa,6000000359,6000002927
height,17052,55.962,MAC Field Scanner Field Plot 331 Season 2,FALSE,Maricopa,6000000359,6000002927
height,17053,57.945,MAC Field Scanner Field Plot 331 Season 2,FALSE,Maricopa,6000000359,6000002927
height,17054,60.589,MAC Field Scanner Field Plot 331 Season 2,FALSE,Maricopa,6000000359,6000002927
height,17055,63.894,MAC Field Scanner Field Plot 331 Season 2,FALSE,Maricopa,6000000359,6000002927
height,17057,66.538,MAC Field Scanner Field Plot 331 Season 2,FALSE,Maricopa,6000000359,6000002927
height,17058,67.86,MAC Field Scanner Field Plot 331 Season 2,FALSE,Maricopa,6000000359,6000002927
height,17061,72.487,MAC Field Scanner Field Plot 331 Season 2,FALSE,Maricopa,6000000359,6000002927
height,17064,75.131,MAC Field Scanner Field Plot 331 Season 2,FALSE,Maricopa,6000000359,6000002927
height,17067,77.114,MAC Field Scanner Field Plot 331 Season 2,FALSE,Maricopa,6000000359,6000002927
height,17069,77.775,MAC Field Scanner Field Plot 331 Season 2,FALSE,Maricopa,6000000359,6000002927
height,17070,78.436,MAC Field Scanner Field Plot 331 Season 2,FALSE,Maricopa,6000000359,6000002927
height,17071,78.436,MAC Field Scanner Field Plot 331 Season 2,FALSE,Maricopa,6000000359,6000002927
height,17022,31.505,MAC Field Scanner Field Plot 456 Season 2,FALSE,Maricopa,6000000359,6000003052
height,17024,31.505,MAC Field Scanner Field Plot 456 Season 2,FALSE,Maricopa,6000000359,6000003052
height,17026,32.166,MAC Field Scanner Field Plot 456 Season 2,FALSE,Maricopa,6000000359,6000003052
height,17028,31.505,MAC Field Scanner Field Plot 456 Season 2,FALSE,Maricopa,6000000359,6000003052
height,17029,31.505,MAC Field Scanner Field Plot 456 Season 2,FALSE,Maricopa,6000000359,6000003052
height,17030,32.166,MAC Field Scanner Field Plot 456 Season 2,FALSE,Maricopa,6000000359,6000003052
height,17036,31.505,MAC Field Scanner Field Plot 456 Season 2,FALSE,Maricopa,6000000359,6000003052
height,17038,33.488,MAC Field Scanner Field Plot 456 Season 2,FALSE,Maricopa,6000000359,6000003052
height,17040,33.488,MAC Field Scanner Field Plot 456 Season 2,FALSE,Maricopa,6000000359,6000003052
height,17042,33.488,MAC Field Scanner Field Plot 456 Season 2,FALSE,Maricopa,6000000359,6000003052
height,17046,34.149,MAC Field Scanner Field Plot 456 Season 2,FALSE,Maricopa,6000000359,6000003052
height,17049,34.149,MAC Field Scanner Field Plot 456 Season 2,FALSE,Maricopa,6000000359,6000003052
height,17051,55.301,MAC Field Scanner Field Plot 456 Season 2,FALSE,Maricopa,6000000359,6000003052
height,17053,58.606,MAC Field Scanner Field Plot 456 Season 2,FALSE,Maricopa,6000000359,6000003052
height,17054,61.911,MAC Field Scanner Field Plot 456 Season 2,FALSE,Maricopa,6000000359,6000003052
height,17055,63.894,MAC Field Scanner Field Plot 456 Season 2,FALSE,Maricopa,6000000359,6000003052
height,17056,66.538,MAC Field Scanner Field Plot 456 Season 2,FALSE,Maricopa,6000000359,6000003052
height,17058,67.199,MAC Field Scanner Field Plot 456 Season 2,FALSE,Maricopa,6000000359,6000003052
height,17061,71.165,MAC Field Scanner Field Plot 456 Season 2,FALSE,Maricopa,6000000359,6000003052
height,17064,74.47,MAC Field Scanner Field Plot 456 Season 2,FALSE,Maricopa,6000000359,6000003052
height,17067,75.131,MAC Field Scanner Field Plot 456 Season 2,FALSE,Maricopa,6000000359,6000003052
height,17069,76.453,MAC Field Scanner Field Plot 456 Season 2,FALSE,Maricopa,6000000359,6000003052
height,17070,77.114,MAC Field Scanner Field Plot 456 Season 2,FALSE,Maricopa,6000000359,6000003052
height,17071,76.453,MAC Field Scanner Field Plot 456 Season 2,FALSE,Maricopa,6000000359,6000003052
height,17022,32.166,MAC Field Scanner Field Plot 457 Season 2,FALSE,Maricopa,6000000359,6000003053
height,17024,32.827,MAC Field Scanner Field Plot 457 Season 2,FALSE,Maricopa,6000000359,6000003053
height,17026,32.166,MAC Field Scanner Field Plot 457 Season 2,FALSE,Maricopa,6000000359,6000003053
height,17028,32.166,MAC Field Scanner Field Plot 457 Season 2,FALSE,Maricopa,6000000359,6000003053
height,17029,32.166,MAC Field Scanner Field Plot 457 Season 2,FALSE,Maricopa,6000000359,6000003053
height,17030,32.166,MAC Field Scanner Field Plot 457 Season 2,FALSE,Maricopa,6000000359,6000003053
height,17036,32.166,MAC Field Scanner Field Plot 457 Season 2,FALSE,Maricopa,6000000359,6000003053
height,17038,34.149,MAC Field Scanner Field Plot 457 Season 2,FALSE,Maricopa,6000000359,6000003053
height,17040,34.149,MAC Field Scanner Field Plot 457 Season 2,FALSE,Maricopa,6000000359,6000003053
height,17042,34.81,MAC Field Scanner Field Plot 457 Season 2,FALSE,Maricopa,6000000359,6000003053
height,17046,35.471,MAC Field Scanner Field Plot 457 Season 2,FALSE,Maricopa,6000000359,6000003053
height,17049,34.81,MAC Field Scanner Field Plot 457 Season 2,FALSE,Maricopa,6000000359,6000003053
height,17051,58.606,MAC Field Scanner Field Plot 457 Season 2,FALSE,Maricopa,6000000359,6000003053
height,17053,61.25,MAC Field Scanner Field Plot 457 Season 2,FALSE,Maricopa,6000000359,6000003053
height,17054,63.894,MAC Field Scanner Field Plot 457 Season 2,FALSE,Maricopa,6000000359,6000003053
height,17055,67.199,MAC Field Scanner Field Plot 457 Season 2,FALSE,Maricopa,6000000359,6000003053
height,17056,69.182,MAC Field Scanner Field Plot 457 Season 2,FALSE,Maricopa,6000000359,6000003053
height,17058,69.843,MAC Field Scanner Field Plot 457 Season 2,FALSE,Maricopa,6000000359,6000003053
height,17061,74.47,MAC Field Scanner Field Plot 457 Season 2,FALSE,Maricopa,6000000359,6000003053
height,17064,76.453,MAC Field Scanner Field Plot 457 Season 2,FALSE,Maricopa,6000000359,6000003053
height,17067,76.453,MAC Field Scanner Field Plot 457 Season 2,FALSE,Maricopa,6000000359,6000003053
height,17069,77.114,MAC Field Scanner Field Plot 457 Season 2,FALSE,Maricopa,6000000359,6000003053
height,17070,77.775,MAC Field Scanner Field Plot 457 Season 2,FALSE,Maricopa,6000000359,6000003053
height,17071,77.775,MAC Field Scanner Field Plot 457 Season 2,FALSE,Maricopa,6000000359,6000003053
height,17022,31.505,MAC Field Scanner Field Plot 251 Season 2,FALSE,Maricopa,6000000360,6000002847
height,17024,32.166,MAC Field Scanner Field Plot 251 Season 2,FALSE,Maricopa,6000000360,6000002847
height,17025,31.505,MAC Field Scanner Field Plot 251 Season 2,FALSE,Maricopa,6000000360,6000002847
height,17026,32.166,MAC Field Scanner Field Plot 251 Season 2,FALSE,Maricopa,6000000360,6000002847
height,17027,31.505,MAC Field Scanner Field Plot 251 Season 2,FALSE,Maricopa,6000000360,6000002847
height,17028,31.505,MAC Field Scanner Field Plot 251 Season 2,FALSE,Maricopa,6000000360,6000002847
height,17029,31.505,MAC Field Scanner Field Plot 251 Season 2,FALSE,Maricopa,6000000360,6000002847
height,17030,31.505,MAC Field Scanner Field Plot 251 Season 2,FALSE,Maricopa,6000000360,6000002847
height,17031,31.505,MAC Field Scanner Field Plot 251 Season 2,FALSE,Maricopa,6000000360,6000002847
height,17037,32.166,MAC Field Scanner Field Plot 251 Season 2,FALSE,Maricopa,6000000360,6000002847
height,17038,33.488,MAC Field Scanner Field Plot 251 Season 2,FALSE,Maricopa,6000000360,6000002847
height,17040,32.827,MAC Field Scanner Field Plot 251 Season 2,FALSE,Maricopa,6000000360,6000002847
height,17043,33.488,MAC Field Scanner Field Plot 251 Season 2,FALSE,Maricopa,6000000360,6000002847
height,17047,33.488,MAC Field Scanner Field Plot 251 Season 2,FALSE,Maricopa,6000000360,6000002847
height,17049,32.827,MAC Field Scanner Field Plot 251 Season 2,FALSE,Maricopa,6000000360,6000002847
height,17050,33.488,MAC Field Scanner Field Plot 251 Season 2,FALSE,Maricopa,6000000360,6000002847
height,17051,55.301,MAC Field Scanner Field Plot 251 Season 2,FALSE,Maricopa,6000000360,6000002847
height,17052,56.623,MAC Field Scanner Field Plot 251 Season 2,FALSE,Maricopa,6000000360,6000002847
height,17053,59.267,MAC Field Scanner Field Plot 251 Season 2,FALSE,Maricopa,6000000360,6000002847
height,17054,61.911,MAC Field Scanner Field Plot 251 Season 2,FALSE,Maricopa,6000000360,6000002847
height,17056,66.538,MAC Field Scanner Field Plot 251 Season 2,FALSE,Maricopa,6000000360,6000002847
height,17057,69.182,MAC Field Scanner Field Plot 251 Season 2,FALSE,Maricopa,6000000360,6000002847
height,17058,71.826,MAC Field Scanner Field Plot 251 Season 2,FALSE,Maricopa,6000000360,6000002847
height,17061,77.775,MAC Field Scanner Field Plot 251 Season 2,FALSE,Maricopa,6000000360,6000002847
height,17064,81.741,MAC Field Scanner Field Plot 251 Season 2,FALSE,Maricopa,6000000360,6000002847
height,17067,81.741,MAC Field Scanner Field Plot 251 Season 2,FALSE,Maricopa,6000000360,6000002847
height,17069,84.385,MAC Field Scanner Field Plot 251 Season 2,FALSE,Maricopa,6000000360,6000002847
height,17070,85.046,MAC Field Scanner Field Plot 251 Season 2,FALSE,Maricopa,6000000360,6000002847
height,17071,86.368,MAC Field Scanner Field Plot 251 Season 2,FALSE,Maricopa,6000000360,6000002847
height,17022,32.827,MAC Field Scanner Field Plot 250 Season 2,FALSE,Maricopa,6000000360,6000002846
height,17024,32.827,MAC Field Scanner Field Plot 250 Season 2,FALSE,Maricopa,6000000360,6000002846
height,17025,32.827,MAC Field Scanner Field Plot 250 Season 2,FALSE,Maricopa,6000000360,6000002846
height,17026,32.827,MAC Field Scanner Field Plot 250 Season 2,FALSE,Maricopa,6000000360,6000002846
height,17027,32.827,MAC Field Scanner Field Plot 250 Season 2,FALSE,Maricopa,6000000360,6000002846
height,17028,32.166,MAC Field Scanner Field Plot 250 Season 2,FALSE,Maricopa,6000000360,6000002846
height,17029,32.166,MAC Field Scanner Field Plot 250 Season 2,FALSE,Maricopa,6000000360,6000002846
height,17030,32.166,MAC Field Scanner Field Plot 250 Season 2,FALSE,Maricopa,6000000360,6000002846
height,17031,32.827,MAC Field Scanner Field Plot 250 Season 2,FALSE,Maricopa,6000000360,6000002846
height,17037,32.166,MAC Field Scanner Field Plot 250 Season 2,FALSE,Maricopa,6000000360,6000002846
height,17038,36.132,MAC Field Scanner Field Plot 250 Season 2,FALSE,Maricopa,6000000360,6000002846
height,17040,36.132,MAC Field Scanner Field Plot 250 Season 2,FALSE,Maricopa,6000000360,6000002846
height,17043,35.471,MAC Field Scanner Field Plot 250 Season 2,FALSE,Maricopa,6000000360,6000002846
height,17047,35.471,MAC Field Scanner Field Plot 250 Season 2,FALSE,Maricopa,6000000360,6000002846
height,17049,35.471,MAC Field Scanner Field Plot 250 Season 2,FALSE,Maricopa,6000000360,6000002846
height,17050,35.471,MAC Field Scanner Field Plot 250 Season 2,FALSE,Maricopa,6000000360,6000002846
height,17051,55.962,MAC Field Scanner Field Plot 250 Season 2,FALSE,Maricopa,6000000360,6000002846
height,17052,57.945,MAC Field Scanner Field Plot 250 Season 2,FALSE,Maricopa,6000000360,6000002846
height,17053,60.589,MAC Field Scanner Field Plot 250 Season 2,FALSE,Maricopa,6000000360,6000002846
height,17054,63.233,MAC Field Scanner Field Plot 250 Season 2,FALSE,Maricopa,6000000360,6000002846
height,17056,66.538,MAC Field Scanner Field Plot 250 Season 2,FALSE,Maricopa,6000000360,6000002846
height,17057,69.843,MAC Field Scanner Field Plot 250 Season 2,FALSE,Maricopa,6000000360,6000002846
height,17058,71.826,MAC Field Scanner Field Plot 250 Season 2,FALSE,Maricopa,6000000360,6000002846
height,17061,77.114,MAC Field Scanner Field Plot 250 Season 2,FALSE,Maricopa,6000000360,6000002846
height,17064,81.741,MAC Field Scanner Field Plot 250 Season 2,FALSE,Maricopa,6000000360,6000002846
height,17067,82.402,MAC Field Scanner Field Plot 250 Season 2,FALSE,Maricopa,6000000360,6000002846
height,17069,85.046,MAC Field Scanner Field Plot 250 Season 2,FALSE,Maricopa,6000000360,6000002846
height,17070,85.707,MAC Field Scanner Field Plot 250 Season 2,FALSE,Maricopa,6000000360,6000002846
height,17071,86.368,MAC Field Scanner Field Plot 250 Season 2,FALSE,Maricopa,6000000360,6000002846
height,17021,31.505,MAC Field Scanner Field Plot 746 Season 2,FALSE,Maricopa,6000000360,6000003342
height,17023,32.166,MAC Field Scanner Field Plot 746 Season 2,FALSE,Maricopa,6000000360,6000003342
height,17024,31.505,MAC Field Scanner Field Plot 746 Season 2,FALSE,Maricopa,6000000360,6000003342
height,17025,31.505,MAC Field Scanner Field Plot 746 Season 2,FALSE,Maricopa,6000000360,6000003342
height,17026,32.166,MAC Field Scanner Field Plot 746 Season 2,FALSE,Maricopa,6000000360,6000003342
height,17027,32.166,MAC Field Scanner Field Plot 746 Season 2,FALSE,Maricopa,6000000360,6000003342
height,17028,32.166,MAC Field Scanner Field Plot 746 Season 2,FALSE,Maricopa,6000000360,6000003342
height,17029,32.166,MAC Field Scanner Field Plot 746 Season 2,FALSE,Maricopa,6000000360,6000003342
height,17030,31.505,MAC Field Scanner Field Plot 746 Season 2,FALSE,Maricopa,6000000360,6000003342
height,17031,31.505,MAC Field Scanner Field Plot 746 Season 2,FALSE,Maricopa,6000000360,6000003342
height,17036,31.505,MAC Field Scanner Field Plot 746 Season 2,FALSE,Maricopa,6000000360,6000003342
height,17037,32.166,MAC Field Scanner Field Plot 746 Season 2,FALSE,Maricopa,6000000360,6000003342
height,17038,33.488,MAC Field Scanner Field Plot 746 Season 2,FALSE,Maricopa,6000000360,6000003342
height,17040,33.488,MAC Field Scanner Field Plot 746 Season 2,FALSE,Maricopa,6000000360,6000003342
height,17042,32.827,MAC Field Scanner Field Plot 746 Season 2,FALSE,Maricopa,6000000360,6000003342
height,17046,33.488,MAC Field Scanner Field Plot 746 Season 2,FALSE,Maricopa,6000000360,6000003342
height,17048,33.488,MAC Field Scanner Field Plot 746 Season 2,FALSE,Maricopa,6000000360,6000003342
height,17049,34.149,MAC Field Scanner Field Plot 746 Season 2,FALSE,Maricopa,6000000360,6000003342
height,17050,57.284,MAC Field Scanner Field Plot 746 Season 2,FALSE,Maricopa,6000000360,6000003342
height,17051,59.267,MAC Field Scanner Field Plot 746 Season 2,FALSE,Maricopa,6000000360,6000003342
height,17052,61.911,MAC Field Scanner Field Plot 746 Season 2,FALSE,Maricopa,6000000360,6000003342
height,17054,65.216,MAC Field Scanner Field Plot 746 Season 2,FALSE,Maricopa,6000000360,6000003342
height,17055,69.843,MAC Field Scanner Field Plot 746 Season 2,FALSE,Maricopa,6000000360,6000003342
height,17056,73.148,MAC Field Scanner Field Plot 746 Season 2,FALSE,Maricopa,6000000360,6000003342
height,17057,75.131,MAC Field Scanner Field Plot 746 Season 2,FALSE,Maricopa,6000000360,6000003342
height,17059,77.114,MAC Field Scanner Field Plot 746 Season 2,FALSE,Maricopa,6000000360,6000003342
height,17064,81.08,MAC Field Scanner Field Plot 746 Season 2,FALSE,Maricopa,6000000360,6000003342
height,17066,81.08,MAC Field Scanner Field Plot 746 Season 2,FALSE,Maricopa,6000000360,6000003342
height,17068,82.402,MAC Field Scanner Field Plot 746 Season 2,FALSE,Maricopa,6000000360,6000003342
height,17069,82.402,MAC Field Scanner Field Plot 746 Season 2,FALSE,Maricopa,6000000360,6000003342
height,17070,83.724,MAC Field Scanner Field Plot 746 Season 2,FALSE,Maricopa,6000000360,6000003342
height,17071,82.402,MAC Field Scanner Field Plot 746 Season 2,FALSE,Maricopa,6000000360,6000003342
height,17072,83.063,MAC Field Scanner Field Plot 746 Season 2,FALSE,Maricopa,6000000360,6000003342
height,17021,31.505,MAC Field Scanner Field Plot 747 Season 2,FALSE,Maricopa,6000000360,6000003343
height,17023,32.166,MAC Field Scanner Field Plot 747 Season 2,FALSE,Maricopa,6000000360,6000003343
height,17024,31.505,MAC Field Scanner Field Plot 747 Season 2,FALSE,Maricopa,6000000360,6000003343
height,17025,31.505,MAC Field Scanner Field Plot 747 Season 2,FALSE,Maricopa,6000000360,6000003343
height,17026,32.166,MAC Field Scanner Field Plot 747 Season 2,FALSE,Maricopa,6000000360,6000003343
height,17027,31.505,MAC Field Scanner Field Plot 747 Season 2,FALSE,Maricopa,6000000360,6000003343
height,17028,31.505,MAC Field Scanner Field Plot 747 Season 2,FALSE,Maricopa,6000000360,6000003343
height,17029,31.505,MAC Field Scanner Field Plot 747 Season 2,FALSE,Maricopa,6000000360,6000003343
height,17030,32.166,MAC Field Scanner Field Plot 747 Season 2,FALSE,Maricopa,6000000360,6000003343
height,17031,32.166,MAC Field Scanner Field Plot 747 Season 2,FALSE,Maricopa,6000000360,6000003343
height,17036,32.166,MAC Field Scanner Field Plot 747 Season 2,FALSE,Maricopa,6000000360,6000003343
height,17037,32.166,MAC Field Scanner Field Plot 747 Season 2,FALSE,Maricopa,6000000360,6000003343
height,17038,34.149,MAC Field Scanner Field Plot 747 Season 2,FALSE,Maricopa,6000000360,6000003343
height,17040,34.149,MAC Field Scanner Field Plot 747 Season 2,FALSE,Maricopa,6000000360,6000003343
height,17042,34.149,MAC Field Scanner Field Plot 747 Season 2,FALSE,Maricopa,6000000360,6000003343
height,17046,34.81,MAC Field Scanner Field Plot 747 Season 2,FALSE,Maricopa,6000000360,6000003343
height,17048,34.81,MAC Field Scanner Field Plot 747 Season 2,FALSE,Maricopa,6000000360,6000003343
height,17049,34.81,MAC Field Scanner Field Plot 747 Season 2,FALSE,Maricopa,6000000360,6000003343
height,17050,53.979,MAC Field Scanner Field Plot 747 Season 2,FALSE,Maricopa,6000000360,6000003343
height,17051,57.284,MAC Field Scanner Field Plot 747 Season 2,FALSE,Maricopa,6000000360,6000003343
height,17052,59.267,MAC Field Scanner Field Plot 747 Season 2,FALSE,Maricopa,6000000360,6000003343
height,17054,62.572,MAC Field Scanner Field Plot 747 Season 2,FALSE,Maricopa,6000000360,6000003343
height,17055,66.538,MAC Field Scanner Field Plot 747 Season 2,FALSE,Maricopa,6000000360,6000003343
height,17056,69.843,MAC Field Scanner Field Plot 747 Season 2,FALSE,Maricopa,6000000360,6000003343
height,17057,71.165,MAC Field Scanner Field Plot 747 Season 2,FALSE,Maricopa,6000000360,6000003343
height,17059,75.131,MAC Field Scanner Field Plot 747 Season 2,FALSE,Maricopa,6000000360,6000003343
height,17064,81.08,MAC Field Scanner Field Plot 747 Season 2,FALSE,Maricopa,6000000360,6000003343
height,17066,82.402,MAC Field Scanner Field Plot 747 Season 2,FALSE,Maricopa,6000000360,6000003343
height,17068,83.063,MAC Field Scanner Field Plot 747 Season 2,FALSE,Maricopa,6000000360,6000003343
height,17069,83.063,MAC Field Scanner Field Plot 747 Season 2,FALSE,Maricopa,6000000360,6000003343
height,17070,84.385,MAC Field Scanner Field Plot 747 Season 2,FALSE,Maricopa,6000000360,6000003343
height,17071,81.08,MAC Field Scanner Field Plot 747 Season 2,FALSE,Maricopa,6000000360,6000003343
height,17072,83.724,MAC Field Scanner Field Plot 747 Season 2,FALSE,Maricopa,6000000360,6000003343
height,17022,31.505,MAC Field Scanner Field Plot 275 Season 2,FALSE,Maricopa,6000000361,6000002871
height,17024,32.166,MAC Field Scanner Field Plot 275 Season 2,FALSE,Maricopa,6000000361,6000002871
height,17025,31.505,MAC Field Scanner Field Plot 275 Season 2,FALSE,Maricopa,6000000361,6000002871
height,17026,31.505,MAC Field Scanner Field Plot 275 Season 2,FALSE,Maricopa,6000000361,6000002871
height,17027,31.505,MAC Field Scanner Field Plot 275 Season 2,FALSE,Maricopa,6000000361,6000002871
height,17028,31.505,MAC Field Scanner Field Plot 275 Season 2,FALSE,Maricopa,6000000361,6000002871
height,17029,31.505,MAC Field Scanner Field Plot 275 Season 2,FALSE,Maricopa,6000000361,6000002871
height,17030,31.505,MAC Field Scanner Field Plot 275 Season 2,FALSE,Maricopa,6000000361,6000002871
height,17031,31.505,MAC Field Scanner Field Plot 275 Season 2,FALSE,Maricopa,6000000361,6000002871
height,17037,31.505,MAC Field Scanner Field Plot 275 Season 2,FALSE,Maricopa,6000000361,6000002871
height,17038,32.827,MAC Field Scanner Field Plot 275 Season 2,FALSE,Maricopa,6000000361,6000002871
height,17040,32.827,MAC Field Scanner Field Plot 275 Season 2,FALSE,Maricopa,6000000361,6000002871
height,17043,32.827,MAC Field Scanner Field Plot 275 Season 2,FALSE,Maricopa,6000000361,6000002871
height,17047,33.488,MAC Field Scanner Field Plot 275 Season 2,FALSE,Maricopa,6000000361,6000002871
height,17049,33.488,MAC Field Scanner Field Plot 275 Season 2,FALSE,Maricopa,6000000361,6000002871
height,17050,33.488,MAC Field Scanner Field Plot 275 Season 2,FALSE,Maricopa,6000000361,6000002871
height,17051,55.301,MAC Field Scanner Field Plot 275 Season 2,FALSE,Maricopa,6000000361,6000002871
height,17052,58.606,MAC Field Scanner Field Plot 275 Season 2,FALSE,Maricopa,6000000361,6000002871
height,17053,60.589,MAC Field Scanner Field Plot 275 Season 2,FALSE,Maricopa,6000000361,6000002871
height,17054,63.894,MAC Field Scanner Field Plot 275 Season 2,FALSE,Maricopa,6000000361,6000002871
height,17056,66.538,MAC Field Scanner Field Plot 275 Season 2,FALSE,Maricopa,6000000361,6000002871
height,17057,69.182,MAC Field Scanner Field Plot 275 Season 2,FALSE,Maricopa,6000000361,6000002871
height,17058,69.843,MAC Field Scanner Field Plot 275 Season 2,FALSE,Maricopa,6000000361,6000002871
height,17061,73.148,MAC Field Scanner Field Plot 275 Season 2,FALSE,Maricopa,6000000361,6000002871
height,17064,75.131,MAC Field Scanner Field Plot 275 Season 2,FALSE,Maricopa,6000000361,6000002871
height,17067,77.114,MAC Field Scanner Field Plot 275 Season 2,FALSE,Maricopa,6000000361,6000002871
height,17069,76.453,MAC Field Scanner Field Plot 275 Season 2,FALSE,Maricopa,6000000361,6000002871
height,17070,77.114,MAC Field Scanner Field Plot 275 Season 2,FALSE,Maricopa,6000000361,6000002871
height,17071,77.114,MAC Field Scanner Field Plot 275 Season 2,FALSE,Maricopa,6000000361,6000002871
height,17022,32.166,MAC Field Scanner Field Plot 274 Season 2,FALSE,Maricopa,6000000361,6000002870
height,17025,31.505,MAC Field Scanner Field Plot 274 Season 2,FALSE,Maricopa,6000000361,6000002870
height,17026,32.827,MAC Field Scanner Field Plot 274 Season 2,FALSE,Maricopa,6000000361,6000002870
height,17027,32.827,MAC Field Scanner Field Plot 274 Season 2,FALSE,Maricopa,6000000361,6000002870
height,17028,32.827,MAC Field Scanner Field Plot 274 Season 2,FALSE,Maricopa,6000000361,6000002870
height,17029,32.827,MAC Field Scanner Field Plot 274 Season 2,FALSE,Maricopa,6000000361,6000002870
height,17030,32.827,MAC Field Scanner Field Plot 274 Season 2,FALSE,Maricopa,6000000361,6000002870
height,17031,32.166,MAC Field Scanner Field Plot 274 Season 2,FALSE,Maricopa,6000000361,6000002870
height,17037,32.166,MAC Field Scanner Field Plot 274 Season 2,FALSE,Maricopa,6000000361,6000002870
height,17038,32.827,MAC Field Scanner Field Plot 274 Season 2,FALSE,Maricopa,6000000361,6000002870
height,17040,33.488,MAC Field Scanner Field Plot 274 Season 2,FALSE,Maricopa,6000000361,6000002870
height,17043,33.488,MAC Field Scanner Field Plot 274 Season 2,FALSE,Maricopa,6000000361,6000002870
height,17047,34.149,MAC Field Scanner Field Plot 274 Season 2,FALSE,Maricopa,6000000361,6000002870
height,17049,34.149,MAC Field Scanner Field Plot 274 Season 2,FALSE,Maricopa,6000000361,6000002870
height,17050,34.149,MAC Field Scanner Field Plot 274 Season 2,FALSE,Maricopa,6000000361,6000002870
height,17051,49.352,MAC Field Scanner Field Plot 274 Season 2,FALSE,Maricopa,6000000361,6000002870
height,17052,51.996,MAC Field Scanner Field Plot 274 Season 2,FALSE,Maricopa,6000000361,6000002870
height,17053,56.623,MAC Field Scanner Field Plot 274 Season 2,FALSE,Maricopa,6000000361,6000002870
height,17054,59.267,MAC Field Scanner Field Plot 274 Season 2,FALSE,Maricopa,6000000361,6000002870
height,17056,61.911,MAC Field Scanner Field Plot 274 Season 2,FALSE,Maricopa,6000000361,6000002870
height,17057,64.555,MAC Field Scanner Field Plot 274 Season 2,FALSE,Maricopa,6000000361,6000002870
height,17058,65.877,MAC Field Scanner Field Plot 274 Season 2,FALSE,Maricopa,6000000361,6000002870
height,17061,69.843,MAC Field Scanner Field Plot 274 Season 2,FALSE,Maricopa,6000000361,6000002870
height,17064,71.165,MAC Field Scanner Field Plot 274 Season 2,FALSE,Maricopa,6000000361,6000002870
height,17067,74.47,MAC Field Scanner Field Plot 274 Season 2,FALSE,Maricopa,6000000361,6000002870
height,17069,73.809,MAC Field Scanner Field Plot 274 Season 2,FALSE,Maricopa,6000000361,6000002870
height,17070,74.47,MAC Field Scanner Field Plot 274 Season 2,FALSE,Maricopa,6000000361,6000002870
height,17071,76.453,MAC Field Scanner Field Plot 274 Season 2,FALSE,Maricopa,6000000361,6000002870
height,17021,31.505,MAC Field Scanner Field Plot 782 Season 2,FALSE,Maricopa,6000000361,6000003378
height,17023,32.166,MAC Field Scanner Field Plot 782 Season 2,FALSE,Maricopa,6000000361,6000003378
height,17024,31.505,MAC Field Scanner Field Plot 782 Season 2,FALSE,Maricopa,6000000361,6000003378
height,17025,31.505,MAC Field Scanner Field Plot 782 Season 2,FALSE,Maricopa,6000000361,6000003378
height,17026,31.505,MAC Field Scanner Field Plot 782 Season 2,FALSE,Maricopa,6000000361,6000003378
height,17027,32.166,MAC Field Scanner Field Plot 782 Season 2,FALSE,Maricopa,6000000361,6000003378
height,17028,32.166,MAC Field Scanner Field Plot 782 Season 2,FALSE,Maricopa,6000000361,6000003378
height,17029,32.166,MAC Field Scanner Field Plot 782 Season 2,FALSE,Maricopa,6000000361,6000003378
height,17030,31.505,MAC Field Scanner Field Plot 782 Season 2,FALSE,Maricopa,6000000361,6000003378
height,17031,31.505,MAC Field Scanner Field Plot 782 Season 2,FALSE,Maricopa,6000000361,6000003378
height,17036,31.505,MAC Field Scanner Field Plot 782 Season 2,FALSE,Maricopa,6000000361,6000003378
height,17037,65.216,MAC Field Scanner Field Plot 782 Season 2,FALSE,Maricopa,6000000361,6000003378
height,17038,32.827,MAC Field Scanner Field Plot 782 Season 2,FALSE,Maricopa,6000000361,6000003378
height,17040,32.827,MAC Field Scanner Field Plot 782 Season 2,FALSE,Maricopa,6000000361,6000003378
height,17042,33.488,MAC Field Scanner Field Plot 782 Season 2,FALSE,Maricopa,6000000361,6000003378
height,17046,34.149,MAC Field Scanner Field Plot 782 Season 2,FALSE,Maricopa,6000000361,6000003378
height,17048,33.488,MAC Field Scanner Field Plot 782 Season 2,FALSE,Maricopa,6000000361,6000003378
height,17049,34.149,MAC Field Scanner Field Plot 782 Season 2,FALSE,Maricopa,6000000361,6000003378
height,17050,54.64,MAC Field Scanner Field Plot 782 Season 2,FALSE,Maricopa,6000000361,6000003378
height,17051,57.284,MAC Field Scanner Field Plot 782 Season 2,FALSE,Maricopa,6000000361,6000003378
height,17052,59.267,MAC Field Scanner Field Plot 782 Season 2,FALSE,Maricopa,6000000361,6000003378
height,17054,61.911,MAC Field Scanner Field Plot 782 Season 2,FALSE,Maricopa,6000000361,6000003378
height,17055,64.555,MAC Field Scanner Field Plot 782 Season 2,FALSE,Maricopa,6000000361,6000003378
height,17056,67.86,MAC Field Scanner Field Plot 782 Season 2,FALSE,Maricopa,6000000361,6000003378
height,17057,69.182,MAC Field Scanner Field Plot 782 Season 2,FALSE,Maricopa,6000000361,6000003378
height,17059,71.165,MAC Field Scanner Field Plot 782 Season 2,FALSE,Maricopa,6000000361,6000003378
height,17064,74.47,MAC Field Scanner Field Plot 782 Season 2,FALSE,Maricopa,6000000361,6000003378
height,17066,75.131,MAC Field Scanner Field Plot 782 Season 2,FALSE,Maricopa,6000000361,6000003378
height,17068,75.792,MAC Field Scanner Field Plot 782 Season 2,FALSE,Maricopa,6000000361,6000003378
height,17069,75.792,MAC Field Scanner Field Plot 782 Season 2,FALSE,Maricopa,6000000361,6000003378
height,17070,76.453,MAC Field Scanner Field Plot 782 Season 2,FALSE,Maricopa,6000000361,6000003378
height,17072,75.792,MAC Field Scanner Field Plot 782 Season 2,FALSE,Maricopa,6000000361,6000003378
height,17021,32.166,MAC Field Scanner Field Plot 783 Season 2,FALSE,Maricopa,6000000361,6000003379
height,17024,31.505,MAC Field Scanner Field Plot 783 Season 2,FALSE,Maricopa,6000000361,6000003379
height,17025,31.505,MAC Field Scanner Field Plot 783 Season 2,FALSE,Maricopa,6000000361,6000003379
height,17026,32.166,MAC Field Scanner Field Plot 783 Season 2,FALSE,Maricopa,6000000361,6000003379
height,17027,31.505,MAC Field Scanner Field Plot 783 Season 2,FALSE,Maricopa,6000000361,6000003379
height,17028,31.505,MAC Field Scanner Field Plot 783 Season 2,FALSE,Maricopa,6000000361,6000003379
height,17029,31.505,MAC Field Scanner Field Plot 783 Season 2,FALSE,Maricopa,6000000361,6000003379
height,17030,32.166,MAC Field Scanner Field Plot 783 Season 2,FALSE,Maricopa,6000000361,6000003379
height,17031,32.166,MAC Field Scanner Field Plot 783 Season 2,FALSE,Maricopa,6000000361,6000003379
height,17036,32.166,MAC Field Scanner Field Plot 783 Season 2,FALSE,Maricopa,6000000361,6000003379
height,17037,31.505,MAC Field Scanner Field Plot 783 Season 2,FALSE,Maricopa,6000000361,6000003379
height,17038,33.488,MAC Field Scanner Field Plot 783 Season 2,FALSE,Maricopa,6000000361,6000003379
height,17040,33.488,MAC Field Scanner Field Plot 783 Season 2,FALSE,Maricopa,6000000361,6000003379
height,17042,32.827,MAC Field Scanner Field Plot 783 Season 2,FALSE,Maricopa,6000000361,6000003379
height,17046,33.488,MAC Field Scanner Field Plot 783 Season 2,FALSE,Maricopa,6000000361,6000003379
height,17048,34.149,MAC Field Scanner Field Plot 783 Season 2,FALSE,Maricopa,6000000361,6000003379
height,17049,33.488,MAC Field Scanner Field Plot 783 Season 2,FALSE,Maricopa,6000000361,6000003379
height,17050,48.691,MAC Field Scanner Field Plot 783 Season 2,FALSE,Maricopa,6000000361,6000003379
height,17051,52.657,MAC Field Scanner Field Plot 783 Season 2,FALSE,Maricopa,6000000361,6000003379
height,17052,59.267,MAC Field Scanner Field Plot 783 Season 2,FALSE,Maricopa,6000000361,6000003379
height,17054,62.572,MAC Field Scanner Field Plot 783 Season 2,FALSE,Maricopa,6000000361,6000003379
height,17055,64.555,MAC Field Scanner Field Plot 783 Season 2,FALSE,Maricopa,6000000361,6000003379
height,17056,66.538,MAC Field Scanner Field Plot 783 Season 2,FALSE,Maricopa,6000000361,6000003379
height,17057,66.538,MAC Field Scanner Field Plot 783 Season 2,FALSE,Maricopa,6000000361,6000003379
height,17059,67.86,MAC Field Scanner Field Plot 783 Season 2,FALSE,Maricopa,6000000361,6000003379
height,17064,72.487,MAC Field Scanner Field Plot 783 Season 2,FALSE,Maricopa,6000000361,6000003379
height,17066,72.487,MAC Field Scanner Field Plot 783 Season 2,FALSE,Maricopa,6000000361,6000003379
height,17068,73.809,MAC Field Scanner Field Plot 783 Season 2,FALSE,Maricopa,6000000361,6000003379
height,17069,74.47,MAC Field Scanner Field Plot 783 Season 2,FALSE,Maricopa,6000000361,6000003379
height,17070,76.453,MAC Field Scanner Field Plot 783 Season 2,FALSE,Maricopa,6000000361,6000003379
height,17072,75.792,MAC Field Scanner Field Plot 783 Season 2,FALSE,Maricopa,6000000361,6000003379
height,17022,30.844,MAC Field Scanner Field Plot 366 Season 2,FALSE,Maricopa,6000000362,6000002962
height,17024,30.844,MAC Field Scanner Field Plot 366 Season 2,FALSE,Maricopa,6000000362,6000002962
height,17025,31.505,MAC Field Scanner Field Plot 366 Season 2,FALSE,Maricopa,6000000362,6000002962
height,17026,31.505,MAC Field Scanner Field Plot 366 Season 2,FALSE,Maricopa,6000000362,6000002962
height,17028,31.505,MAC Field Scanner Field Plot 366 Season 2,FALSE,Maricopa,6000000362,6000002962
height,17029,31.505,MAC Field Scanner Field Plot 366 Season 2,FALSE,Maricopa,6000000362,6000002962
height,17030,31.505,MAC Field Scanner Field Plot 366 Season 2,FALSE,Maricopa,6000000362,6000002962
height,17031,31.505,MAC Field Scanner Field Plot 366 Season 2,FALSE,Maricopa,6000000362,6000002962
height,17036,31.505,MAC Field Scanner Field Plot 366 Season 2,FALSE,Maricopa,6000000362,6000002962
height,17038,33.488,MAC Field Scanner Field Plot 366 Season 2,FALSE,Maricopa,6000000362,6000002962
height,17040,33.488,MAC Field Scanner Field Plot 366 Season 2,FALSE,Maricopa,6000000362,6000002962
height,17043,32.827,MAC Field Scanner Field Plot 366 Season 2,FALSE,Maricopa,6000000362,6000002962
height,17047,34.149,MAC Field Scanner Field Plot 366 Season 2,FALSE,Maricopa,6000000362,6000002962
height,17049,34.149,MAC Field Scanner Field Plot 366 Season 2,FALSE,Maricopa,6000000362,6000002962
height,17050,34.149,MAC Field Scanner Field Plot 366 Season 2,FALSE,Maricopa,6000000362,6000002962
height,17051,44.064,MAC Field Scanner Field Plot 366 Season 2,FALSE,Maricopa,6000000362,6000002962
height,17052,46.708,MAC Field Scanner Field Plot 366 Season 2,FALSE,Maricopa,6000000362,6000002962
height,17053,49.352,MAC Field Scanner Field Plot 366 Season 2,FALSE,Maricopa,6000000362,6000002962
height,17054,52.657,MAC Field Scanner Field Plot 366 Season 2,FALSE,Maricopa,6000000362,6000002962
height,17055,56.623,MAC Field Scanner Field Plot 366 Season 2,FALSE,Maricopa,6000000362,6000002962
height,17056,59.267,MAC Field Scanner Field Plot 366 Season 2,FALSE,Maricopa,6000000362,6000002962
height,17058,61.25,MAC Field Scanner Field Plot 366 Season 2,FALSE,Maricopa,6000000362,6000002962
height,17061,67.199,MAC Field Scanner Field Plot 366 Season 2,FALSE,Maricopa,6000000362,6000002962
height,17064,71.165,MAC Field Scanner Field Plot 366 Season 2,FALSE,Maricopa,6000000362,6000002962
height,17067,76.453,MAC Field Scanner Field Plot 366 Season 2,FALSE,Maricopa,6000000362,6000002962
height,17069,78.436,MAC Field Scanner Field Plot 366 Season 2,FALSE,Maricopa,6000000362,6000002962
height,17070,79.097,MAC Field Scanner Field Plot 366 Season 2,FALSE,Maricopa,6000000362,6000002962
height,17071,79.097,MAC Field Scanner Field Plot 366 Season 2,FALSE,Maricopa,6000000362,6000002962
height,17022,32.827,MAC Field Scanner Field Plot 367 Season 2,FALSE,Maricopa,6000000362,6000002963
height,17025,31.505,MAC Field Scanner Field Plot 367 Season 2,FALSE,Maricopa,6000000362,6000002963
height,17026,31.505,MAC Field Scanner Field Plot 367 Season 2,FALSE,Maricopa,6000000362,6000002963
height,17028,31.505,MAC Field Scanner Field Plot 367 Season 2,FALSE,Maricopa,6000000362,6000002963
height,17029,31.505,MAC Field Scanner Field Plot 367 Season 2,FALSE,Maricopa,6000000362,6000002963
height,17030,31.505,MAC Field Scanner Field Plot 367 Season 2,FALSE,Maricopa,6000000362,6000002963
height,17031,31.505,MAC Field Scanner Field Plot 367 Season 2,FALSE,Maricopa,6000000362,6000002963
height,17036,31.505,MAC Field Scanner Field Plot 367 Season 2,FALSE,Maricopa,6000000362,6000002963
height,17038,33.488,MAC Field Scanner Field Plot 367 Season 2,FALSE,Maricopa,6000000362,6000002963
height,17040,33.488,MAC Field Scanner Field Plot 367 Season 2,FALSE,Maricopa,6000000362,6000002963
height,17043,32.827,MAC Field Scanner Field Plot 367 Season 2,FALSE,Maricopa,6000000362,6000002963
height,17047,33.488,MAC Field Scanner Field Plot 367 Season 2,FALSE,Maricopa,6000000362,6000002963
height,17049,33.488,MAC Field Scanner Field Plot 367 Season 2,FALSE,Maricopa,6000000362,6000002963
height,17050,33.488,MAC Field Scanner Field Plot 367 Season 2,FALSE,Maricopa,6000000362,6000002963
height,17051,40.759,MAC Field Scanner Field Plot 367 Season 2,FALSE,Maricopa,6000000362,6000002963
height,17052,44.064,MAC Field Scanner Field Plot 367 Season 2,FALSE,Maricopa,6000000362,6000002963
height,17053,51.996,MAC Field Scanner Field Plot 367 Season 2,FALSE,Maricopa,6000000362,6000002963
height,17054,55.301,MAC Field Scanner Field Plot 367 Season 2,FALSE,Maricopa,6000000362,6000002963
height,17055,59.928,MAC Field Scanner Field Plot 367 Season 2,FALSE,Maricopa,6000000362,6000002963
height,17056,61.911,MAC Field Scanner Field Plot 367 Season 2,FALSE,Maricopa,6000000362,6000002963
height,17058,63.894,MAC Field Scanner Field Plot 367 Season 2,FALSE,Maricopa,6000000362,6000002963
height,17061,69.843,MAC Field Scanner Field Plot 367 Season 2,FALSE,Maricopa,6000000362,6000002963
height,17064,71.826,MAC Field Scanner Field Plot 367 Season 2,FALSE,Maricopa,6000000362,6000002963
height,17067,75.792,MAC Field Scanner Field Plot 367 Season 2,FALSE,Maricopa,6000000362,6000002963
height,17069,77.775,MAC Field Scanner Field Plot 367 Season 2,FALSE,Maricopa,6000000362,6000002963
height,17070,79.097,MAC Field Scanner Field Plot 367 Season 2,FALSE,Maricopa,6000000362,6000002963
height,17071,85.046,MAC Field Scanner Field Plot 367 Season 2,FALSE,Maricopa,6000000362,6000002963
height,17021,31.505,MAC Field Scanner Field Plot 639 Season 2,FALSE,Maricopa,6000000362,6000003235
height,17024,32.166,MAC Field Scanner Field Plot 639 Season 2,FALSE,Maricopa,6000000362,6000003235
height,17025,31.505,MAC Field Scanner Field Plot 639 Season 2,FALSE,Maricopa,6000000362,6000003235
height,17026,32.166,MAC Field Scanner Field Plot 639 Season 2,FALSE,Maricopa,6000000362,6000003235
height,17028,31.505,MAC Field Scanner Field Plot 639 Season 2,FALSE,Maricopa,6000000362,6000003235
height,17029,31.505,MAC Field Scanner Field Plot 639 Season 2,FALSE,Maricopa,6000000362,6000003235
height,17030,32.166,MAC Field Scanner Field Plot 639 Season 2,FALSE,Maricopa,6000000362,6000003235
height,17031,31.505,MAC Field Scanner Field Plot 639 Season 2,FALSE,Maricopa,6000000362,6000003235
height,17036,31.505,MAC Field Scanner Field Plot 639 Season 2,FALSE,Maricopa,6000000362,6000003235
height,17038,33.488,MAC Field Scanner Field Plot 639 Season 2,FALSE,Maricopa,6000000362,6000003235
height,17040,33.488,MAC Field Scanner Field Plot 639 Season 2,FALSE,Maricopa,6000000362,6000003235
height,17042,33.488,MAC Field Scanner Field Plot 639 Season 2,FALSE,Maricopa,6000000362,6000003235
height,17046,34.149,MAC Field Scanner Field Plot 639 Season 2,FALSE,Maricopa,6000000362,6000003235
height,17048,34.149,MAC Field Scanner Field Plot 639 Season 2,FALSE,Maricopa,6000000362,6000003235
height,17049,34.149,MAC Field Scanner Field Plot 639 Season 2,FALSE,Maricopa,6000000362,6000003235
height,17050,48.03,MAC Field Scanner Field Plot 639 Season 2,FALSE,Maricopa,6000000362,6000003235
height,17051,50.013,MAC Field Scanner Field Plot 639 Season 2,FALSE,Maricopa,6000000362,6000003235
height,17052,52.657,MAC Field Scanner Field Plot 639 Season 2,FALSE,Maricopa,6000000362,6000003235
height,17054,55.962,MAC Field Scanner Field Plot 639 Season 2,FALSE,Maricopa,6000000362,6000003235
height,17055,59.928,MAC Field Scanner Field Plot 639 Season 2,FALSE,Maricopa,6000000362,6000003235
height,17056,62.572,MAC Field Scanner Field Plot 639 Season 2,FALSE,Maricopa,6000000362,6000003235
height,17058,63.894,MAC Field Scanner Field Plot 639 Season 2,FALSE,Maricopa,6000000362,6000003235
height,17059,67.86,MAC Field Scanner Field Plot 639 Season 2,FALSE,Maricopa,6000000362,6000003235
height,17064,76.453,MAC Field Scanner Field Plot 639 Season 2,FALSE,Maricopa,6000000362,6000003235
height,17067,81.741,MAC Field Scanner Field Plot 639 Season 2,FALSE,Maricopa,6000000362,6000003235
height,17068,83.724,MAC Field Scanner Field Plot 639 Season 2,FALSE,Maricopa,6000000362,6000003235
height,17069,84.385,MAC Field Scanner Field Plot 639 Season 2,FALSE,Maricopa,6000000362,6000003235
height,17070,82.402,MAC Field Scanner Field Plot 639 Season 2,FALSE,Maricopa,6000000362,6000003235
height,17071,79.758,MAC Field Scanner Field Plot 639 Season 2,FALSE,Maricopa,6000000362,6000003235
height,17072,81.08,MAC Field Scanner Field Plot 639 Season 2,FALSE,Maricopa,6000000362,6000003235
height,17021,31.505,MAC Field Scanner Field Plot 638 Season 2,FALSE,Maricopa,6000000362,6000003234
height,17024,31.505,MAC Field Scanner Field Plot 638 Season 2,FALSE,Maricopa,6000000362,6000003234
height,17025,30.844,MAC Field Scanner Field Plot 638 Season 2,FALSE,Maricopa,6000000362,6000003234
height,17026,31.505,MAC Field Scanner Field Plot 638 Season 2,FALSE,Maricopa,6000000362,6000003234
height,17028,31.505,MAC Field Scanner Field Plot 638 Season 2,FALSE,Maricopa,6000000362,6000003234
height,17029,31.505,MAC Field Scanner Field Plot 638 Season 2,FALSE,Maricopa,6000000362,6000003234
height,17030,31.505,MAC Field Scanner Field Plot 638 Season 2,FALSE,Maricopa,6000000362,6000003234
height,17031,30.844,MAC Field Scanner Field Plot 638 Season 2,FALSE,Maricopa,6000000362,6000003234
height,17036,30.844,MAC Field Scanner Field Plot 638 Season 2,FALSE,Maricopa,6000000362,6000003234
height,17038,33.488,MAC Field Scanner Field Plot 638 Season 2,FALSE,Maricopa,6000000362,6000003234
height,17040,33.488,MAC Field Scanner Field Plot 638 Season 2,FALSE,Maricopa,6000000362,6000003234
height,17042,32.827,MAC Field Scanner Field Plot 638 Season 2,FALSE,Maricopa,6000000362,6000003234
height,17046,34.149,MAC Field Scanner Field Plot 638 Season 2,FALSE,Maricopa,6000000362,6000003234
height,17048,34.149,MAC Field Scanner Field Plot 638 Season 2,FALSE,Maricopa,6000000362,6000003234
height,17049,34.149,MAC Field Scanner Field Plot 638 Season 2,FALSE,Maricopa,6000000362,6000003234
height,17050,37.454,MAC Field Scanner Field Plot 638 Season 2,FALSE,Maricopa,6000000362,6000003234
height,17051,42.742,MAC Field Scanner Field Plot 638 Season 2,FALSE,Maricopa,6000000362,6000003234
height,17052,45.386,MAC Field Scanner Field Plot 638 Season 2,FALSE,Maricopa,6000000362,6000003234
height,17054,49.352,MAC Field Scanner Field Plot 638 Season 2,FALSE,Maricopa,6000000362,6000003234
height,17055,53.318,MAC Field Scanner Field Plot 638 Season 2,FALSE,Maricopa,6000000362,6000003234
height,17056,56.623,MAC Field Scanner Field Plot 638 Season 2,FALSE,Maricopa,6000000362,6000003234
height,17058,57.945,MAC Field Scanner Field Plot 638 Season 2,FALSE,Maricopa,6000000362,6000003234
height,17059,61.911,MAC Field Scanner Field Plot 638 Season 2,FALSE,Maricopa,6000000362,6000003234
height,17064,69.843,MAC Field Scanner Field Plot 638 Season 2,FALSE,Maricopa,6000000362,6000003234
height,17067,73.148,MAC Field Scanner Field Plot 638 Season 2,FALSE,Maricopa,6000000362,6000003234
height,17068,75.131,MAC Field Scanner Field Plot 638 Season 2,FALSE,Maricopa,6000000362,6000003234
height,17069,74.47,MAC Field Scanner Field Plot 638 Season 2,FALSE,Maricopa,6000000362,6000003234
height,17070,76.453,MAC Field Scanner Field Plot 638 Season 2,FALSE,Maricopa,6000000362,6000003234
height,17071,77.114,MAC Field Scanner Field Plot 638 Season 2,FALSE,Maricopa,6000000362,6000003234
height,17072,78.436,MAC Field Scanner Field Plot 638 Season 2,FALSE,Maricopa,6000000362,6000003234
height,17022,32.166,MAC Field Scanner Field Plot 375 Season 2,FALSE,Maricopa,6000000363,6000002971
height,17024,32.166,MAC Field Scanner Field Plot 375 Season 2,FALSE,Maricopa,6000000363,6000002971
height,17025,31.505,MAC Field Scanner Field Plot 375 Season 2,FALSE,Maricopa,6000000363,6000002971
height,17026,32.166,MAC Field Scanner Field Plot 375 Season 2,FALSE,Maricopa,6000000363,6000002971
height,17028,31.505,MAC Field Scanner Field Plot 375 Season 2,FALSE,Maricopa,6000000363,6000002971
height,17029,31.505,MAC Field Scanner Field Plot 375 Season 2,FALSE,Maricopa,6000000363,6000002971
height,17030,31.505,MAC Field Scanner Field Plot 375 Season 2,FALSE,Maricopa,6000000363,6000002971
height,17031,31.505,MAC Field Scanner Field Plot 375 Season 2,FALSE,Maricopa,6000000363,6000002971
height,17036,31.505,MAC Field Scanner Field Plot 375 Season 2,FALSE,Maricopa,6000000363,6000002971
height,17038,32.827,MAC Field Scanner Field Plot 375 Season 2,FALSE,Maricopa,6000000363,6000002971
height,17040,32.827,MAC Field Scanner Field Plot 375 Season 2,FALSE,Maricopa,6000000363,6000002971
height,17043,32.827,MAC Field Scanner Field Plot 375 Season 2,FALSE,Maricopa,6000000363,6000002971
height,17047,32.827,MAC Field Scanner Field Plot 375 Season 2,FALSE,Maricopa,6000000363,6000002971
height,17049,33.488,MAC Field Scanner Field Plot 375 Season 2,FALSE,Maricopa,6000000363,6000002971
height,17050,32.827,MAC Field Scanner Field Plot 375 Season 2,FALSE,Maricopa,6000000363,6000002971
height,17051,51.996,MAC Field Scanner Field Plot 375 Season 2,FALSE,Maricopa,6000000363,6000002971
height,17052,55.301,MAC Field Scanner Field Plot 375 Season 2,FALSE,Maricopa,6000000363,6000002971
height,17053,57.284,MAC Field Scanner Field Plot 375 Season 2,FALSE,Maricopa,6000000363,6000002971
height,17054,61.25,MAC Field Scanner Field Plot 375 Season 2,FALSE,Maricopa,6000000363,6000002971
height,17055,63.894,MAC Field Scanner Field Plot 375 Season 2,FALSE,Maricopa,6000000363,6000002971
height,17056,67.86,MAC Field Scanner Field Plot 375 Season 2,FALSE,Maricopa,6000000363,6000002971
height,17058,69.843,MAC Field Scanner Field Plot 375 Season 2,FALSE,Maricopa,6000000363,6000002971
height,17061,75.792,MAC Field Scanner Field Plot 375 Season 2,FALSE,Maricopa,6000000363,6000002971
height,17064,79.097,MAC Field Scanner Field Plot 375 Season 2,FALSE,Maricopa,6000000363,6000002971
height,17067,82.402,MAC Field Scanner Field Plot 375 Season 2,FALSE,Maricopa,6000000363,6000002971
height,17069,83.063,MAC Field Scanner Field Plot 375 Season 2,FALSE,Maricopa,6000000363,6000002971
height,17070,85.046,MAC Field Scanner Field Plot 375 Season 2,FALSE,Maricopa,6000000363,6000002971
height,17071,85.046,MAC Field Scanner Field Plot 375 Season 2,FALSE,Maricopa,6000000363,6000002971
height,17022,31.505,MAC Field Scanner Field Plot 374 Season 2,FALSE,Maricopa,6000000363,6000002970
height,17024,32.166,MAC Field Scanner Field Plot 374 Season 2,FALSE,Maricopa,6000000363,6000002970
height,17025,31.505,MAC Field Scanner Field Plot 374 Season 2,FALSE,Maricopa,6000000363,6000002970
height,17026,31.505,MAC Field Scanner Field Plot 374 Season 2,FALSE,Maricopa,6000000363,6000002970
height,17028,31.505,MAC Field Scanner Field Plot 374 Season 2,FALSE,Maricopa,6000000363,6000002970
height,17029,31.505,MAC Field Scanner Field Plot 374 Season 2,FALSE,Maricopa,6000000363,6000002970
height,17030,31.505,MAC Field Scanner Field Plot 374 Season 2,FALSE,Maricopa,6000000363,6000002970
height,17031,31.505,MAC Field Scanner Field Plot 374 Season 2,FALSE,Maricopa,6000000363,6000002970
height,17036,31.505,MAC Field Scanner Field Plot 374 Season 2,FALSE,Maricopa,6000000363,6000002970
height,17038,32.827,MAC Field Scanner Field Plot 374 Season 2,FALSE,Maricopa,6000000363,6000002970
height,17040,32.827,MAC Field Scanner Field Plot 374 Season 2,FALSE,Maricopa,6000000363,6000002970
height,17043,32.827,MAC Field Scanner Field Plot 374 Season 2,FALSE,Maricopa,6000000363,6000002970
height,17047,33.488,MAC Field Scanner Field Plot 374 Season 2,FALSE,Maricopa,6000000363,6000002970
height,17049,34.149,MAC Field Scanner Field Plot 374 Season 2,FALSE,Maricopa,6000000363,6000002970
height,17050,33.488,MAC Field Scanner Field Plot 374 Season 2,FALSE,Maricopa,6000000363,6000002970
height,17051,57.284,MAC Field Scanner Field Plot 374 Season 2,FALSE,Maricopa,6000000363,6000002970
height,17052,59.928,MAC Field Scanner Field Plot 374 Season 2,FALSE,Maricopa,6000000363,6000002970
height,17053,61.911,MAC Field Scanner Field Plot 374 Season 2,FALSE,Maricopa,6000000363,6000002970
height,17054,65.216,MAC Field Scanner Field Plot 374 Season 2,FALSE,Maricopa,6000000363,6000002970
height,17055,68.521,MAC Field Scanner Field Plot 374 Season 2,FALSE,Maricopa,6000000363,6000002970
height,17056,72.487,MAC Field Scanner Field Plot 374 Season 2,FALSE,Maricopa,6000000363,6000002970
height,17058,74.47,MAC Field Scanner Field Plot 374 Season 2,FALSE,Maricopa,6000000363,6000002970
height,17061,79.097,MAC Field Scanner Field Plot 374 Season 2,FALSE,Maricopa,6000000363,6000002970
height,17064,81.741,MAC Field Scanner Field Plot 374 Season 2,FALSE,Maricopa,6000000363,6000002970
height,17067,85.707,MAC Field Scanner Field Plot 374 Season 2,FALSE,Maricopa,6000000363,6000002970
height,17069,87.69,MAC Field Scanner Field Plot 374 Season 2,FALSE,Maricopa,6000000363,6000002970
height,17070,88.351,MAC Field Scanner Field Plot 374 Season 2,FALSE,Maricopa,6000000363,6000002970
height,17071,90.995,MAC Field Scanner Field Plot 374 Season 2,FALSE,Maricopa,6000000363,6000002970
height,17021,31.505,MAC Field Scanner Field Plot 776 Season 2,FALSE,Maricopa,6000000363,6000003372
height,17023,31.505,MAC Field Scanner Field Plot 776 Season 2,FALSE,Maricopa,6000000363,6000003372
height,17024,31.505,MAC Field Scanner Field Plot 776 Season 2,FALSE,Maricopa,6000000363,6000003372
height,17025,31.505,MAC Field Scanner Field Plot 776 Season 2,FALSE,Maricopa,6000000363,6000003372
height,17026,31.505,MAC Field Scanner Field Plot 776 Season 2,FALSE,Maricopa,6000000363,6000003372
height,17027,31.505,MAC Field Scanner Field Plot 776 Season 2,FALSE,Maricopa,6000000363,6000003372
height,17028,31.505,MAC Field Scanner Field Plot 776 Season 2,FALSE,Maricopa,6000000363,6000003372
height,17029,31.505,MAC Field Scanner Field Plot 776 Season 2,FALSE,Maricopa,6000000363,6000003372
height,17030,32.166,MAC Field Scanner Field Plot 776 Season 2,FALSE,Maricopa,6000000363,6000003372
height,17031,32.166,MAC Field Scanner Field Plot 776 Season 2,FALSE,Maricopa,6000000363,6000003372
height,17036,32.166,MAC Field Scanner Field Plot 776 Season 2,FALSE,Maricopa,6000000363,6000003372
height,17037,31.505,MAC Field Scanner Field Plot 776 Season 2,FALSE,Maricopa,6000000363,6000003372
height,17038,33.488,MAC Field Scanner Field Plot 776 Season 2,FALSE,Maricopa,6000000363,6000003372
height,17040,32.827,MAC Field Scanner Field Plot 776 Season 2,FALSE,Maricopa,6000000363,6000003372
height,17042,33.488,MAC Field Scanner Field Plot 776 Season 2,FALSE,Maricopa,6000000363,6000003372
height,17046,34.149,MAC Field Scanner Field Plot 776 Season 2,FALSE,Maricopa,6000000363,6000003372
height,17048,33.488,MAC Field Scanner Field Plot 776 Season 2,FALSE,Maricopa,6000000363,6000003372
height,17049,34.149,MAC Field Scanner Field Plot 776 Season 2,FALSE,Maricopa,6000000363,6000003372
height,17050,51.996,MAC Field Scanner Field Plot 776 Season 2,FALSE,Maricopa,6000000363,6000003372
height,17051,55.962,MAC Field Scanner Field Plot 776 Season 2,FALSE,Maricopa,6000000363,6000003372
height,17052,58.606,MAC Field Scanner Field Plot 776 Season 2,FALSE,Maricopa,6000000363,6000003372
height,17054,61.911,MAC Field Scanner Field Plot 776 Season 2,FALSE,Maricopa,6000000363,6000003372
height,17055,65.216,MAC Field Scanner Field Plot 776 Season 2,FALSE,Maricopa,6000000363,6000003372
height,17056,68.521,MAC Field Scanner Field Plot 776 Season 2,FALSE,Maricopa,6000000363,6000003372
height,17057,71.165,MAC Field Scanner Field Plot 776 Season 2,FALSE,Maricopa,6000000363,6000003372
height,17059,75.131,MAC Field Scanner Field Plot 776 Season 2,FALSE,Maricopa,6000000363,6000003372
height,17064,81.741,MAC Field Scanner Field Plot 776 Season 2,FALSE,Maricopa,6000000363,6000003372
height,17066,83.724,MAC Field Scanner Field Plot 776 Season 2,FALSE,Maricopa,6000000363,6000003372
height,17068,85.707,MAC Field Scanner Field Plot 776 Season 2,FALSE,Maricopa,6000000363,6000003372
height,17069,87.69,MAC Field Scanner Field Plot 776 Season 2,FALSE,Maricopa,6000000363,6000003372
height,17070,87.69,MAC Field Scanner Field Plot 776 Season 2,FALSE,Maricopa,6000000363,6000003372
height,17072,89.012,MAC Field Scanner Field Plot 776 Season 2,FALSE,Maricopa,6000000363,6000003372
height,17021,31.505,MAC Field Scanner Field Plot 777 Season 2,FALSE,Maricopa,6000000363,6000003373
height,17023,32.166,MAC Field Scanner Field Plot 777 Season 2,FALSE,Maricopa,6000000363,6000003373
height,17024,32.166,MAC Field Scanner Field Plot 777 Season 2,FALSE,Maricopa,6000000363,6000003373
height,17025,32.166,MAC Field Scanner Field Plot 777 Season 2,FALSE,Maricopa,6000000363,6000003373
height,17026,32.166,MAC Field Scanner Field Plot 777 Season 2,FALSE,Maricopa,6000000363,6000003373
height,17027,32.166,MAC Field Scanner Field Plot 777 Season 2,FALSE,Maricopa,6000000363,6000003373
height,17028,32.166,MAC Field Scanner Field Plot 777 Season 2,FALSE,Maricopa,6000000363,6000003373
height,17029,32.166,MAC Field Scanner Field Plot 777 Season 2,FALSE,Maricopa,6000000363,6000003373
height,17030,31.505,MAC Field Scanner Field Plot 777 Season 2,FALSE,Maricopa,6000000363,6000003373
height,17031,31.505,MAC Field Scanner Field Plot 777 Season 2,FALSE,Maricopa,6000000363,6000003373
height,17036,31.505,MAC Field Scanner Field Plot 777 Season 2,FALSE,Maricopa,6000000363,6000003373
height,17037,32.166,MAC Field Scanner Field Plot 777 Season 2,FALSE,Maricopa,6000000363,6000003373
height,17038,33.488,MAC Field Scanner Field Plot 777 Season 2,FALSE,Maricopa,6000000363,6000003373
height,17040,33.488,MAC Field Scanner Field Plot 777 Season 2,FALSE,Maricopa,6000000363,6000003373
height,17042,34.149,MAC Field Scanner Field Plot 777 Season 2,FALSE,Maricopa,6000000363,6000003373
height,17046,34.81,MAC Field Scanner Field Plot 777 Season 2,FALSE,Maricopa,6000000363,6000003373
height,17048,34.149,MAC Field Scanner Field Plot 777 Season 2,FALSE,Maricopa,6000000363,6000003373
height,17049,34.81,MAC Field Scanner Field Plot 777 Season 2,FALSE,Maricopa,6000000363,6000003373
height,17050,51.335,MAC Field Scanner Field Plot 777 Season 2,FALSE,Maricopa,6000000363,6000003373
height,17051,55.962,MAC Field Scanner Field Plot 777 Season 2,FALSE,Maricopa,6000000363,6000003373
height,17052,57.945,MAC Field Scanner Field Plot 777 Season 2,FALSE,Maricopa,6000000363,6000003373
height,17054,61.25,MAC Field Scanner Field Plot 777 Season 2,FALSE,Maricopa,6000000363,6000003373
height,17055,64.555,MAC Field Scanner Field Plot 777 Season 2,FALSE,Maricopa,6000000363,6000003373
height,17056,67.199,MAC Field Scanner Field Plot 777 Season 2,FALSE,Maricopa,6000000363,6000003373
height,17057,69.843,MAC Field Scanner Field Plot 777 Season 2,FALSE,Maricopa,6000000363,6000003373
height,17059,73.809,MAC Field Scanner Field Plot 777 Season 2,FALSE,Maricopa,6000000363,6000003373
height,17064,81.08,MAC Field Scanner Field Plot 777 Season 2,FALSE,Maricopa,6000000363,6000003373
height,17066,83.063,MAC Field Scanner Field Plot 777 Season 2,FALSE,Maricopa,6000000363,6000003373
height,17068,84.385,MAC Field Scanner Field Plot 777 Season 2,FALSE,Maricopa,6000000363,6000003373
height,17069,85.707,MAC Field Scanner Field Plot 777 Season 2,FALSE,Maricopa,6000000363,6000003373
height,17070,87.029,MAC Field Scanner Field Plot 777 Season 2,FALSE,Maricopa,6000000363,6000003373
height,17072,87.029,MAC Field Scanner Field Plot 777 Season 2,FALSE,Maricopa,6000000363,6000003373
height,17022,30.844,MAC Field Scanner Field Plot 243 Season 2,FALSE,Maricopa,6000000364,6000002839
height,17024,31.505,MAC Field Scanner Field Plot 243 Season 2,FALSE,Maricopa,6000000364,6000002839
height,17025,31.505,MAC Field Scanner Field Plot 243 Season 2,FALSE,Maricopa,6000000364,6000002839
height,17026,30.844,MAC Field Scanner Field Plot 243 Season 2,FALSE,Maricopa,6000000364,6000002839
height,17027,30.844,MAC Field Scanner Field Plot 243 Season 2,FALSE,Maricopa,6000000364,6000002839
height,17028,30.844,MAC Field Scanner Field Plot 243 Season 2,FALSE,Maricopa,6000000364,6000002839
height,17029,30.844,MAC Field Scanner Field Plot 243 Season 2,FALSE,Maricopa,6000000364,6000002839
height,17030,30.844,MAC Field Scanner Field Plot 243 Season 2,FALSE,Maricopa,6000000364,6000002839
height,17031,31.505,MAC Field Scanner Field Plot 243 Season 2,FALSE,Maricopa,6000000364,6000002839
height,17037,30.844,MAC Field Scanner Field Plot 243 Season 2,FALSE,Maricopa,6000000364,6000002839
height,17040,32.827,MAC Field Scanner Field Plot 243 Season 2,FALSE,Maricopa,6000000364,6000002839
height,17043,32.827,MAC Field Scanner Field Plot 243 Season 2,FALSE,Maricopa,6000000364,6000002839
height,17047,33.488,MAC Field Scanner Field Plot 243 Season 2,FALSE,Maricopa,6000000364,6000002839
height,17049,33.488,MAC Field Scanner Field Plot 243 Season 2,FALSE,Maricopa,6000000364,6000002839
height,17050,33.488,MAC Field Scanner Field Plot 243 Season 2,FALSE,Maricopa,6000000364,6000002839
height,17051,57.284,MAC Field Scanner Field Plot 243 Season 2,FALSE,Maricopa,6000000364,6000002839
height,17052,59.928,MAC Field Scanner Field Plot 243 Season 2,FALSE,Maricopa,6000000364,6000002839
height,17053,61.911,MAC Field Scanner Field Plot 243 Season 2,FALSE,Maricopa,6000000364,6000002839
height,17054,64.555,MAC Field Scanner Field Plot 243 Season 2,FALSE,Maricopa,6000000364,6000002839
height,17056,67.199,MAC Field Scanner Field Plot 243 Season 2,FALSE,Maricopa,6000000364,6000002839
height,17057,71.165,MAC Field Scanner Field Plot 243 Season 2,FALSE,Maricopa,6000000364,6000002839
height,17058,73.148,MAC Field Scanner Field Plot 243 Season 2,FALSE,Maricopa,6000000364,6000002839
height,17061,77.775,MAC Field Scanner Field Plot 243 Season 2,FALSE,Maricopa,6000000364,6000002839
height,17064,82.402,MAC Field Scanner Field Plot 243 Season 2,FALSE,Maricopa,6000000364,6000002839
height,17067,85.707,MAC Field Scanner Field Plot 243 Season 2,FALSE,Maricopa,6000000364,6000002839
height,17069,87.69,MAC Field Scanner Field Plot 243 Season 2,FALSE,Maricopa,6000000364,6000002839
height,17070,89.012,MAC Field Scanner Field Plot 243 Season 2,FALSE,Maricopa,6000000364,6000002839
height,17071,90.334,MAC Field Scanner Field Plot 243 Season 2,FALSE,Maricopa,6000000364,6000002839
height,17022,32.166,MAC Field Scanner Field Plot 242 Season 2,FALSE,Maricopa,6000000364,6000002838
height,17025,32.166,MAC Field Scanner Field Plot 242 Season 2,FALSE,Maricopa,6000000364,6000002838
height,17026,32.166,MAC Field Scanner Field Plot 242 Season 2,FALSE,Maricopa,6000000364,6000002838
height,17027,32.166,MAC Field Scanner Field Plot 242 Season 2,FALSE,Maricopa,6000000364,6000002838
height,17028,31.505,MAC Field Scanner Field Plot 242 Season 2,FALSE,Maricopa,6000000364,6000002838
height,17029,32.166,MAC Field Scanner Field Plot 242 Season 2,FALSE,Maricopa,6000000364,6000002838
height,17030,32.166,MAC Field Scanner Field Plot 242 Season 2,FALSE,Maricopa,6000000364,6000002838
height,17031,32.166,MAC Field Scanner Field Plot 242 Season 2,FALSE,Maricopa,6000000364,6000002838
height,17037,32.166,MAC Field Scanner Field Plot 242 Season 2,FALSE,Maricopa,6000000364,6000002838
height,17040,33.488,MAC Field Scanner Field Plot 242 Season 2,FALSE,Maricopa,6000000364,6000002838
height,17043,32.827,MAC Field Scanner Field Plot 242 Season 2,FALSE,Maricopa,6000000364,6000002838
height,17047,33.488,MAC Field Scanner Field Plot 242 Season 2,FALSE,Maricopa,6000000364,6000002838
height,17049,33.488,MAC Field Scanner Field Plot 242 Season 2,FALSE,Maricopa,6000000364,6000002838
height,17050,33.488,MAC Field Scanner Field Plot 242 Season 2,FALSE,Maricopa,6000000364,6000002838
height,17051,54.64,MAC Field Scanner Field Plot 242 Season 2,FALSE,Maricopa,6000000364,6000002838
height,17052,56.623,MAC Field Scanner Field Plot 242 Season 2,FALSE,Maricopa,6000000364,6000002838
height,17053,61.25,MAC Field Scanner Field Plot 242 Season 2,FALSE,Maricopa,6000000364,6000002838
height,17054,63.233,MAC Field Scanner Field Plot 242 Season 2,FALSE,Maricopa,6000000364,6000002838
height,17056,65.877,MAC Field Scanner Field Plot 242 Season 2,FALSE,Maricopa,6000000364,6000002838
height,17057,69.182,MAC Field Scanner Field Plot 242 Season 2,FALSE,Maricopa,6000000364,6000002838
height,17058,70.504,MAC Field Scanner Field Plot 242 Season 2,FALSE,Maricopa,6000000364,6000002838
height,17061,75.131,MAC Field Scanner Field Plot 242 Season 2,FALSE,Maricopa,6000000364,6000002838
height,17064,80.419,MAC Field Scanner Field Plot 242 Season 2,FALSE,Maricopa,6000000364,6000002838
height,17067,83.063,MAC Field Scanner Field Plot 242 Season 2,FALSE,Maricopa,6000000364,6000002838
height,17069,85.046,MAC Field Scanner Field Plot 242 Season 2,FALSE,Maricopa,6000000364,6000002838
height,17070,85.707,MAC Field Scanner Field Plot 242 Season 2,FALSE,Maricopa,6000000364,6000002838
height,17071,87.029,MAC Field Scanner Field Plot 242 Season 2,FALSE,Maricopa,6000000364,6000002838
height,17021,31.505,MAC Field Scanner Field Plot 731 Season 2,FALSE,Maricopa,6000000364,6000003327
height,17023,32.166,MAC Field Scanner Field Plot 731 Season 2,FALSE,Maricopa,6000000364,6000003327
height,17024,32.166,MAC Field Scanner Field Plot 731 Season 2,FALSE,Maricopa,6000000364,6000003327
height,17025,32.166,MAC Field Scanner Field Plot 731 Season 2,FALSE,Maricopa,6000000364,6000003327
height,17026,31.505,MAC Field Scanner Field Plot 731 Season 2,FALSE,Maricopa,6000000364,6000003327
height,17027,32.166,MAC Field Scanner Field Plot 731 Season 2,FALSE,Maricopa,6000000364,6000003327
height,17028,32.166,MAC Field Scanner Field Plot 731 Season 2,FALSE,Maricopa,6000000364,6000003327
height,17029,32.166,MAC Field Scanner Field Plot 731 Season 2,FALSE,Maricopa,6000000364,6000003327
height,17030,31.505,MAC Field Scanner Field Plot 731 Season 2,FALSE,Maricopa,6000000364,6000003327
height,17031,31.505,MAC Field Scanner Field Plot 731 Season 2,FALSE,Maricopa,6000000364,6000003327
height,17036,31.505,MAC Field Scanner Field Plot 731 Season 2,FALSE,Maricopa,6000000364,6000003327
height,17037,32.166,MAC Field Scanner Field Plot 731 Season 2,FALSE,Maricopa,6000000364,6000003327
height,17038,33.488,MAC Field Scanner Field Plot 731 Season 2,FALSE,Maricopa,6000000364,6000003327
height,17040,40.098,MAC Field Scanner Field Plot 731 Season 2,FALSE,Maricopa,6000000364,6000003327
height,17042,34.149,MAC Field Scanner Field Plot 731 Season 2,FALSE,Maricopa,6000000364,6000003327
height,17046,34.81,MAC Field Scanner Field Plot 731 Season 2,FALSE,Maricopa,6000000364,6000003327
height,17048,34.149,MAC Field Scanner Field Plot 731 Season 2,FALSE,Maricopa,6000000364,6000003327
height,17049,34.81,MAC Field Scanner Field Plot 731 Season 2,FALSE,Maricopa,6000000364,6000003327
height,17050,54.64,MAC Field Scanner Field Plot 731 Season 2,FALSE,Maricopa,6000000364,6000003327
height,17051,56.623,MAC Field Scanner Field Plot 731 Season 2,FALSE,Maricopa,6000000364,6000003327
height,17052,58.606,MAC Field Scanner Field Plot 731 Season 2,FALSE,Maricopa,6000000364,6000003327
height,17054,61.25,MAC Field Scanner Field Plot 731 Season 2,FALSE,Maricopa,6000000364,6000003327
height,17055,65.216,MAC Field Scanner Field Plot 731 Season 2,FALSE,Maricopa,6000000364,6000003327
height,17056,67.199,MAC Field Scanner Field Plot 731 Season 2,FALSE,Maricopa,6000000364,6000003327
height,17057,69.843,MAC Field Scanner Field Plot 731 Season 2,FALSE,Maricopa,6000000364,6000003327
height,17059,74.47,MAC Field Scanner Field Plot 731 Season 2,FALSE,Maricopa,6000000364,6000003327
height,17064,83.063,MAC Field Scanner Field Plot 731 Season 2,FALSE,Maricopa,6000000364,6000003327
height,17066,85.707,MAC Field Scanner Field Plot 731 Season 2,FALSE,Maricopa,6000000364,6000003327
height,17068,87.69,MAC Field Scanner Field Plot 731 Season 2,FALSE,Maricopa,6000000364,6000003327
height,17069,89.012,MAC Field Scanner Field Plot 731 Season 2,FALSE,Maricopa,6000000364,6000003327
height,17071,90.334,MAC Field Scanner Field Plot 731 Season 2,FALSE,Maricopa,6000000364,6000003327
height,17072,91.656,MAC Field Scanner Field Plot 731 Season 2,FALSE,Maricopa,6000000364,6000003327
height,17021,31.505,MAC Field Scanner Field Plot 730 Season 2,FALSE,Maricopa,6000000364,6000003326
height,17023,31.505,MAC Field Scanner Field Plot 730 Season 2,FALSE,Maricopa,6000000364,6000003326
height,17024,30.844,MAC Field Scanner Field Plot 730 Season 2,FALSE,Maricopa,6000000364,6000003326
height,17025,30.844,MAC Field Scanner Field Plot 730 Season 2,FALSE,Maricopa,6000000364,6000003326
height,17026,31.505,MAC Field Scanner Field Plot 730 Season 2,FALSE,Maricopa,6000000364,6000003326
height,17027,30.844,MAC Field Scanner Field Plot 730 Season 2,FALSE,Maricopa,6000000364,6000003326
height,17028,30.844,MAC Field Scanner Field Plot 730 Season 2,FALSE,Maricopa,6000000364,6000003326
height,17029,30.844,MAC Field Scanner Field Plot 730 Season 2,FALSE,Maricopa,6000000364,6000003326
height,17030,31.505,MAC Field Scanner Field Plot 730 Season 2,FALSE,Maricopa,6000000364,6000003326
height,17031,31.505,MAC Field Scanner Field Plot 730 Season 2,FALSE,Maricopa,6000000364,6000003326
height,17036,31.505,MAC Field Scanner Field Plot 730 Season 2,FALSE,Maricopa,6000000364,6000003326
height,17037,30.844,MAC Field Scanner Field Plot 730 Season 2,FALSE,Maricopa,6000000364,6000003326
height,17038,34.149,MAC Field Scanner Field Plot 730 Season 2,FALSE,Maricopa,6000000364,6000003326
height,17040,34.149,MAC Field Scanner Field Plot 730 Season 2,FALSE,Maricopa,6000000364,6000003326
height,17042,34.149,MAC Field Scanner Field Plot 730 Season 2,FALSE,Maricopa,6000000364,6000003326
height,17046,34.149,MAC Field Scanner Field Plot 730 Season 2,FALSE,Maricopa,6000000364,6000003326
height,17048,34.149,MAC Field Scanner Field Plot 730 Season 2,FALSE,Maricopa,6000000364,6000003326
height,17049,34.149,MAC Field Scanner Field Plot 730 Season 2,FALSE,Maricopa,6000000364,6000003326
height,17050,57.945,MAC Field Scanner Field Plot 730 Season 2,FALSE,Maricopa,6000000364,6000003326
height,17051,60.589,MAC Field Scanner Field Plot 730 Season 2,FALSE,Maricopa,6000000364,6000003326
height,17052,62.572,MAC Field Scanner Field Plot 730 Season 2,FALSE,Maricopa,6000000364,6000003326
height,17054,65.877,MAC Field Scanner Field Plot 730 Season 2,FALSE,Maricopa,6000000364,6000003326
height,17055,68.521,MAC Field Scanner Field Plot 730 Season 2,FALSE,Maricopa,6000000364,6000003326
height,17056,71.826,MAC Field Scanner Field Plot 730 Season 2,FALSE,Maricopa,6000000364,6000003326
height,17057,74.47,MAC Field Scanner Field Plot 730 Season 2,FALSE,Maricopa,6000000364,6000003326
height,17059,77.114,MAC Field Scanner Field Plot 730 Season 2,FALSE,Maricopa,6000000364,6000003326
height,17064,85.707,MAC Field Scanner Field Plot 730 Season 2,FALSE,Maricopa,6000000364,6000003326
height,17066,89.012,MAC Field Scanner Field Plot 730 Season 2,FALSE,Maricopa,6000000364,6000003326
height,17068,90.995,MAC Field Scanner Field Plot 730 Season 2,FALSE,Maricopa,6000000364,6000003326
height,17069,92.317,MAC Field Scanner Field Plot 730 Season 2,FALSE,Maricopa,6000000364,6000003326
height,17071,94.3,MAC Field Scanner Field Plot 730 Season 2,FALSE,Maricopa,6000000364,6000003326
height,17072,94.3,MAC Field Scanner Field Plot 730 Season 2,FALSE,Maricopa,6000000364,6000003326
height,17022,32.166,MAC Field Scanner Field Plot 373 Season 2,FALSE,Maricopa,6000000365,6000002969
height,17024,32.166,MAC Field Scanner Field Plot 373 Season 2,FALSE,Maricopa,6000000365,6000002969
height,17025,32.166,MAC Field Scanner Field Plot 373 Season 2,FALSE,Maricopa,6000000365,6000002969
height,17026,32.166,MAC Field Scanner Field Plot 373 Season 2,FALSE,Maricopa,6000000365,6000002969
height,17028,31.505,MAC Field Scanner Field Plot 373 Season 2,FALSE,Maricopa,6000000365,6000002969
height,17029,31.505,MAC Field Scanner Field Plot 373 Season 2,FALSE,Maricopa,6000000365,6000002969
height,17030,31.505,MAC Field Scanner Field Plot 373 Season 2,FALSE,Maricopa,6000000365,6000002969
height,17031,31.505,MAC Field Scanner Field Plot 373 Season 2,FALSE,Maricopa,6000000365,6000002969
height,17036,31.505,MAC Field Scanner Field Plot 373 Season 2,FALSE,Maricopa,6000000365,6000002969
height,17038,32.827,MAC Field Scanner Field Plot 373 Season 2,FALSE,Maricopa,6000000365,6000002969
height,17040,32.827,MAC Field Scanner Field Plot 373 Season 2,FALSE,Maricopa,6000000365,6000002969
height,17043,32.827,MAC Field Scanner Field Plot 373 Season 2,FALSE,Maricopa,6000000365,6000002969
height,17047,33.488,MAC Field Scanner Field Plot 373 Season 2,FALSE,Maricopa,6000000365,6000002969
height,17049,33.488,MAC Field Scanner Field Plot 373 Season 2,FALSE,Maricopa,6000000365,6000002969
height,17050,33.488,MAC Field Scanner Field Plot 373 Season 2,FALSE,Maricopa,6000000365,6000002969
height,17051,58.606,MAC Field Scanner Field Plot 373 Season 2,FALSE,Maricopa,6000000365,6000002969
height,17052,61.25,MAC Field Scanner Field Plot 373 Season 2,FALSE,Maricopa,6000000365,6000002969
height,17053,63.233,MAC Field Scanner Field Plot 373 Season 2,FALSE,Maricopa,6000000365,6000002969
height,17054,67.199,MAC Field Scanner Field Plot 373 Season 2,FALSE,Maricopa,6000000365,6000002969
height,17055,70.504,MAC Field Scanner Field Plot 373 Season 2,FALSE,Maricopa,6000000365,6000002969
height,17056,74.47,MAC Field Scanner Field Plot 373 Season 2,FALSE,Maricopa,6000000365,6000002969
height,17058,75.131,MAC Field Scanner Field Plot 373 Season 2,FALSE,Maricopa,6000000365,6000002969
height,17061,79.758,MAC Field Scanner Field Plot 373 Season 2,FALSE,Maricopa,6000000365,6000002969
height,17064,83.063,MAC Field Scanner Field Plot 373 Season 2,FALSE,Maricopa,6000000365,6000002969
height,17067,87.029,MAC Field Scanner Field Plot 373 Season 2,FALSE,Maricopa,6000000365,6000002969
height,17069,87.029,MAC Field Scanner Field Plot 373 Season 2,FALSE,Maricopa,6000000365,6000002969
height,17070,87.69,MAC Field Scanner Field Plot 373 Season 2,FALSE,Maricopa,6000000365,6000002969
height,17071,87.69,MAC Field Scanner Field Plot 373 Season 2,FALSE,Maricopa,6000000365,6000002969
height,17022,31.505,MAC Field Scanner Field Plot 372 Season 2,FALSE,Maricopa,6000000365,6000002968
height,17024,31.505,MAC Field Scanner Field Plot 372 Season 2,FALSE,Maricopa,6000000365,6000002968
height,17025,30.844,MAC Field Scanner Field Plot 372 Season 2,FALSE,Maricopa,6000000365,6000002968
height,17026,31.505,MAC Field Scanner Field Plot 372 Season 2,FALSE,Maricopa,6000000365,6000002968
height,17028,30.844,MAC Field Scanner Field Plot 372 Season 2,FALSE,Maricopa,6000000365,6000002968
height,17029,30.844,MAC Field Scanner Field Plot 372 Season 2,FALSE,Maricopa,6000000365,6000002968
height,17030,31.505,MAC Field Scanner Field Plot 372 Season 2,FALSE,Maricopa,6000000365,6000002968
height,17031,31.505,MAC Field Scanner Field Plot 372 Season 2,FALSE,Maricopa,6000000365,6000002968
height,17036,31.505,MAC Field Scanner Field Plot 372 Season 2,FALSE,Maricopa,6000000365,6000002968
height,17038,33.488,MAC Field Scanner Field Plot 372 Season 2,FALSE,Maricopa,6000000365,6000002968
height,17040,34.149,MAC Field Scanner Field Plot 372 Season 2,FALSE,Maricopa,6000000365,6000002968
height,17043,34.149,MAC Field Scanner Field Plot 372 Season 2,FALSE,Maricopa,6000000365,6000002968
height,17047,34.149,MAC Field Scanner Field Plot 372 Season 2,FALSE,Maricopa,6000000365,6000002968
height,17049,33.488,MAC Field Scanner Field Plot 372 Season 2,FALSE,Maricopa,6000000365,6000002968
height,17050,33.488,MAC Field Scanner Field Plot 372 Season 2,FALSE,Maricopa,6000000365,6000002968
height,17051,56.623,MAC Field Scanner Field Plot 372 Season 2,FALSE,Maricopa,6000000365,6000002968
height,17052,59.267,MAC Field Scanner Field Plot 372 Season 2,FALSE,Maricopa,6000000365,6000002968
height,17053,61.25,MAC Field Scanner Field Plot 372 Season 2,FALSE,Maricopa,6000000365,6000002968
height,17054,64.555,MAC Field Scanner Field Plot 372 Season 2,FALSE,Maricopa,6000000365,6000002968
height,17055,67.199,MAC Field Scanner Field Plot 372 Season 2,FALSE,Maricopa,6000000365,6000002968
height,17056,71.165,MAC Field Scanner Field Plot 372 Season 2,FALSE,Maricopa,6000000365,6000002968
height,17058,73.148,MAC Field Scanner Field Plot 372 Season 2,FALSE,Maricopa,6000000365,6000002968
height,17061,77.775,MAC Field Scanner Field Plot 372 Season 2,FALSE,Maricopa,6000000365,6000002968
height,17064,81.08,MAC Field Scanner Field Plot 372 Season 2,FALSE,Maricopa,6000000365,6000002968
height,17067,84.385,MAC Field Scanner Field Plot 372 Season 2,FALSE,Maricopa,6000000365,6000002968
height,17069,86.368,MAC Field Scanner Field Plot 372 Season 2,FALSE,Maricopa,6000000365,6000002968
height,17070,86.368,MAC Field Scanner Field Plot 372 Season 2,FALSE,Maricopa,6000000365,6000002968
height,17071,87.69,MAC Field Scanner Field Plot 372 Season 2,FALSE,Maricopa,6000000365,6000002968
height,17023,36.132,MAC Field Scanner Field Plot 823 Season 2,FALSE,Maricopa,6000000365,6000003419
height,17024,31.505,MAC Field Scanner Field Plot 823 Season 2,FALSE,Maricopa,6000000365,6000003419
height,17027,32.166,MAC Field Scanner Field Plot 823 Season 2,FALSE,Maricopa,6000000365,6000003419
height,17035,31.505,MAC Field Scanner Field Plot 823 Season 2,FALSE,Maricopa,6000000365,6000003419
height,17037,38.115,MAC Field Scanner Field Plot 823 Season 2,FALSE,Maricopa,6000000365,6000003419
height,17046,34.149,MAC Field Scanner Field Plot 823 Season 2,FALSE,Maricopa,6000000365,6000003419
height,17050,55.962,MAC Field Scanner Field Plot 823 Season 2,FALSE,Maricopa,6000000365,6000003419
height,17051,59.928,MAC Field Scanner Field Plot 823 Season 2,FALSE,Maricopa,6000000365,6000003419
height,17054,64.555,MAC Field Scanner Field Plot 823 Season 2,FALSE,Maricopa,6000000365,6000003419
height,17068,88.351,MAC Field Scanner Field Plot 823 Season 2,FALSE,Maricopa,6000000365,6000003419
height,17069,89.012,MAC Field Scanner Field Plot 823 Season 2,FALSE,Maricopa,6000000365,6000003419
height,17023,34.149,MAC Field Scanner Field Plot 822 Season 2,FALSE,Maricopa,6000000365,6000003418
height,17024,33.488,MAC Field Scanner Field Plot 822 Season 2,FALSE,Maricopa,6000000365,6000003418
height,17026,33.488,MAC Field Scanner Field Plot 822 Season 2,FALSE,Maricopa,6000000365,6000003418
height,17027,32.827,MAC Field Scanner Field Plot 822 Season 2,FALSE,Maricopa,6000000365,6000003418
height,17030,33.488,MAC Field Scanner Field Plot 822 Season 2,FALSE,Maricopa,6000000365,6000003418
height,17031,33.488,MAC Field Scanner Field Plot 822 Season 2,FALSE,Maricopa,6000000365,6000003418
height,17035,32.827,MAC Field Scanner Field Plot 822 Season 2,FALSE,Maricopa,6000000365,6000003418
height,17037,32.827,MAC Field Scanner Field Plot 822 Season 2,FALSE,Maricopa,6000000365,6000003418
height,17046,33.488,MAC Field Scanner Field Plot 822 Season 2,FALSE,Maricopa,6000000365,6000003418
height,17050,53.979,MAC Field Scanner Field Plot 822 Season 2,FALSE,Maricopa,6000000365,6000003418
height,17051,57.284,MAC Field Scanner Field Plot 822 Season 2,FALSE,Maricopa,6000000365,6000003418
height,17054,62.572,MAC Field Scanner Field Plot 822 Season 2,FALSE,Maricopa,6000000365,6000003418
height,17055,65.216,MAC Field Scanner Field Plot 822 Season 2,FALSE,Maricopa,6000000365,6000003418
height,17056,67.86,MAC Field Scanner Field Plot 822 Season 2,FALSE,Maricopa,6000000365,6000003418
height,17066,85.046,MAC Field Scanner Field Plot 822 Season 2,FALSE,Maricopa,6000000365,6000003418
height,17068,87.029,MAC Field Scanner Field Plot 822 Season 2,FALSE,Maricopa,6000000365,6000003418
height,17069,87.69,MAC Field Scanner Field Plot 822 Season 2,FALSE,Maricopa,6000000365,6000003418
height,17022,31.505,MAC Field Scanner Field Plot 219 Season 2,FALSE,Maricopa,6000000366,6000002815
height,17024,32.166,MAC Field Scanner Field Plot 219 Season 2,FALSE,Maricopa,6000000366,6000002815
height,17025,31.505,MAC Field Scanner Field Plot 219 Season 2,FALSE,Maricopa,6000000366,6000002815
height,17026,31.505,MAC Field Scanner Field Plot 219 Season 2,FALSE,Maricopa,6000000366,6000002815
height,17027,31.505,MAC Field Scanner Field Plot 219 Season 2,FALSE,Maricopa,6000000366,6000002815
height,17028,31.505,MAC Field Scanner Field Plot 219 Season 2,FALSE,Maricopa,6000000366,6000002815
height,17029,31.505,MAC Field Scanner Field Plot 219 Season 2,FALSE,Maricopa,6000000366,6000002815
height,17030,31.505,MAC Field Scanner Field Plot 219 Season 2,FALSE,Maricopa,6000000366,6000002815
height,17031,31.505,MAC Field Scanner Field Plot 219 Season 2,FALSE,Maricopa,6000000366,6000002815
height,17037,32.166,MAC Field Scanner Field Plot 219 Season 2,FALSE,Maricopa,6000000366,6000002815
height,17039,34.149,MAC Field Scanner Field Plot 219 Season 2,FALSE,Maricopa,6000000366,6000002815
height,17040,33.488,MAC Field Scanner Field Plot 219 Season 2,FALSE,Maricopa,6000000366,6000002815
height,17043,33.488,MAC Field Scanner Field Plot 219 Season 2,FALSE,Maricopa,6000000366,6000002815
height,17047,34.81,MAC Field Scanner Field Plot 219 Season 2,FALSE,Maricopa,6000000366,6000002815
height,17049,34.149,MAC Field Scanner Field Plot 219 Season 2,FALSE,Maricopa,6000000366,6000002815
height,17050,34.81,MAC Field Scanner Field Plot 219 Season 2,FALSE,Maricopa,6000000366,6000002815
height,17051,34.81,MAC Field Scanner Field Plot 219 Season 2,FALSE,Maricopa,6000000366,6000002815
height,17052,35.471,MAC Field Scanner Field Plot 219 Season 2,FALSE,Maricopa,6000000366,6000002815
height,17053,39.437,MAC Field Scanner Field Plot 219 Season 2,FALSE,Maricopa,6000000366,6000002815
height,17054,44.064,MAC Field Scanner Field Plot 219 Season 2,FALSE,Maricopa,6000000366,6000002815
height,17056,49.352,MAC Field Scanner Field Plot 219 Season 2,FALSE,Maricopa,6000000366,6000002815
height,17057,53.318,MAC Field Scanner Field Plot 219 Season 2,FALSE,Maricopa,6000000366,6000002815
height,17058,55.962,MAC Field Scanner Field Plot 219 Season 2,FALSE,Maricopa,6000000366,6000002815
height,17061,61.25,MAC Field Scanner Field Plot 219 Season 2,FALSE,Maricopa,6000000366,6000002815
height,17064,65.216,MAC Field Scanner Field Plot 219 Season 2,FALSE,Maricopa,6000000366,6000002815
height,17067,68.521,MAC Field Scanner Field Plot 219 Season 2,FALSE,Maricopa,6000000366,6000002815
height,17069,69.843,MAC Field Scanner Field Plot 219 Season 2,FALSE,Maricopa,6000000366,6000002815
height,17070,71.165,MAC Field Scanner Field Plot 219 Season 2,FALSE,Maricopa,6000000366,6000002815
height,17071,72.487,MAC Field Scanner Field Plot 219 Season 2,FALSE,Maricopa,6000000366,6000002815
height,17022,31.505,MAC Field Scanner Field Plot 218 Season 2,FALSE,Maricopa,6000000366,6000002814
height,17024,32.166,MAC Field Scanner Field Plot 218 Season 2,FALSE,Maricopa,6000000366,6000002814
height,17025,31.505,MAC Field Scanner Field Plot 218 Season 2,FALSE,Maricopa,6000000366,6000002814
height,17026,31.505,MAC Field Scanner Field Plot 218 Season 2,FALSE,Maricopa,6000000366,6000002814
height,17027,31.505,MAC Field Scanner Field Plot 218 Season 2,FALSE,Maricopa,6000000366,6000002814
height,17028,32.166,MAC Field Scanner Field Plot 218 Season 2,FALSE,Maricopa,6000000366,6000002814
height,17029,31.505,MAC Field Scanner Field Plot 218 Season 2,FALSE,Maricopa,6000000366,6000002814
height,17030,31.505,MAC Field Scanner Field Plot 218 Season 2,FALSE,Maricopa,6000000366,6000002814
height,17031,31.505,MAC Field Scanner Field Plot 218 Season 2,FALSE,Maricopa,6000000366,6000002814
height,17037,31.505,MAC Field Scanner Field Plot 218 Season 2,FALSE,Maricopa,6000000366,6000002814
height,17038,33.488,MAC Field Scanner Field Plot 218 Season 2,FALSE,Maricopa,6000000366,6000002814
height,17039,33.488,MAC Field Scanner Field Plot 218 Season 2,FALSE,Maricopa,6000000366,6000002814
height,17040,34.149,MAC Field Scanner Field Plot 218 Season 2,FALSE,Maricopa,6000000366,6000002814
height,17043,34.149,MAC Field Scanner Field Plot 218 Season 2,FALSE,Maricopa,6000000366,6000002814
height,17047,34.149,MAC Field Scanner Field Plot 218 Season 2,FALSE,Maricopa,6000000366,6000002814
height,17049,34.149,MAC Field Scanner Field Plot 218 Season 2,FALSE,Maricopa,6000000366,6000002814
height,17050,34.149,MAC Field Scanner Field Plot 218 Season 2,FALSE,Maricopa,6000000366,6000002814
height,17051,34.81,MAC Field Scanner Field Plot 218 Season 2,FALSE,Maricopa,6000000366,6000002814
height,17052,34.81,MAC Field Scanner Field Plot 218 Season 2,FALSE,Maricopa,6000000366,6000002814
height,17053,34.81,MAC Field Scanner Field Plot 218 Season 2,FALSE,Maricopa,6000000366,6000002814
height,17054,34.81,MAC Field Scanner Field Plot 218 Season 2,FALSE,Maricopa,6000000366,6000002814
height,17056,35.471,MAC Field Scanner Field Plot 218 Season 2,FALSE,Maricopa,6000000366,6000002814
height,17057,39.437,MAC Field Scanner Field Plot 218 Season 2,FALSE,Maricopa,6000000366,6000002814
height,17058,46.047,MAC Field Scanner Field Plot 218 Season 2,FALSE,Maricopa,6000000366,6000002814
height,17061,53.979,MAC Field Scanner Field Plot 218 Season 2,FALSE,Maricopa,6000000366,6000002814
height,17064,57.284,MAC Field Scanner Field Plot 218 Season 2,FALSE,Maricopa,6000000366,6000002814
height,17067,62.572,MAC Field Scanner Field Plot 218 Season 2,FALSE,Maricopa,6000000366,6000002814
height,17069,64.555,MAC Field Scanner Field Plot 218 Season 2,FALSE,Maricopa,6000000366,6000002814
height,17070,65.877,MAC Field Scanner Field Plot 218 Season 2,FALSE,Maricopa,6000000366,6000002814
height,17071,67.199,MAC Field Scanner Field Plot 218 Season 2,FALSE,Maricopa,6000000366,6000002814
height,17021,31.505,MAC Field Scanner Field Plot 612 Season 2,FALSE,Maricopa,6000000366,6000003208
height,17024,32.166,MAC Field Scanner Field Plot 612 Season 2,FALSE,Maricopa,6000000366,6000003208
height,17025,30.844,MAC Field Scanner Field Plot 612 Season 2,FALSE,Maricopa,6000000366,6000003208
height,17026,32.166,MAC Field Scanner Field Plot 612 Season 2,FALSE,Maricopa,6000000366,6000003208
height,17028,31.505,MAC Field Scanner Field Plot 612 Season 2,FALSE,Maricopa,6000000366,6000003208
height,17029,31.505,MAC Field Scanner Field Plot 612 Season 2,FALSE,Maricopa,6000000366,6000003208
height,17030,31.505,MAC Field Scanner Field Plot 612 Season 2,FALSE,Maricopa,6000000366,6000003208
height,17031,31.505,MAC Field Scanner Field Plot 612 Season 2,FALSE,Maricopa,6000000366,6000003208
height,17036,31.505,MAC Field Scanner Field Plot 612 Season 2,FALSE,Maricopa,6000000366,6000003208
height,17038,32.827,MAC Field Scanner Field Plot 612 Season 2,FALSE,Maricopa,6000000366,6000003208
height,17040,32.827,MAC Field Scanner Field Plot 612 Season 2,FALSE,Maricopa,6000000366,6000003208
height,17042,32.166,MAC Field Scanner Field Plot 612 Season 2,FALSE,Maricopa,6000000366,6000003208
height,17046,32.827,MAC Field Scanner Field Plot 612 Season 2,FALSE,Maricopa,6000000366,6000003208
height,17048,32.166,MAC Field Scanner Field Plot 612 Season 2,FALSE,Maricopa,6000000366,6000003208
height,17049,32.166,MAC Field Scanner Field Plot 612 Season 2,FALSE,Maricopa,6000000366,6000003208
height,17050,36.793,MAC Field Scanner Field Plot 612 Season 2,FALSE,Maricopa,6000000366,6000003208
height,17051,42.081,MAC Field Scanner Field Plot 612 Season 2,FALSE,Maricopa,6000000366,6000003208
height,17052,45.386,MAC Field Scanner Field Plot 612 Season 2,FALSE,Maricopa,6000000366,6000003208
height,17054,49.352,MAC Field Scanner Field Plot 612 Season 2,FALSE,Maricopa,6000000366,6000003208
height,17055,52.657,MAC Field Scanner Field Plot 612 Season 2,FALSE,Maricopa,6000000366,6000003208
height,17056,56.623,MAC Field Scanner Field Plot 612 Season 2,FALSE,Maricopa,6000000366,6000003208
height,17058,58.606,MAC Field Scanner Field Plot 612 Season 2,FALSE,Maricopa,6000000366,6000003208
height,17059,61.911,MAC Field Scanner Field Plot 612 Season 2,FALSE,Maricopa,6000000366,6000003208
height,17064,67.86,MAC Field Scanner Field Plot 612 Season 2,FALSE,Maricopa,6000000366,6000003208
height,17067,69.843,MAC Field Scanner Field Plot 612 Season 2,FALSE,Maricopa,6000000366,6000003208
height,17068,71.165,MAC Field Scanner Field Plot 612 Season 2,FALSE,Maricopa,6000000366,6000003208
height,17070,71.826,MAC Field Scanner Field Plot 612 Season 2,FALSE,Maricopa,6000000366,6000003208
height,17071,72.487,MAC Field Scanner Field Plot 612 Season 2,FALSE,Maricopa,6000000366,6000003208
height,17021,31.505,MAC Field Scanner Field Plot 613 Season 2,FALSE,Maricopa,6000000366,6000003209
height,17024,31.505,MAC Field Scanner Field Plot 613 Season 2,FALSE,Maricopa,6000000366,6000003209
height,17025,30.844,MAC Field Scanner Field Plot 613 Season 2,FALSE,Maricopa,6000000366,6000003209
height,17026,31.505,MAC Field Scanner Field Plot 613 Season 2,FALSE,Maricopa,6000000366,6000003209
height,17028,30.844,MAC Field Scanner Field Plot 613 Season 2,FALSE,Maricopa,6000000366,6000003209
height,17029,30.844,MAC Field Scanner Field Plot 613 Season 2,FALSE,Maricopa,6000000366,6000003209
height,17030,31.505,MAC Field Scanner Field Plot 613 Season 2,FALSE,Maricopa,6000000366,6000003209
height,17031,31.505,MAC Field Scanner Field Plot 613 Season 2,FALSE,Maricopa,6000000366,6000003209
height,17036,31.505,MAC Field Scanner Field Plot 613 Season 2,FALSE,Maricopa,6000000366,6000003209
height,17038,32.827,MAC Field Scanner Field Plot 613 Season 2,FALSE,Maricopa,6000000366,6000003209
height,17040,32.827,MAC Field Scanner Field Plot 613 Season 2,FALSE,Maricopa,6000000366,6000003209
height,17042,32.827,MAC Field Scanner Field Plot 613 Season 2,FALSE,Maricopa,6000000366,6000003209
height,17046,33.488,MAC Field Scanner Field Plot 613 Season 2,FALSE,Maricopa,6000000366,6000003209
height,17048,34.149,MAC Field Scanner Field Plot 613 Season 2,FALSE,Maricopa,6000000366,6000003209
height,17049,34.149,MAC Field Scanner Field Plot 613 Season 2,FALSE,Maricopa,6000000366,6000003209
height,17050,34.81,MAC Field Scanner Field Plot 613 Season 2,FALSE,Maricopa,6000000366,6000003209
height,17051,40.759,MAC Field Scanner Field Plot 613 Season 2,FALSE,Maricopa,6000000366,6000003209
height,17052,44.064,MAC Field Scanner Field Plot 613 Season 2,FALSE,Maricopa,6000000366,6000003209
height,17054,49.352,MAC Field Scanner Field Plot 613 Season 2,FALSE,Maricopa,6000000366,6000003209
height,17055,54.64,MAC Field Scanner Field Plot 613 Season 2,FALSE,Maricopa,6000000366,6000003209
height,17056,57.945,MAC Field Scanner Field Plot 613 Season 2,FALSE,Maricopa,6000000366,6000003209
height,17058,59.928,MAC Field Scanner Field Plot 613 Season 2,FALSE,Maricopa,6000000366,6000003209
height,17059,62.572,MAC Field Scanner Field Plot 613 Season 2,FALSE,Maricopa,6000000366,6000003209
height,17064,67.199,MAC Field Scanner Field Plot 613 Season 2,FALSE,Maricopa,6000000366,6000003209
height,17067,69.843,MAC Field Scanner Field Plot 613 Season 2,FALSE,Maricopa,6000000366,6000003209
height,17068,71.165,MAC Field Scanner Field Plot 613 Season 2,FALSE,Maricopa,6000000366,6000003209
height,17070,71.165,MAC Field Scanner Field Plot 613 Season 2,FALSE,Maricopa,6000000366,6000003209
height,17071,73.148,MAC Field Scanner Field Plot 613 Season 2,FALSE,Maricopa,6000000366,6000003209
height,17022,30.844,MAC Field Scanner Field Plot 36 Season 2,FALSE,Maricopa,6000000367,6000002632
height,17026,30.844,MAC Field Scanner Field Plot 36 Season 2,FALSE,Maricopa,6000000367,6000002632
height,17027,30.844,MAC Field Scanner Field Plot 36 Season 2,FALSE,Maricopa,6000000367,6000002632
height,17029,30.844,MAC Field Scanner Field Plot 36 Season 2,FALSE,Maricopa,6000000367,6000002632
height,17030,30.844,MAC Field Scanner Field Plot 36 Season 2,FALSE,Maricopa,6000000367,6000002632
height,17031,31.505,MAC Field Scanner Field Plot 36 Season 2,FALSE,Maricopa,6000000367,6000002632
height,17037,31.505,MAC Field Scanner Field Plot 36 Season 2,FALSE,Maricopa,6000000367,6000002632
height,17039,32.827,MAC Field Scanner Field Plot 36 Season 2,FALSE,Maricopa,6000000367,6000002632
height,17041,32.827,MAC Field Scanner Field Plot 36 Season 2,FALSE,Maricopa,6000000367,6000002632
height,17043,32.827,MAC Field Scanner Field Plot 36 Season 2,FALSE,Maricopa,6000000367,6000002632
height,17049,32.827,MAC Field Scanner Field Plot 36 Season 2,FALSE,Maricopa,6000000367,6000002632
height,17050,32.827,MAC Field Scanner Field Plot 36 Season 2,FALSE,Maricopa,6000000367,6000002632
height,17053,51.996,MAC Field Scanner Field Plot 36 Season 2,FALSE,Maricopa,6000000367,6000002632
height,17054,55.301,MAC Field Scanner Field Plot 36 Season 2,FALSE,Maricopa,6000000367,6000002632
height,17056,59.267,MAC Field Scanner Field Plot 36 Season 2,FALSE,Maricopa,6000000367,6000002632
height,17058,65.216,MAC Field Scanner Field Plot 36 Season 2,FALSE,Maricopa,6000000367,6000002632
height,17061,70.504,MAC Field Scanner Field Plot 36 Season 2,FALSE,Maricopa,6000000367,6000002632
height,17064,78.436,MAC Field Scanner Field Plot 36 Season 2,FALSE,Maricopa,6000000367,6000002632
height,17067,69.843,MAC Field Scanner Field Plot 36 Season 2,FALSE,Maricopa,6000000367,6000002632
height,17076,79.097,MAC Field Scanner Field Plot 36 Season 2,FALSE,Maricopa,6000000367,6000002632
height,17022,31.505,MAC Field Scanner Field Plot 37 Season 2,FALSE,Maricopa,6000000367,6000002633
height,17026,32.166,MAC Field Scanner Field Plot 37 Season 2,FALSE,Maricopa,6000000367,6000002633
height,17027,32.166,MAC Field Scanner Field Plot 37 Season 2,FALSE,Maricopa,6000000367,6000002633
height,17029,32.166,MAC Field Scanner Field Plot 37 Season 2,FALSE,Maricopa,6000000367,6000002633
height,17030,32.166,MAC Field Scanner Field Plot 37 Season 2,FALSE,Maricopa,6000000367,6000002633
height,17031,31.505,MAC Field Scanner Field Plot 37 Season 2,FALSE,Maricopa,6000000367,6000002633
height,17037,31.505,MAC Field Scanner Field Plot 37 Season 2,FALSE,Maricopa,6000000367,6000002633
height,17039,32.166,MAC Field Scanner Field Plot 37 Season 2,FALSE,Maricopa,6000000367,6000002633
height,17041,32.166,MAC Field Scanner Field Plot 37 Season 2,FALSE,Maricopa,6000000367,6000002633
height,17043,32.166,MAC Field Scanner Field Plot 37 Season 2,FALSE,Maricopa,6000000367,6000002633
height,17049,32.827,MAC Field Scanner Field Plot 37 Season 2,FALSE,Maricopa,6000000367,6000002633
height,17050,32.827,MAC Field Scanner Field Plot 37 Season 2,FALSE,Maricopa,6000000367,6000002633
height,17053,52.657,MAC Field Scanner Field Plot 37 Season 2,FALSE,Maricopa,6000000367,6000002633
height,17054,55.962,MAC Field Scanner Field Plot 37 Season 2,FALSE,Maricopa,6000000367,6000002633
height,17056,59.928,MAC Field Scanner Field Plot 37 Season 2,FALSE,Maricopa,6000000367,6000002633
height,17058,65.216,MAC Field Scanner Field Plot 37 Season 2,FALSE,Maricopa,6000000367,6000002633
height,17061,71.165,MAC Field Scanner Field Plot 37 Season 2,FALSE,Maricopa,6000000367,6000002633
height,17064,77.775,MAC Field Scanner Field Plot 37 Season 2,FALSE,Maricopa,6000000367,6000002633
height,17067,72.487,MAC Field Scanner Field Plot 37 Season 2,FALSE,Maricopa,6000000367,6000002633
height,17076,94.3,MAC Field Scanner Field Plot 37 Season 2,FALSE,Maricopa,6000000367,6000002633
height,17021,31.505,MAC Field Scanner Field Plot 569 Season 2,FALSE,Maricopa,6000000367,6000003165
height,17024,31.505,MAC Field Scanner Field Plot 569 Season 2,FALSE,Maricopa,6000000367,6000003165
height,17026,31.505,MAC Field Scanner Field Plot 569 Season 2,FALSE,Maricopa,6000000367,6000003165
height,17028,30.844,MAC Field Scanner Field Plot 569 Season 2,FALSE,Maricopa,6000000367,6000003165
height,17029,30.844,MAC Field Scanner Field Plot 569 Season 2,FALSE,Maricopa,6000000367,6000003165
height,17030,31.505,MAC Field Scanner Field Plot 569 Season 2,FALSE,Maricopa,6000000367,6000003165
height,17031,31.505,MAC Field Scanner Field Plot 569 Season 2,FALSE,Maricopa,6000000367,6000003165
height,17036,31.505,MAC Field Scanner Field Plot 569 Season 2,FALSE,Maricopa,6000000367,6000003165
height,17038,33.488,MAC Field Scanner Field Plot 569 Season 2,FALSE,Maricopa,6000000367,6000003165
height,17040,33.488,MAC Field Scanner Field Plot 569 Season 2,FALSE,Maricopa,6000000367,6000003165
height,17042,33.488,MAC Field Scanner Field Plot 569 Season 2,FALSE,Maricopa,6000000367,6000003165
height,17046,34.149,MAC Field Scanner Field Plot 569 Season 2,FALSE,Maricopa,6000000367,6000003165
height,17048,32.827,MAC Field Scanner Field Plot 569 Season 2,FALSE,Maricopa,6000000367,6000003165
height,17049,34.149,MAC Field Scanner Field Plot 569 Season 2,FALSE,Maricopa,6000000367,6000003165
height,17051,60.589,MAC Field Scanner Field Plot 569 Season 2,FALSE,Maricopa,6000000367,6000003165
height,17053,63.233,MAC Field Scanner Field Plot 569 Season 2,FALSE,Maricopa,6000000367,6000003165
height,17054,66.538,MAC Field Scanner Field Plot 569 Season 2,FALSE,Maricopa,6000000367,6000003165
height,17055,69.843,MAC Field Scanner Field Plot 569 Season 2,FALSE,Maricopa,6000000367,6000003165
height,17056,73.809,MAC Field Scanner Field Plot 569 Season 2,FALSE,Maricopa,6000000367,6000003165
height,17058,73.809,MAC Field Scanner Field Plot 569 Season 2,FALSE,Maricopa,6000000367,6000003165
height,17059,75.792,MAC Field Scanner Field Plot 569 Season 2,FALSE,Maricopa,6000000367,6000003165
height,17064,79.097,MAC Field Scanner Field Plot 569 Season 2,FALSE,Maricopa,6000000367,6000003165
height,17067,77.775,MAC Field Scanner Field Plot 569 Season 2,FALSE,Maricopa,6000000367,6000003165
height,17068,79.758,MAC Field Scanner Field Plot 569 Season 2,FALSE,Maricopa,6000000367,6000003165
height,17070,79.758,MAC Field Scanner Field Plot 569 Season 2,FALSE,Maricopa,6000000367,6000003165
height,17071,79.758,MAC Field Scanner Field Plot 569 Season 2,FALSE,Maricopa,6000000367,6000003165
height,17021,32.166,MAC Field Scanner Field Plot 568 Season 2,FALSE,Maricopa,6000000367,6000003164
height,17024,32.827,MAC Field Scanner Field Plot 568 Season 2,FALSE,Maricopa,6000000367,6000003164
height,17026,32.166,MAC Field Scanner Field Plot 568 Season 2,FALSE,Maricopa,6000000367,6000003164
height,17028,32.166,MAC Field Scanner Field Plot 568 Season 2,FALSE,Maricopa,6000000367,6000003164
height,17029,32.166,MAC Field Scanner Field Plot 568 Season 2,FALSE,Maricopa,6000000367,6000003164
height,17030,32.166,MAC Field Scanner Field Plot 568 Season 2,FALSE,Maricopa,6000000367,6000003164
height,17031,32.166,MAC Field Scanner Field Plot 568 Season 2,FALSE,Maricopa,6000000367,6000003164
height,17036,32.166,MAC Field Scanner Field Plot 568 Season 2,FALSE,Maricopa,6000000367,6000003164
height,17038,33.488,MAC Field Scanner Field Plot 568 Season 2,FALSE,Maricopa,6000000367,6000003164
height,17040,33.488,MAC Field Scanner Field Plot 568 Season 2,FALSE,Maricopa,6000000367,6000003164
height,17042,33.488,MAC Field Scanner Field Plot 568 Season 2,FALSE,Maricopa,6000000367,6000003164
height,17046,34.149,MAC Field Scanner Field Plot 568 Season 2,FALSE,Maricopa,6000000367,6000003164
height,17048,32.827,MAC Field Scanner Field Plot 568 Season 2,FALSE,Maricopa,6000000367,6000003164
height,17049,34.149,MAC Field Scanner Field Plot 568 Season 2,FALSE,Maricopa,6000000367,6000003164
height,17051,59.928,MAC Field Scanner Field Plot 568 Season 2,FALSE,Maricopa,6000000367,6000003164
height,17053,62.572,MAC Field Scanner Field Plot 568 Season 2,FALSE,Maricopa,6000000367,6000003164
height,17054,65.216,MAC Field Scanner Field Plot 568 Season 2,FALSE,Maricopa,6000000367,6000003164
height,17055,69.182,MAC Field Scanner Field Plot 568 Season 2,FALSE,Maricopa,6000000367,6000003164
height,17056,71.826,MAC Field Scanner Field Plot 568 Season 2,FALSE,Maricopa,6000000367,6000003164
height,17058,71.826,MAC Field Scanner Field Plot 568 Season 2,FALSE,Maricopa,6000000367,6000003164
height,17059,72.487,MAC Field Scanner Field Plot 568 Season 2,FALSE,Maricopa,6000000367,6000003164
height,17064,77.114,MAC Field Scanner Field Plot 568 Season 2,FALSE,Maricopa,6000000367,6000003164
height,17067,75.792,MAC Field Scanner Field Plot 568 Season 2,FALSE,Maricopa,6000000367,6000003164
height,17068,76.453,MAC Field Scanner Field Plot 568 Season 2,FALSE,Maricopa,6000000367,6000003164
height,17070,77.114,MAC Field Scanner Field Plot 568 Season 2,FALSE,Maricopa,6000000367,6000003164
height,17071,78.436,MAC Field Scanner Field Plot 568 Season 2,FALSE,Maricopa,6000000367,6000003164
height,17022,31.505,MAC Field Scanner Field Plot 93 Season 2,FALSE,Maricopa,6000000368,6000002689
height,17025,31.505,MAC Field Scanner Field Plot 93 Season 2,FALSE,Maricopa,6000000368,6000002689
height,17026,31.505,MAC Field Scanner Field Plot 93 Season 2,FALSE,Maricopa,6000000368,6000002689
height,17027,31.505,MAC Field Scanner Field Plot 93 Season 2,FALSE,Maricopa,6000000368,6000002689
height,17028,31.505,MAC Field Scanner Field Plot 93 Season 2,FALSE,Maricopa,6000000368,6000002689
height,17029,31.505,MAC Field Scanner Field Plot 93 Season 2,FALSE,Maricopa,6000000368,6000002689
height,17030,31.505,MAC Field Scanner Field Plot 93 Season 2,FALSE,Maricopa,6000000368,6000002689
height,17031,31.505,MAC Field Scanner Field Plot 93 Season 2,FALSE,Maricopa,6000000368,6000002689
height,17037,31.505,MAC Field Scanner Field Plot 93 Season 2,FALSE,Maricopa,6000000368,6000002689
height,17039,34.149,MAC Field Scanner Field Plot 93 Season 2,FALSE,Maricopa,6000000368,6000002689
height,17040,34.81,MAC Field Scanner Field Plot 93 Season 2,FALSE,Maricopa,6000000368,6000002689
height,17043,34.81,MAC Field Scanner Field Plot 93 Season 2,FALSE,Maricopa,6000000368,6000002689
height,17047,34.149,MAC Field Scanner Field Plot 93 Season 2,FALSE,Maricopa,6000000368,6000002689
height,17049,34.81,MAC Field Scanner Field Plot 93 Season 2,FALSE,Maricopa,6000000368,6000002689
height,17050,34.149,MAC Field Scanner Field Plot 93 Season 2,FALSE,Maricopa,6000000368,6000002689
height,17051,49.352,MAC Field Scanner Field Plot 93 Season 2,FALSE,Maricopa,6000000368,6000002689
height,17052,51.335,MAC Field Scanner Field Plot 93 Season 2,FALSE,Maricopa,6000000368,6000002689
height,17053,53.318,MAC Field Scanner Field Plot 93 Season 2,FALSE,Maricopa,6000000368,6000002689
height,17054,56.623,MAC Field Scanner Field Plot 93 Season 2,FALSE,Maricopa,6000000368,6000002689
height,17056,59.928,MAC Field Scanner Field Plot 93 Season 2,FALSE,Maricopa,6000000368,6000002689
height,17057,62.572,MAC Field Scanner Field Plot 93 Season 2,FALSE,Maricopa,6000000368,6000002689
height,17058,64.555,MAC Field Scanner Field Plot 93 Season 2,FALSE,Maricopa,6000000368,6000002689
height,17061,69.843,MAC Field Scanner Field Plot 93 Season 2,FALSE,Maricopa,6000000368,6000002689
height,17064,73.148,MAC Field Scanner Field Plot 93 Season 2,FALSE,Maricopa,6000000368,6000002689
height,17067,75.792,MAC Field Scanner Field Plot 93 Season 2,FALSE,Maricopa,6000000368,6000002689
height,17069,76.453,MAC Field Scanner Field Plot 93 Season 2,FALSE,Maricopa,6000000368,6000002689
height,17070,77.114,MAC Field Scanner Field Plot 93 Season 2,FALSE,Maricopa,6000000368,6000002689
height,17071,77.775,MAC Field Scanner Field Plot 93 Season 2,FALSE,Maricopa,6000000368,6000002689
height,17022,31.505,MAC Field Scanner Field Plot 92 Season 2,FALSE,Maricopa,6000000368,6000002688
height,17025,31.505,MAC Field Scanner Field Plot 92 Season 2,FALSE,Maricopa,6000000368,6000002688
height,17026,31.505,MAC Field Scanner Field Plot 92 Season 2,FALSE,Maricopa,6000000368,6000002688
height,17027,32.166,MAC Field Scanner Field Plot 92 Season 2,FALSE,Maricopa,6000000368,6000002688
height,17028,31.505,MAC Field Scanner Field Plot 92 Season 2,FALSE,Maricopa,6000000368,6000002688
height,17029,32.166,MAC Field Scanner Field Plot 92 Season 2,FALSE,Maricopa,6000000368,6000002688
height,17030,31.505,MAC Field Scanner Field Plot 92 Season 2,FALSE,Maricopa,6000000368,6000002688
height,17031,32.166,MAC Field Scanner Field Plot 92 Season 2,FALSE,Maricopa,6000000368,6000002688
height,17037,32.166,MAC Field Scanner Field Plot 92 Season 2,FALSE,Maricopa,6000000368,6000002688
height,17039,32.166,MAC Field Scanner Field Plot 92 Season 2,FALSE,Maricopa,6000000368,6000002688
height,17040,32.166,MAC Field Scanner Field Plot 92 Season 2,FALSE,Maricopa,6000000368,6000002688
height,17043,32.166,MAC Field Scanner Field Plot 92 Season 2,FALSE,Maricopa,6000000368,6000002688
height,17047,32.827,MAC Field Scanner Field Plot 92 Season 2,FALSE,Maricopa,6000000368,6000002688
height,17049,33.488,MAC Field Scanner Field Plot 92 Season 2,FALSE,Maricopa,6000000368,6000002688
height,17050,32.827,MAC Field Scanner Field Plot 92 Season 2,FALSE,Maricopa,6000000368,6000002688
height,17051,59.267,MAC Field Scanner Field Plot 92 Season 2,FALSE,Maricopa,6000000368,6000002688
height,17052,47.369,MAC Field Scanner Field Plot 92 Season 2,FALSE,Maricopa,6000000368,6000002688
height,17053,50.013,MAC Field Scanner Field Plot 92 Season 2,FALSE,Maricopa,6000000368,6000002688
height,17054,53.318,MAC Field Scanner Field Plot 92 Season 2,FALSE,Maricopa,6000000368,6000002688
height,17056,57.284,MAC Field Scanner Field Plot 92 Season 2,FALSE,Maricopa,6000000368,6000002688
height,17057,59.928,MAC Field Scanner Field Plot 92 Season 2,FALSE,Maricopa,6000000368,6000002688
height,17058,61.911,MAC Field Scanner Field Plot 92 Season 2,FALSE,Maricopa,6000000368,6000002688
height,17061,66.538,MAC Field Scanner Field Plot 92 Season 2,FALSE,Maricopa,6000000368,6000002688
height,17064,69.843,MAC Field Scanner Field Plot 92 Season 2,FALSE,Maricopa,6000000368,6000002688
height,17067,73.148,MAC Field Scanner Field Plot 92 Season 2,FALSE,Maricopa,6000000368,6000002688
height,17069,73.809,MAC Field Scanner Field Plot 92 Season 2,FALSE,Maricopa,6000000368,6000002688
height,17070,74.47,MAC Field Scanner Field Plot 92 Season 2,FALSE,Maricopa,6000000368,6000002688
height,17071,75.131,MAC Field Scanner Field Plot 92 Season 2,FALSE,Maricopa,6000000368,6000002688
height,17021,31.505,MAC Field Scanner Field Plot 648 Season 2,FALSE,Maricopa,6000000368,6000003244
height,17024,32.166,MAC Field Scanner Field Plot 648 Season 2,FALSE,Maricopa,6000000368,6000003244
height,17025,32.166,MAC Field Scanner Field Plot 648 Season 2,FALSE,Maricopa,6000000368,6000003244
height,17026,31.505,MAC Field Scanner Field Plot 648 Season 2,FALSE,Maricopa,6000000368,6000003244
height,17028,32.166,MAC Field Scanner Field Plot 648 Season 2,FALSE,Maricopa,6000000368,6000003244
height,17029,32.166,MAC Field Scanner Field Plot 648 Season 2,FALSE,Maricopa,6000000368,6000003244
height,17030,31.505,MAC Field Scanner Field Plot 648 Season 2,FALSE,Maricopa,6000000368,6000003244
height,17031,31.505,MAC Field Scanner Field Plot 648 Season 2,FALSE,Maricopa,6000000368,6000003244
height,17036,31.505,MAC Field Scanner Field Plot 648 Season 2,FALSE,Maricopa,6000000368,6000003244
height,17038,32.827,MAC Field Scanner Field Plot 648 Season 2,FALSE,Maricopa,6000000368,6000003244
height,17040,32.827,MAC Field Scanner Field Plot 648 Season 2,FALSE,Maricopa,6000000368,6000003244
height,17042,32.827,MAC Field Scanner Field Plot 648 Season 2,FALSE,Maricopa,6000000368,6000003244
height,17046,34.149,MAC Field Scanner Field Plot 648 Season 2,FALSE,Maricopa,6000000368,6000003244
height,17048,34.149,MAC Field Scanner Field Plot 648 Season 2,FALSE,Maricopa,6000000368,6000003244
height,17049,34.149,MAC Field Scanner Field Plot 648 Season 2,FALSE,Maricopa,6000000368,6000003244
height,17050,44.064,MAC Field Scanner Field Plot 648 Season 2,FALSE,Maricopa,6000000368,6000003244
height,17051,46.708,MAC Field Scanner Field Plot 648 Season 2,FALSE,Maricopa,6000000368,6000003244
height,17052,48.691,MAC Field Scanner Field Plot 648 Season 2,FALSE,Maricopa,6000000368,6000003244
height,17054,51.996,MAC Field Scanner Field Plot 648 Season 2,FALSE,Maricopa,6000000368,6000003244
height,17055,55.301,MAC Field Scanner Field Plot 648 Season 2,FALSE,Maricopa,6000000368,6000003244
height,17056,58.606,MAC Field Scanner Field Plot 648 Season 2,FALSE,Maricopa,6000000368,6000003244
height,17058,60.589,MAC Field Scanner Field Plot 648 Season 2,FALSE,Maricopa,6000000368,6000003244
height,17059,63.233,MAC Field Scanner Field Plot 648 Season 2,FALSE,Maricopa,6000000368,6000003244
height,17064,69.843,MAC Field Scanner Field Plot 648 Season 2,FALSE,Maricopa,6000000368,6000003244
height,17067,71.165,MAC Field Scanner Field Plot 648 Season 2,FALSE,Maricopa,6000000368,6000003244
height,17068,72.487,MAC Field Scanner Field Plot 648 Season 2,FALSE,Maricopa,6000000368,6000003244
height,17069,73.148,MAC Field Scanner Field Plot 648 Season 2,FALSE,Maricopa,6000000368,6000003244
height,17071,73.809,MAC Field Scanner Field Plot 648 Season 2,FALSE,Maricopa,6000000368,6000003244
height,17072,73.809,MAC Field Scanner Field Plot 648 Season 2,FALSE,Maricopa,6000000368,6000003244
height,17021,32.166,MAC Field Scanner Field Plot 649 Season 2,FALSE,Maricopa,6000000368,6000003245
height,17024,32.166,MAC Field Scanner Field Plot 649 Season 2,FALSE,Maricopa,6000000368,6000003245
height,17025,32.166,MAC Field Scanner Field Plot 649 Season 2,FALSE,Maricopa,6000000368,6000003245
height,17026,31.505,MAC Field Scanner Field Plot 649 Season 2,FALSE,Maricopa,6000000368,6000003245
height,17028,32.166,MAC Field Scanner Field Plot 649 Season 2,FALSE,Maricopa,6000000368,6000003245
height,17029,32.166,MAC Field Scanner Field Plot 649 Season 2,FALSE,Maricopa,6000000368,6000003245
height,17030,31.505,MAC Field Scanner Field Plot 649 Season 2,FALSE,Maricopa,6000000368,6000003245
height,17031,31.505,MAC Field Scanner Field Plot 649 Season 2,FALSE,Maricopa,6000000368,6000003245
height,17036,31.505,MAC Field Scanner Field Plot 649 Season 2,FALSE,Maricopa,6000000368,6000003245
height,17038,33.488,MAC Field Scanner Field Plot 649 Season 2,FALSE,Maricopa,6000000368,6000003245
height,17040,33.488,MAC Field Scanner Field Plot 649 Season 2,FALSE,Maricopa,6000000368,6000003245
height,17042,34.149,MAC Field Scanner Field Plot 649 Season 2,FALSE,Maricopa,6000000368,6000003245
height,17046,34.149,MAC Field Scanner Field Plot 649 Season 2,FALSE,Maricopa,6000000368,6000003245
height,17048,34.81,MAC Field Scanner Field Plot 649 Season 2,FALSE,Maricopa,6000000368,6000003245
height,17049,34.81,MAC Field Scanner Field Plot 649 Season 2,FALSE,Maricopa,6000000368,6000003245
height,17050,50.674,MAC Field Scanner Field Plot 649 Season 2,FALSE,Maricopa,6000000368,6000003245
height,17051,51.996,MAC Field Scanner Field Plot 649 Season 2,FALSE,Maricopa,6000000368,6000003245
height,17052,54.64,MAC Field Scanner Field Plot 649 Season 2,FALSE,Maricopa,6000000368,6000003245
height,17054,57.284,MAC Field Scanner Field Plot 649 Season 2,FALSE,Maricopa,6000000368,6000003245
height,17055,61.25,MAC Field Scanner Field Plot 649 Season 2,FALSE,Maricopa,6000000368,6000003245
height,17056,63.233,MAC Field Scanner Field Plot 649 Season 2,FALSE,Maricopa,6000000368,6000003245
height,17058,64.555,MAC Field Scanner Field Plot 649 Season 2,FALSE,Maricopa,6000000368,6000003245
height,17059,67.199,MAC Field Scanner Field Plot 649 Season 2,FALSE,Maricopa,6000000368,6000003245
height,17064,72.487,MAC Field Scanner Field Plot 649 Season 2,FALSE,Maricopa,6000000368,6000003245
height,17067,73.809,MAC Field Scanner Field Plot 649 Season 2,FALSE,Maricopa,6000000368,6000003245
height,17068,74.47,MAC Field Scanner Field Plot 649 Season 2,FALSE,Maricopa,6000000368,6000003245
height,17069,75.131,MAC Field Scanner Field Plot 649 Season 2,FALSE,Maricopa,6000000368,6000003245
height,17071,76.453,MAC Field Scanner Field Plot 649 Season 2,FALSE,Maricopa,6000000368,6000003245
height,17072,77.114,MAC Field Scanner Field Plot 649 Season 2,FALSE,Maricopa,6000000368,6000003245
height,17022,31.505,MAC Field Scanner Field Plot 68 Season 2,FALSE,Maricopa,6000000369,6000002664
height,17025,31.505,MAC Field Scanner Field Plot 68 Season 2,FALSE,Maricopa,6000000369,6000002664
height,17026,31.505,MAC Field Scanner Field Plot 68 Season 2,FALSE,Maricopa,6000000369,6000002664
height,17027,31.505,MAC Field Scanner Field Plot 68 Season 2,FALSE,Maricopa,6000000369,6000002664
height,17028,31.505,MAC Field Scanner Field Plot 68 Season 2,FALSE,Maricopa,6000000369,6000002664
height,17029,31.505,MAC Field Scanner Field Plot 68 Season 2,FALSE,Maricopa,6000000369,6000002664
height,17030,31.505,MAC Field Scanner Field Plot 68 Season 2,FALSE,Maricopa,6000000369,6000002664
height,17031,31.505,MAC Field Scanner Field Plot 68 Season 2,FALSE,Maricopa,6000000369,6000002664
height,17037,31.505,MAC Field Scanner Field Plot 68 Season 2,FALSE,Maricopa,6000000369,6000002664
height,17039,34.149,MAC Field Scanner Field Plot 68 Season 2,FALSE,Maricopa,6000000369,6000002664
height,17040,34.149,MAC Field Scanner Field Plot 68 Season 2,FALSE,Maricopa,6000000369,6000002664
height,17041,34.149,MAC Field Scanner Field Plot 68 Season 2,FALSE,Maricopa,6000000369,6000002664
height,17043,34.81,MAC Field Scanner Field Plot 68 Season 2,FALSE,Maricopa,6000000369,6000002664
height,17047,34.81,MAC Field Scanner Field Plot 68 Season 2,FALSE,Maricopa,6000000369,6000002664
height,17049,34.81,MAC Field Scanner Field Plot 68 Season 2,FALSE,Maricopa,6000000369,6000002664
height,17050,34.81,MAC Field Scanner Field Plot 68 Season 2,FALSE,Maricopa,6000000369,6000002664
height,17051,52.657,MAC Field Scanner Field Plot 68 Season 2,FALSE,Maricopa,6000000369,6000002664
height,17052,54.64,MAC Field Scanner Field Plot 68 Season 2,FALSE,Maricopa,6000000369,6000002664
height,17053,57.945,MAC Field Scanner Field Plot 68 Season 2,FALSE,Maricopa,6000000369,6000002664
height,17054,60.589,MAC Field Scanner Field Plot 68 Season 2,FALSE,Maricopa,6000000369,6000002664
height,17056,64.555,MAC Field Scanner Field Plot 68 Season 2,FALSE,Maricopa,6000000369,6000002664
height,17057,66.538,MAC Field Scanner Field Plot 68 Season 2,FALSE,Maricopa,6000000369,6000002664
height,17058,67.86,MAC Field Scanner Field Plot 68 Season 2,FALSE,Maricopa,6000000369,6000002664
height,17061,70.504,MAC Field Scanner Field Plot 68 Season 2,FALSE,Maricopa,6000000369,6000002664
height,17064,72.487,MAC Field Scanner Field Plot 68 Season 2,FALSE,Maricopa,6000000369,6000002664
height,17067,75.131,MAC Field Scanner Field Plot 68 Season 2,FALSE,Maricopa,6000000369,6000002664
height,17069,76.453,MAC Field Scanner Field Plot 68 Season 2,FALSE,Maricopa,6000000369,6000002664
height,17070,77.775,MAC Field Scanner Field Plot 68 Season 2,FALSE,Maricopa,6000000369,6000002664
height,17071,77.775,MAC Field Scanner Field Plot 68 Season 2,FALSE,Maricopa,6000000369,6000002664
height,17022,31.505,MAC Field Scanner Field Plot 69 Season 2,FALSE,Maricopa,6000000369,6000002665
height,17025,31.505,MAC Field Scanner Field Plot 69 Season 2,FALSE,Maricopa,6000000369,6000002665
height,17026,31.505,MAC Field Scanner Field Plot 69 Season 2,FALSE,Maricopa,6000000369,6000002665
height,17027,31.505,MAC Field Scanner Field Plot 69 Season 2,FALSE,Maricopa,6000000369,6000002665
height,17028,31.505,MAC Field Scanner Field Plot 69 Season 2,FALSE,Maricopa,6000000369,6000002665
height,17029,31.505,MAC Field Scanner Field Plot 69 Season 2,FALSE,Maricopa,6000000369,6000002665
height,17030,31.505,MAC Field Scanner Field Plot 69 Season 2,FALSE,Maricopa,6000000369,6000002665
height,17031,31.505,MAC Field Scanner Field Plot 69 Season 2,FALSE,Maricopa,6000000369,6000002665
height,17037,31.505,MAC Field Scanner Field Plot 69 Season 2,FALSE,Maricopa,6000000369,6000002665
height,17039,32.166,MAC Field Scanner Field Plot 69 Season 2,FALSE,Maricopa,6000000369,6000002665
height,17040,32.166,MAC Field Scanner Field Plot 69 Season 2,FALSE,Maricopa,6000000369,6000002665
height,17041,32.827,MAC Field Scanner Field Plot 69 Season 2,FALSE,Maricopa,6000000369,6000002665
height,17043,32.827,MAC Field Scanner Field Plot 69 Season 2,FALSE,Maricopa,6000000369,6000002665
height,17047,33.488,MAC Field Scanner Field Plot 69 Season 2,FALSE,Maricopa,6000000369,6000002665
height,17049,33.488,MAC Field Scanner Field Plot 69 Season 2,FALSE,Maricopa,6000000369,6000002665
height,17050,33.488,MAC Field Scanner Field Plot 69 Season 2,FALSE,Maricopa,6000000369,6000002665
height,17051,54.64,MAC Field Scanner Field Plot 69 Season 2,FALSE,Maricopa,6000000369,6000002665
height,17052,56.623,MAC Field Scanner Field Plot 69 Season 2,FALSE,Maricopa,6000000369,6000002665
height,17053,58.606,MAC Field Scanner Field Plot 69 Season 2,FALSE,Maricopa,6000000369,6000002665
height,17054,61.911,MAC Field Scanner Field Plot 69 Season 2,FALSE,Maricopa,6000000369,6000002665
height,17056,65.877,MAC Field Scanner Field Plot 69 Season 2,FALSE,Maricopa,6000000369,6000002665
height,17057,67.86,MAC Field Scanner Field Plot 69 Season 2,FALSE,Maricopa,6000000369,6000002665
height,17058,68.521,MAC Field Scanner Field Plot 69 Season 2,FALSE,Maricopa,6000000369,6000002665
height,17061,71.165,MAC Field Scanner Field Plot 69 Season 2,FALSE,Maricopa,6000000369,6000002665
height,17064,72.487,MAC Field Scanner Field Plot 69 Season 2,FALSE,Maricopa,6000000369,6000002665
height,17067,75.131,MAC Field Scanner Field Plot 69 Season 2,FALSE,Maricopa,6000000369,6000002665
height,17069,77.114,MAC Field Scanner Field Plot 69 Season 2,FALSE,Maricopa,6000000369,6000002665
height,17070,77.775,MAC Field Scanner Field Plot 69 Season 2,FALSE,Maricopa,6000000369,6000002665
height,17071,78.436,MAC Field Scanner Field Plot 69 Season 2,FALSE,Maricopa,6000000369,6000002665
height,17021,31.505,MAC Field Scanner Field Plot 669 Season 2,FALSE,Maricopa,6000000369,6000003265
height,17024,31.505,MAC Field Scanner Field Plot 669 Season 2,FALSE,Maricopa,6000000369,6000003265
height,17025,31.505,MAC Field Scanner Field Plot 669 Season 2,FALSE,Maricopa,6000000369,6000003265
height,17026,31.505,MAC Field Scanner Field Plot 669 Season 2,FALSE,Maricopa,6000000369,6000003265
height,17027,30.844,MAC Field Scanner Field Plot 669 Season 2,FALSE,Maricopa,6000000369,6000003265
height,17028,31.505,MAC Field Scanner Field Plot 669 Season 2,FALSE,Maricopa,6000000369,6000003265
height,17029,31.505,MAC Field Scanner Field Plot 669 Season 2,FALSE,Maricopa,6000000369,6000003265
height,17030,31.505,MAC Field Scanner Field Plot 669 Season 2,FALSE,Maricopa,6000000369,6000003265
height,17031,32.166,MAC Field Scanner Field Plot 669 Season 2,FALSE,Maricopa,6000000369,6000003265
height,17036,31.505,MAC Field Scanner Field Plot 669 Season 2,FALSE,Maricopa,6000000369,6000003265
height,17037,31.505,MAC Field Scanner Field Plot 669 Season 2,FALSE,Maricopa,6000000369,6000003265
height,17038,33.488,MAC Field Scanner Field Plot 669 Season 2,FALSE,Maricopa,6000000369,6000003265
height,17040,33.488,MAC Field Scanner Field Plot 669 Season 2,FALSE,Maricopa,6000000369,6000003265
height,17042,33.488,MAC Field Scanner Field Plot 669 Season 2,FALSE,Maricopa,6000000369,6000003265
height,17046,33.488,MAC Field Scanner Field Plot 669 Season 2,FALSE,Maricopa,6000000369,6000003265
height,17048,33.488,MAC Field Scanner Field Plot 669 Season 2,FALSE,Maricopa,6000000369,6000003265
height,17049,33.488,MAC Field Scanner Field Plot 669 Season 2,FALSE,Maricopa,6000000369,6000003265
height,17050,53.979,MAC Field Scanner Field Plot 669 Season 2,FALSE,Maricopa,6000000369,6000003265
height,17051,56.623,MAC Field Scanner Field Plot 669 Season 2,FALSE,Maricopa,6000000369,6000003265
height,17052,58.606,MAC Field Scanner Field Plot 669 Season 2,FALSE,Maricopa,6000000369,6000003265
height,17054,61.911,MAC Field Scanner Field Plot 669 Season 2,FALSE,Maricopa,6000000369,6000003265
height,17055,65.216,MAC Field Scanner Field Plot 669 Season 2,FALSE,Maricopa,6000000369,6000003265
height,17056,66.538,MAC Field Scanner Field Plot 669 Season 2,FALSE,Maricopa,6000000369,6000003265
height,17057,66.538,MAC Field Scanner Field Plot 669 Season 2,FALSE,Maricopa,6000000369,6000003265
height,17058,67.86,MAC Field Scanner Field Plot 669 Season 2,FALSE,Maricopa,6000000369,6000003265
height,17059,69.182,MAC Field Scanner Field Plot 669 Season 2,FALSE,Maricopa,6000000369,6000003265
height,17064,71.826,MAC Field Scanner Field Plot 669 Season 2,FALSE,Maricopa,6000000369,6000003265
height,17066,72.487,MAC Field Scanner Field Plot 669 Season 2,FALSE,Maricopa,6000000369,6000003265
height,17067,79.097,MAC Field Scanner Field Plot 669 Season 2,FALSE,Maricopa,6000000369,6000003265
height,17068,77.114,MAC Field Scanner Field Plot 669 Season 2,FALSE,Maricopa,6000000369,6000003265
height,17069,77.775,MAC Field Scanner Field Plot 669 Season 2,FALSE,Maricopa,6000000369,6000003265
height,17071,79.097,MAC Field Scanner Field Plot 669 Season 2,FALSE,Maricopa,6000000369,6000003265
height,17072,80.419,MAC Field Scanner Field Plot 669 Season 2,FALSE,Maricopa,6000000369,6000003265
height,17021,31.505,MAC Field Scanner Field Plot 668 Season 2,FALSE,Maricopa,6000000369,6000003264
height,17024,31.505,MAC Field Scanner Field Plot 668 Season 2,FALSE,Maricopa,6000000369,6000003264
height,17025,31.505,MAC Field Scanner Field Plot 668 Season 2,FALSE,Maricopa,6000000369,6000003264
height,17026,31.505,MAC Field Scanner Field Plot 668 Season 2,FALSE,Maricopa,6000000369,6000003264
height,17027,30.844,MAC Field Scanner Field Plot 668 Season 2,FALSE,Maricopa,6000000369,6000003264
height,17028,31.505,MAC Field Scanner Field Plot 668 Season 2,FALSE,Maricopa,6000000369,6000003264
height,17029,31.505,MAC Field Scanner Field Plot 668 Season 2,FALSE,Maricopa,6000000369,6000003264
height,17030,31.505,MAC Field Scanner Field Plot 668 Season 2,FALSE,Maricopa,6000000369,6000003264
height,17031,32.166,MAC Field Scanner Field Plot 668 Season 2,FALSE,Maricopa,6000000369,6000003264
height,17036,31.505,MAC Field Scanner Field Plot 668 Season 2,FALSE,Maricopa,6000000369,6000003264
height,17037,31.505,MAC Field Scanner Field Plot 668 Season 2,FALSE,Maricopa,6000000369,6000003264
height,17038,32.827,MAC Field Scanner Field Plot 668 Season 2,FALSE,Maricopa,6000000369,6000003264
height,17040,32.166,MAC Field Scanner Field Plot 668 Season 2,FALSE,Maricopa,6000000369,6000003264
height,17042,32.166,MAC Field Scanner Field Plot 668 Season 2,FALSE,Maricopa,6000000369,6000003264
height,17046,33.488,MAC Field Scanner Field Plot 668 Season 2,FALSE,Maricopa,6000000369,6000003264
height,17048,32.827,MAC Field Scanner Field Plot 668 Season 2,FALSE,Maricopa,6000000369,6000003264
height,17049,33.488,MAC Field Scanner Field Plot 668 Season 2,FALSE,Maricopa,6000000369,6000003264
height,17050,51.996,MAC Field Scanner Field Plot 668 Season 2,FALSE,Maricopa,6000000369,6000003264
height,17051,54.64,MAC Field Scanner Field Plot 668 Season 2,FALSE,Maricopa,6000000369,6000003264
height,17052,55.962,MAC Field Scanner Field Plot 668 Season 2,FALSE,Maricopa,6000000369,6000003264
height,17054,59.267,MAC Field Scanner Field Plot 668 Season 2,FALSE,Maricopa,6000000369,6000003264
height,17055,62.572,MAC Field Scanner Field Plot 668 Season 2,FALSE,Maricopa,6000000369,6000003264
height,17056,65.216,MAC Field Scanner Field Plot 668 Season 2,FALSE,Maricopa,6000000369,6000003264
height,17057,65.216,MAC Field Scanner Field Plot 668 Season 2,FALSE,Maricopa,6000000369,6000003264
height,17058,64.555,MAC Field Scanner Field Plot 668 Season 2,FALSE,Maricopa,6000000369,6000003264
height,17059,68.521,MAC Field Scanner Field Plot 668 Season 2,FALSE,Maricopa,6000000369,6000003264
height,17064,71.826,MAC Field Scanner Field Plot 668 Season 2,FALSE,Maricopa,6000000369,6000003264
height,17066,75.131,MAC Field Scanner Field Plot 668 Season 2,FALSE,Maricopa,6000000369,6000003264
height,17067,75.792,MAC Field Scanner Field Plot 668 Season 2,FALSE,Maricopa,6000000369,6000003264
height,17068,76.453,MAC Field Scanner Field Plot 668 Season 2,FALSE,Maricopa,6000000369,6000003264
height,17069,77.775,MAC Field Scanner Field Plot 668 Season 2,FALSE,Maricopa,6000000369,6000003264
height,17071,79.097,MAC Field Scanner Field Plot 668 Season 2,FALSE,Maricopa,6000000369,6000003264
height,17072,79.097,MAC Field Scanner Field Plot 668 Season 2,FALSE,Maricopa,6000000369,6000003264
height,17022,30.844,MAC Field Scanner Field Plot 258 Season 2,FALSE,Maricopa,6000000370,6000002854
height,17024,32.166,MAC Field Scanner Field Plot 258 Season 2,FALSE,Maricopa,6000000370,6000002854
height,17025,30.844,MAC Field Scanner Field Plot 258 Season 2,FALSE,Maricopa,6000000370,6000002854
height,17026,30.844,MAC Field Scanner Field Plot 258 Season 2,FALSE,Maricopa,6000000370,6000002854
height,17027,30.844,MAC Field Scanner Field Plot 258 Season 2,FALSE,Maricopa,6000000370,6000002854
height,17028,30.844,MAC Field Scanner Field Plot 258 Season 2,FALSE,Maricopa,6000000370,6000002854
height,17029,30.844,MAC Field Scanner Field Plot 258 Season 2,FALSE,Maricopa,6000000370,6000002854
height,17030,30.844,MAC Field Scanner Field Plot 258 Season 2,FALSE,Maricopa,6000000370,6000002854
height,17031,30.844,MAC Field Scanner Field Plot 258 Season 2,FALSE,Maricopa,6000000370,6000002854
height,17037,30.844,MAC Field Scanner Field Plot 258 Season 2,FALSE,Maricopa,6000000370,6000002854
height,17038,32.827,MAC Field Scanner Field Plot 258 Season 2,FALSE,Maricopa,6000000370,6000002854
height,17040,32.827,MAC Field Scanner Field Plot 258 Season 2,FALSE,Maricopa,6000000370,6000002854
height,17043,32.827,MAC Field Scanner Field Plot 258 Season 2,FALSE,Maricopa,6000000370,6000002854
height,17047,33.488,MAC Field Scanner Field Plot 258 Season 2,FALSE,Maricopa,6000000370,6000002854
height,17049,34.149,MAC Field Scanner Field Plot 258 Season 2,FALSE,Maricopa,6000000370,6000002854
height,17050,34.149,MAC Field Scanner Field Plot 258 Season 2,FALSE,Maricopa,6000000370,6000002854
height,17051,49.352,MAC Field Scanner Field Plot 258 Season 2,FALSE,Maricopa,6000000370,6000002854
height,17052,51.335,MAC Field Scanner Field Plot 258 Season 2,FALSE,Maricopa,6000000370,6000002854
height,17053,53.979,MAC Field Scanner Field Plot 258 Season 2,FALSE,Maricopa,6000000370,6000002854
height,17054,55.962,MAC Field Scanner Field Plot 258 Season 2,FALSE,Maricopa,6000000370,6000002854
height,17056,60.589,MAC Field Scanner Field Plot 258 Season 2,FALSE,Maricopa,6000000370,6000002854
height,17057,61.25,MAC Field Scanner Field Plot 258 Season 2,FALSE,Maricopa,6000000370,6000002854
height,17058,63.233,MAC Field Scanner Field Plot 258 Season 2,FALSE,Maricopa,6000000370,6000002854
height,17061,65.216,MAC Field Scanner Field Plot 258 Season 2,FALSE,Maricopa,6000000370,6000002854
height,17064,70.504,MAC Field Scanner Field Plot 258 Season 2,FALSE,Maricopa,6000000370,6000002854
height,17067,77.114,MAC Field Scanner Field Plot 258 Season 2,FALSE,Maricopa,6000000370,6000002854
height,17069,77.775,MAC Field Scanner Field Plot 258 Season 2,FALSE,Maricopa,6000000370,6000002854
height,17070,78.436,MAC Field Scanner Field Plot 258 Season 2,FALSE,Maricopa,6000000370,6000002854
height,17071,68.521,MAC Field Scanner Field Plot 258 Season 2,FALSE,Maricopa,6000000370,6000002854
height,17022,30.844,MAC Field Scanner Field Plot 259 Season 2,FALSE,Maricopa,6000000370,6000002855
height,17024,31.505,MAC Field Scanner Field Plot 259 Season 2,FALSE,Maricopa,6000000370,6000002855
height,17025,30.844,MAC Field Scanner Field Plot 259 Season 2,FALSE,Maricopa,6000000370,6000002855
height,17026,31.505,MAC Field Scanner Field Plot 259 Season 2,FALSE,Maricopa,6000000370,6000002855
height,17027,31.505,MAC Field Scanner Field Plot 259 Season 2,FALSE,Maricopa,6000000370,6000002855
height,17028,30.844,MAC Field Scanner Field Plot 259 Season 2,FALSE,Maricopa,6000000370,6000002855
height,17029,30.844,MAC Field Scanner Field Plot 259 Season 2,FALSE,Maricopa,6000000370,6000002855
height,17030,30.844,MAC Field Scanner Field Plot 259 Season 2,FALSE,Maricopa,6000000370,6000002855
height,17031,31.505,MAC Field Scanner Field Plot 259 Season 2,FALSE,Maricopa,6000000370,6000002855
height,17037,31.505,MAC Field Scanner Field Plot 259 Season 2,FALSE,Maricopa,6000000370,6000002855
height,17038,32.827,MAC Field Scanner Field Plot 259 Season 2,FALSE,Maricopa,6000000370,6000002855
height,17040,32.827,MAC Field Scanner Field Plot 259 Season 2,FALSE,Maricopa,6000000370,6000002855
height,17043,32.827,MAC Field Scanner Field Plot 259 Season 2,FALSE,Maricopa,6000000370,6000002855
height,17047,33.488,MAC Field Scanner Field Plot 259 Season 2,FALSE,Maricopa,6000000370,6000002855
height,17049,33.488,MAC Field Scanner Field Plot 259 Season 2,FALSE,Maricopa,6000000370,6000002855
height,17050,33.488,MAC Field Scanner Field Plot 259 Season 2,FALSE,Maricopa,6000000370,6000002855
height,17051,48.03,MAC Field Scanner Field Plot 259 Season 2,FALSE,Maricopa,6000000370,6000002855
height,17052,49.352,MAC Field Scanner Field Plot 259 Season 2,FALSE,Maricopa,6000000370,6000002855
height,17053,51.335,MAC Field Scanner Field Plot 259 Season 2,FALSE,Maricopa,6000000370,6000002855
height,17054,54.64,MAC Field Scanner Field Plot 259 Season 2,FALSE,Maricopa,6000000370,6000002855
height,17056,57.284,MAC Field Scanner Field Plot 259 Season 2,FALSE,Maricopa,6000000370,6000002855
height,17057,59.267,MAC Field Scanner Field Plot 259 Season 2,FALSE,Maricopa,6000000370,6000002855
height,17058,60.589,MAC Field Scanner Field Plot 259 Season 2,FALSE,Maricopa,6000000370,6000002855
height,17061,63.233,MAC Field Scanner Field Plot 259 Season 2,FALSE,Maricopa,6000000370,6000002855
height,17064,65.216,MAC Field Scanner Field Plot 259 Season 2,FALSE,Maricopa,6000000370,6000002855
height,17067,65.877,MAC Field Scanner Field Plot 259 Season 2,FALSE,Maricopa,6000000370,6000002855
height,17069,67.199,MAC Field Scanner Field Plot 259 Season 2,FALSE,Maricopa,6000000370,6000002855
height,17070,67.199,MAC Field Scanner Field Plot 259 Season 2,FALSE,Maricopa,6000000370,6000002855
height,17071,68.521,MAC Field Scanner Field Plot 259 Season 2,FALSE,Maricopa,6000000370,6000002855
height,17021,30.844,MAC Field Scanner Field Plot 723 Season 2,FALSE,Maricopa,6000000370,6000003319
height,17023,31.505,MAC Field Scanner Field Plot 723 Season 2,FALSE,Maricopa,6000000370,6000003319
height,17024,31.505,MAC Field Scanner Field Plot 723 Season 2,FALSE,Maricopa,6000000370,6000003319
height,17025,30.844,MAC Field Scanner Field Plot 723 Season 2,FALSE,Maricopa,6000000370,6000003319
height,17026,30.844,MAC Field Scanner Field Plot 723 Season 2,FALSE,Maricopa,6000000370,6000003319
height,17027,31.505,MAC Field Scanner Field Plot 723 Season 2,FALSE,Maricopa,6000000370,6000003319
height,17028,31.505,MAC Field Scanner Field Plot 723 Season 2,FALSE,Maricopa,6000000370,6000003319
height,17029,31.505,MAC Field Scanner Field Plot 723 Season 2,FALSE,Maricopa,6000000370,6000003319
height,17030,30.844,MAC Field Scanner Field Plot 723 Season 2,FALSE,Maricopa,6000000370,6000003319
height,17031,30.844,MAC Field Scanner Field Plot 723 Season 2,FALSE,Maricopa,6000000370,6000003319
height,17036,30.844,MAC Field Scanner Field Plot 723 Season 2,FALSE,Maricopa,6000000370,6000003319
height,17037,31.505,MAC Field Scanner Field Plot 723 Season 2,FALSE,Maricopa,6000000370,6000003319
height,17038,32.166,MAC Field Scanner Field Plot 723 Season 2,FALSE,Maricopa,6000000370,6000003319
height,17040,65.216,MAC Field Scanner Field Plot 723 Season 2,FALSE,Maricopa,6000000370,6000003319
height,17042,32.166,MAC Field Scanner Field Plot 723 Season 2,FALSE,Maricopa,6000000370,6000003319
height,17046,32.827,MAC Field Scanner Field Plot 723 Season 2,FALSE,Maricopa,6000000370,6000003319
height,17048,33.488,MAC Field Scanner Field Plot 723 Season 2,FALSE,Maricopa,6000000370,6000003319
height,17049,33.488,MAC Field Scanner Field Plot 723 Season 2,FALSE,Maricopa,6000000370,6000003319
height,17050,40.759,MAC Field Scanner Field Plot 723 Season 2,FALSE,Maricopa,6000000370,6000003319
height,17051,44.064,MAC Field Scanner Field Plot 723 Season 2,FALSE,Maricopa,6000000370,6000003319
height,17052,45.386,MAC Field Scanner Field Plot 723 Season 2,FALSE,Maricopa,6000000370,6000003319
height,17054,48.03,MAC Field Scanner Field Plot 723 Season 2,FALSE,Maricopa,6000000370,6000003319
height,17055,51.335,MAC Field Scanner Field Plot 723 Season 2,FALSE,Maricopa,6000000370,6000003319
height,17056,53.979,MAC Field Scanner Field Plot 723 Season 2,FALSE,Maricopa,6000000370,6000003319
height,17057,54.64,MAC Field Scanner Field Plot 723 Season 2,FALSE,Maricopa,6000000370,6000003319
height,17059,56.623,MAC Field Scanner Field Plot 723 Season 2,FALSE,Maricopa,6000000370,6000003319
height,17064,57.945,MAC Field Scanner Field Plot 723 Season 2,FALSE,Maricopa,6000000370,6000003319
height,17066,58.606,MAC Field Scanner Field Plot 723 Season 2,FALSE,Maricopa,6000000370,6000003319
height,17068,59.267,MAC Field Scanner Field Plot 723 Season 2,FALSE,Maricopa,6000000370,6000003319
height,17069,58.606,MAC Field Scanner Field Plot 723 Season 2,FALSE,Maricopa,6000000370,6000003319
height,17071,59.267,MAC Field Scanner Field Plot 723 Season 2,FALSE,Maricopa,6000000370,6000003319
height,17072,60.589,MAC Field Scanner Field Plot 723 Season 2,FALSE,Maricopa,6000000370,6000003319
height,17021,31.505,MAC Field Scanner Field Plot 722 Season 2,FALSE,Maricopa,6000000370,6000003318
height,17023,28.861,MAC Field Scanner Field Plot 722 Season 2,FALSE,Maricopa,6000000370,6000003318
height,17024,31.505,MAC Field Scanner Field Plot 722 Season 2,FALSE,Maricopa,6000000370,6000003318
height,17025,31.505,MAC Field Scanner Field Plot 722 Season 2,FALSE,Maricopa,6000000370,6000003318
height,17026,32.166,MAC Field Scanner Field Plot 722 Season 2,FALSE,Maricopa,6000000370,6000003318
height,17027,32.166,MAC Field Scanner Field Plot 722 Season 2,FALSE,Maricopa,6000000370,6000003318
height,17028,32.166,MAC Field Scanner Field Plot 722 Season 2,FALSE,Maricopa,6000000370,6000003318
height,17029,32.166,MAC Field Scanner Field Plot 722 Season 2,FALSE,Maricopa,6000000370,6000003318
height,17030,31.505,MAC Field Scanner Field Plot 722 Season 2,FALSE,Maricopa,6000000370,6000003318
height,17031,31.505,MAC Field Scanner Field Plot 722 Season 2,FALSE,Maricopa,6000000370,6000003318
height,17036,31.505,MAC Field Scanner Field Plot 722 Season 2,FALSE,Maricopa,6000000370,6000003318
height,17037,32.166,MAC Field Scanner Field Plot 722 Season 2,FALSE,Maricopa,6000000370,6000003318
height,17038,32.166,MAC Field Scanner Field Plot 722 Season 2,FALSE,Maricopa,6000000370,6000003318
height,17040,32.827,MAC Field Scanner Field Plot 722 Season 2,FALSE,Maricopa,6000000370,6000003318
height,17042,32.166,MAC Field Scanner Field Plot 722 Season 2,FALSE,Maricopa,6000000370,6000003318
height,17046,32.827,MAC Field Scanner Field Plot 722 Season 2,FALSE,Maricopa,6000000370,6000003318
height,17048,33.488,MAC Field Scanner Field Plot 722 Season 2,FALSE,Maricopa,6000000370,6000003318
height,17049,33.488,MAC Field Scanner Field Plot 722 Season 2,FALSE,Maricopa,6000000370,6000003318
height,17050,32.827,MAC Field Scanner Field Plot 722 Season 2,FALSE,Maricopa,6000000370,6000003318
height,17051,33.488,MAC Field Scanner Field Plot 722 Season 2,FALSE,Maricopa,6000000370,6000003318
height,17052,34.149,MAC Field Scanner Field Plot 722 Season 2,FALSE,Maricopa,6000000370,6000003318
height,17054,37.454,MAC Field Scanner Field Plot 722 Season 2,FALSE,Maricopa,6000000370,6000003318
height,17055,41.42,MAC Field Scanner Field Plot 722 Season 2,FALSE,Maricopa,6000000370,6000003318
height,17056,44.064,MAC Field Scanner Field Plot 722 Season 2,FALSE,Maricopa,6000000370,6000003318
height,17057,48.03,MAC Field Scanner Field Plot 722 Season 2,FALSE,Maricopa,6000000370,6000003318
height,17059,51.335,MAC Field Scanner Field Plot 722 Season 2,FALSE,Maricopa,6000000370,6000003318
height,17064,53.979,MAC Field Scanner Field Plot 722 Season 2,FALSE,Maricopa,6000000370,6000003318
height,17066,55.301,MAC Field Scanner Field Plot 722 Season 2,FALSE,Maricopa,6000000370,6000003318
height,17068,55.301,MAC Field Scanner Field Plot 722 Season 2,FALSE,Maricopa,6000000370,6000003318
height,17069,55.301,MAC Field Scanner Field Plot 722 Season 2,FALSE,Maricopa,6000000370,6000003318
height,17071,56.623,MAC Field Scanner Field Plot 722 Season 2,FALSE,Maricopa,6000000370,6000003318
height,17072,59.928,MAC Field Scanner Field Plot 722 Season 2,FALSE,Maricopa,6000000370,6000003318
height,17022,31.505,MAC Field Scanner Field Plot 253 Season 2,FALSE,Maricopa,6000000371,6000002849
height,17024,32.827,MAC Field Scanner Field Plot 253 Season 2,FALSE,Maricopa,6000000371,6000002849
height,17025,32.166,MAC Field Scanner Field Plot 253 Season 2,FALSE,Maricopa,6000000371,6000002849
height,17026,32.166,MAC Field Scanner Field Plot 253 Season 2,FALSE,Maricopa,6000000371,6000002849
height,17027,32.166,MAC Field Scanner Field Plot 253 Season 2,FALSE,Maricopa,6000000371,6000002849
height,17028,31.505,MAC Field Scanner Field Plot 253 Season 2,FALSE,Maricopa,6000000371,6000002849
height,17029,31.505,MAC Field Scanner Field Plot 253 Season 2,FALSE,Maricopa,6000000371,6000002849
height,17030,31.505,MAC Field Scanner Field Plot 253 Season 2,FALSE,Maricopa,6000000371,6000002849
height,17031,32.166,MAC Field Scanner Field Plot 253 Season 2,FALSE,Maricopa,6000000371,6000002849
height,17037,31.505,MAC Field Scanner Field Plot 253 Season 2,FALSE,Maricopa,6000000371,6000002849
height,17038,32.827,MAC Field Scanner Field Plot 253 Season 2,FALSE,Maricopa,6000000371,6000002849
height,17040,32.827,MAC Field Scanner Field Plot 253 Season 2,FALSE,Maricopa,6000000371,6000002849
height,17043,32.827,MAC Field Scanner Field Plot 253 Season 2,FALSE,Maricopa,6000000371,6000002849
height,17047,32.827,MAC Field Scanner Field Plot 253 Season 2,FALSE,Maricopa,6000000371,6000002849
height,17049,33.488,MAC Field Scanner Field Plot 253 Season 2,FALSE,Maricopa,6000000371,6000002849
height,17050,33.488,MAC Field Scanner Field Plot 253 Season 2,FALSE,Maricopa,6000000371,6000002849
height,17051,53.318,MAC Field Scanner Field Plot 253 Season 2,FALSE,Maricopa,6000000371,6000002849
height,17052,56.623,MAC Field Scanner Field Plot 253 Season 2,FALSE,Maricopa,6000000371,6000002849
height,17053,59.267,MAC Field Scanner Field Plot 253 Season 2,FALSE,Maricopa,6000000371,6000002849
height,17054,63.233,MAC Field Scanner Field Plot 253 Season 2,FALSE,Maricopa,6000000371,6000002849
height,17056,65.877,MAC Field Scanner Field Plot 253 Season 2,FALSE,Maricopa,6000000371,6000002849
height,17057,69.843,MAC Field Scanner Field Plot 253 Season 2,FALSE,Maricopa,6000000371,6000002849
height,17058,71.165,MAC Field Scanner Field Plot 253 Season 2,FALSE,Maricopa,6000000371,6000002849
height,17061,77.114,MAC Field Scanner Field Plot 253 Season 2,FALSE,Maricopa,6000000371,6000002849
height,17064,81.741,MAC Field Scanner Field Plot 253 Season 2,FALSE,Maricopa,6000000371,6000002849
height,17067,85.046,MAC Field Scanner Field Plot 253 Season 2,FALSE,Maricopa,6000000371,6000002849
height,17069,86.368,MAC Field Scanner Field Plot 253 Season 2,FALSE,Maricopa,6000000371,6000002849
height,17070,87.029,MAC Field Scanner Field Plot 253 Season 2,FALSE,Maricopa,6000000371,6000002849
height,17071,88.351,MAC Field Scanner Field Plot 253 Season 2,FALSE,Maricopa,6000000371,6000002849
height,17022,31.505,MAC Field Scanner Field Plot 252 Season 2,FALSE,Maricopa,6000000371,6000002848
height,17024,32.166,MAC Field Scanner Field Plot 252 Season 2,FALSE,Maricopa,6000000371,6000002848
height,17025,31.505,MAC Field Scanner Field Plot 252 Season 2,FALSE,Maricopa,6000000371,6000002848
height,17026,32.166,MAC Field Scanner Field Plot 252 Season 2,FALSE,Maricopa,6000000371,6000002848
height,17027,32.166,MAC Field Scanner Field Plot 252 Season 2,FALSE,Maricopa,6000000371,6000002848
height,17028,31.505,MAC Field Scanner Field Plot 252 Season 2,FALSE,Maricopa,6000000371,6000002848
height,17029,32.166,MAC Field Scanner Field Plot 252 Season 2,FALSE,Maricopa,6000000371,6000002848
height,17030,32.166,MAC Field Scanner Field Plot 252 Season 2,FALSE,Maricopa,6000000371,6000002848
height,17031,32.166,MAC Field Scanner Field Plot 252 Season 2,FALSE,Maricopa,6000000371,6000002848
height,17037,32.166,MAC Field Scanner Field Plot 252 Season 2,FALSE,Maricopa,6000000371,6000002848
height,17038,32.166,MAC Field Scanner Field Plot 252 Season 2,FALSE,Maricopa,6000000371,6000002848
height,17040,32.166,MAC Field Scanner Field Plot 252 Season 2,FALSE,Maricopa,6000000371,6000002848
height,17043,32.166,MAC Field Scanner Field Plot 252 Season 2,FALSE,Maricopa,6000000371,6000002848
height,17047,32.827,MAC Field Scanner Field Plot 252 Season 2,FALSE,Maricopa,6000000371,6000002848
height,17049,33.488,MAC Field Scanner Field Plot 252 Season 2,FALSE,Maricopa,6000000371,6000002848
height,17050,33.488,MAC Field Scanner Field Plot 252 Season 2,FALSE,Maricopa,6000000371,6000002848
height,17051,52.657,MAC Field Scanner Field Plot 252 Season 2,FALSE,Maricopa,6000000371,6000002848
height,17052,55.962,MAC Field Scanner Field Plot 252 Season 2,FALSE,Maricopa,6000000371,6000002848
height,17053,59.267,MAC Field Scanner Field Plot 252 Season 2,FALSE,Maricopa,6000000371,6000002848
height,17054,61.911,MAC Field Scanner Field Plot 252 Season 2,FALSE,Maricopa,6000000371,6000002848
height,17056,65.877,MAC Field Scanner Field Plot 252 Season 2,FALSE,Maricopa,6000000371,6000002848
height,17057,68.521,MAC Field Scanner Field Plot 252 Season 2,FALSE,Maricopa,6000000371,6000002848
height,17058,70.504,MAC Field Scanner Field Plot 252 Season 2,FALSE,Maricopa,6000000371,6000002848
height,17061,76.453,MAC Field Scanner Field Plot 252 Season 2,FALSE,Maricopa,6000000371,6000002848
height,17064,81.741,MAC Field Scanner Field Plot 252 Season 2,FALSE,Maricopa,6000000371,6000002848
height,17067,84.385,MAC Field Scanner Field Plot 252 Season 2,FALSE,Maricopa,6000000371,6000002848
height,17069,86.368,MAC Field Scanner Field Plot 252 Season 2,FALSE,Maricopa,6000000371,6000002848
height,17070,87.029,MAC Field Scanner Field Plot 252 Season 2,FALSE,Maricopa,6000000371,6000002848
height,17071,88.351,MAC Field Scanner Field Plot 252 Season 2,FALSE,Maricopa,6000000371,6000002848
height,17021,31.505,MAC Field Scanner Field Plot 646 Season 2,FALSE,Maricopa,6000000371,6000003242
height,17024,32.166,MAC Field Scanner Field Plot 646 Season 2,FALSE,Maricopa,6000000371,6000003242
height,17025,31.505,MAC Field Scanner Field Plot 646 Season 2,FALSE,Maricopa,6000000371,6000003242
height,17026,32.166,MAC Field Scanner Field Plot 646 Season 2,FALSE,Maricopa,6000000371,6000003242
height,17028,31.505,MAC Field Scanner Field Plot 646 Season 2,FALSE,Maricopa,6000000371,6000003242
height,17029,31.505,MAC Field Scanner Field Plot 646 Season 2,FALSE,Maricopa,6000000371,6000003242
height,17030,31.505,MAC Field Scanner Field Plot 646 Season 2,FALSE,Maricopa,6000000371,6000003242
height,17031,31.505,MAC Field Scanner Field Plot 646 Season 2,FALSE,Maricopa,6000000371,6000003242
height,17036,31.505,MAC Field Scanner Field Plot 646 Season 2,FALSE,Maricopa,6000000371,6000003242
height,17038,32.827,MAC Field Scanner Field Plot 646 Season 2,FALSE,Maricopa,6000000371,6000003242
height,17040,33.488,MAC Field Scanner Field Plot 646 Season 2,FALSE,Maricopa,6000000371,6000003242
height,17042,32.827,MAC Field Scanner Field Plot 646 Season 2,FALSE,Maricopa,6000000371,6000003242
height,17046,33.488,MAC Field Scanner Field Plot 646 Season 2,FALSE,Maricopa,6000000371,6000003242
height,17048,34.149,MAC Field Scanner Field Plot 646 Season 2,FALSE,Maricopa,6000000371,6000003242
height,17049,34.149,MAC Field Scanner Field Plot 646 Season 2,FALSE,Maricopa,6000000371,6000003242
height,17050,44.725,MAC Field Scanner Field Plot 646 Season 2,FALSE,Maricopa,6000000371,6000003242
height,17051,48.03,MAC Field Scanner Field Plot 646 Season 2,FALSE,Maricopa,6000000371,6000003242
height,17052,50.013,MAC Field Scanner Field Plot 646 Season 2,FALSE,Maricopa,6000000371,6000003242
height,17054,53.318,MAC Field Scanner Field Plot 646 Season 2,FALSE,Maricopa,6000000371,6000003242
height,17055,57.284,MAC Field Scanner Field Plot 646 Season 2,FALSE,Maricopa,6000000371,6000003242
height,17056,61.25,MAC Field Scanner Field Plot 646 Season 2,FALSE,Maricopa,6000000371,6000003242
height,17058,63.233,MAC Field Scanner Field Plot 646 Season 2,FALSE,Maricopa,6000000371,6000003242
height,17059,67.86,MAC Field Scanner Field Plot 646 Season 2,FALSE,Maricopa,6000000371,6000003242
height,17064,76.453,MAC Field Scanner Field Plot 646 Season 2,FALSE,Maricopa,6000000371,6000003242
height,17067,77.775,MAC Field Scanner Field Plot 646 Season 2,FALSE,Maricopa,6000000371,6000003242
height,17068,81.08,MAC Field Scanner Field Plot 646 Season 2,FALSE,Maricopa,6000000371,6000003242
height,17069,83.063,MAC Field Scanner Field Plot 646 Season 2,FALSE,Maricopa,6000000371,6000003242
height,17071,83.724,MAC Field Scanner Field Plot 646 Season 2,FALSE,Maricopa,6000000371,6000003242
height,17072,87.029,MAC Field Scanner Field Plot 646 Season 2,FALSE,Maricopa,6000000371,6000003242
height,17021,31.505,MAC Field Scanner Field Plot 647 Season 2,FALSE,Maricopa,6000000371,6000003243
height,17024,31.505,MAC Field Scanner Field Plot 647 Season 2,FALSE,Maricopa,6000000371,6000003243
height,17025,31.505,MAC Field Scanner Field Plot 647 Season 2,FALSE,Maricopa,6000000371,6000003243
height,17026,31.505,MAC Field Scanner Field Plot 647 Season 2,FALSE,Maricopa,6000000371,6000003243
height,17028,31.505,MAC Field Scanner Field Plot 647 Season 2,FALSE,Maricopa,6000000371,6000003243
height,17029,31.505,MAC Field Scanner Field Plot 647 Season 2,FALSE,Maricopa,6000000371,6000003243
height,17030,30.844,MAC Field Scanner Field Plot 647 Season 2,FALSE,Maricopa,6000000371,6000003243
height,17031,30.844,MAC Field Scanner Field Plot 647 Season 2,FALSE,Maricopa,6000000371,6000003243
height,17036,31.505,MAC Field Scanner Field Plot 647 Season 2,FALSE,Maricopa,6000000371,6000003243
height,17038,33.488,MAC Field Scanner Field Plot 647 Season 2,FALSE,Maricopa,6000000371,6000003243
height,17040,33.488,MAC Field Scanner Field Plot 647 Season 2,FALSE,Maricopa,6000000371,6000003243
height,17042,34.149,MAC Field Scanner Field Plot 647 Season 2,FALSE,Maricopa,6000000371,6000003243
height,17046,34.149,MAC Field Scanner Field Plot 647 Season 2,FALSE,Maricopa,6000000371,6000003243
height,17048,33.488,MAC Field Scanner Field Plot 647 Season 2,FALSE,Maricopa,6000000371,6000003243
height,17049,34.149,MAC Field Scanner Field Plot 647 Season 2,FALSE,Maricopa,6000000371,6000003243
height,17050,36.132,MAC Field Scanner Field Plot 647 Season 2,FALSE,Maricopa,6000000371,6000003243
height,17051,41.42,MAC Field Scanner Field Plot 647 Season 2,FALSE,Maricopa,6000000371,6000003243
height,17052,44.064,MAC Field Scanner Field Plot 647 Season 2,FALSE,Maricopa,6000000371,6000003243
height,17054,47.369,MAC Field Scanner Field Plot 647 Season 2,FALSE,Maricopa,6000000371,6000003243
height,17055,53.979,MAC Field Scanner Field Plot 647 Season 2,FALSE,Maricopa,6000000371,6000003243
height,17056,57.284,MAC Field Scanner Field Plot 647 Season 2,FALSE,Maricopa,6000000371,6000003243
height,17058,59.928,MAC Field Scanner Field Plot 647 Season 2,FALSE,Maricopa,6000000371,6000003243
height,17059,64.555,MAC Field Scanner Field Plot 647 Season 2,FALSE,Maricopa,6000000371,6000003243
height,17064,72.487,MAC Field Scanner Field Plot 647 Season 2,FALSE,Maricopa,6000000371,6000003243
height,17067,75.131,MAC Field Scanner Field Plot 647 Season 2,FALSE,Maricopa,6000000371,6000003243
height,17068,77.775,MAC Field Scanner Field Plot 647 Season 2,FALSE,Maricopa,6000000371,6000003243
height,17069,80.419,MAC Field Scanner Field Plot 647 Season 2,FALSE,Maricopa,6000000371,6000003243
height,17071,81.08,MAC Field Scanner Field Plot 647 Season 2,FALSE,Maricopa,6000000371,6000003243
height,17072,85.707,MAC Field Scanner Field Plot 647 Season 2,FALSE,Maricopa,6000000371,6000003243
height,17022,31.505,MAC Field Scanner Field Plot 130 Season 2,FALSE,Maricopa,6000000372,6000002726
height,17025,31.505,MAC Field Scanner Field Plot 130 Season 2,FALSE,Maricopa,6000000372,6000002726
height,17026,31.505,MAC Field Scanner Field Plot 130 Season 2,FALSE,Maricopa,6000000372,6000002726
height,17027,31.505,MAC Field Scanner Field Plot 130 Season 2,FALSE,Maricopa,6000000372,6000002726
height,17028,31.505,MAC Field Scanner Field Plot 130 Season 2,FALSE,Maricopa,6000000372,6000002726
height,17029,31.505,MAC Field Scanner Field Plot 130 Season 2,FALSE,Maricopa,6000000372,6000002726
height,17030,31.505,MAC Field Scanner Field Plot 130 Season 2,FALSE,Maricopa,6000000372,6000002726
height,17031,32.166,MAC Field Scanner Field Plot 130 Season 2,FALSE,Maricopa,6000000372,6000002726
height,17037,32.166,MAC Field Scanner Field Plot 130 Season 2,FALSE,Maricopa,6000000372,6000002726
height,17039,34.149,MAC Field Scanner Field Plot 130 Season 2,FALSE,Maricopa,6000000372,6000002726
height,17040,34.149,MAC Field Scanner Field Plot 130 Season 2,FALSE,Maricopa,6000000372,6000002726
height,17043,34.149,MAC Field Scanner Field Plot 130 Season 2,FALSE,Maricopa,6000000372,6000002726
height,17047,34.81,MAC Field Scanner Field Plot 130 Season 2,FALSE,Maricopa,6000000372,6000002726
height,17049,34.81,MAC Field Scanner Field Plot 130 Season 2,FALSE,Maricopa,6000000372,6000002726
height,17050,34.81,MAC Field Scanner Field Plot 130 Season 2,FALSE,Maricopa,6000000372,6000002726
height,17051,58.606,MAC Field Scanner Field Plot 130 Season 2,FALSE,Maricopa,6000000372,6000002726
height,17052,61.25,MAC Field Scanner Field Plot 130 Season 2,FALSE,Maricopa,6000000372,6000002726
height,17053,64.555,MAC Field Scanner Field Plot 130 Season 2,FALSE,Maricopa,6000000372,6000002726
height,17054,67.199,MAC Field Scanner Field Plot 130 Season 2,FALSE,Maricopa,6000000372,6000002726
height,17056,69.843,MAC Field Scanner Field Plot 130 Season 2,FALSE,Maricopa,6000000372,6000002726
height,17057,71.826,MAC Field Scanner Field Plot 130 Season 2,FALSE,Maricopa,6000000372,6000002726
height,17058,73.809,MAC Field Scanner Field Plot 130 Season 2,FALSE,Maricopa,6000000372,6000002726
height,17061,77.114,MAC Field Scanner Field Plot 130 Season 2,FALSE,Maricopa,6000000372,6000002726
height,17064,83.724,MAC Field Scanner Field Plot 130 Season 2,FALSE,Maricopa,6000000372,6000002726
height,17067,89.012,MAC Field Scanner Field Plot 130 Season 2,FALSE,Maricopa,6000000372,6000002726
height,17069,89.673,MAC Field Scanner Field Plot 130 Season 2,FALSE,Maricopa,6000000372,6000002726
height,17070,91.656,MAC Field Scanner Field Plot 130 Season 2,FALSE,Maricopa,6000000372,6000002726
height,17071,90.995,MAC Field Scanner Field Plot 130 Season 2,FALSE,Maricopa,6000000372,6000002726
height,17022,31.505,MAC Field Scanner Field Plot 131 Season 2,FALSE,Maricopa,6000000372,6000002727
height,17025,31.505,MAC Field Scanner Field Plot 131 Season 2,FALSE,Maricopa,6000000372,6000002727
height,17026,31.505,MAC Field Scanner Field Plot 131 Season 2,FALSE,Maricopa,6000000372,6000002727
height,17027,31.505,MAC Field Scanner Field Plot 131 Season 2,FALSE,Maricopa,6000000372,6000002727
height,17028,31.505,MAC Field Scanner Field Plot 131 Season 2,FALSE,Maricopa,6000000372,6000002727
height,17029,31.505,MAC Field Scanner Field Plot 131 Season 2,FALSE,Maricopa,6000000372,6000002727
height,17030,31.505,MAC Field Scanner Field Plot 131 Season 2,FALSE,Maricopa,6000000372,6000002727
height,17031,31.505,MAC Field Scanner Field Plot 131 Season 2,FALSE,Maricopa,6000000372,6000002727
height,17037,31.505,MAC Field Scanner Field Plot 131 Season 2,FALSE,Maricopa,6000000372,6000002727
height,17039,34.149,MAC Field Scanner Field Plot 131 Season 2,FALSE,Maricopa,6000000372,6000002727
height,17040,34.149,MAC Field Scanner Field Plot 131 Season 2,FALSE,Maricopa,6000000372,6000002727
height,17043,34.149,MAC Field Scanner Field Plot 131 Season 2,FALSE,Maricopa,6000000372,6000002727
height,17047,34.81,MAC Field Scanner Field Plot 131 Season 2,FALSE,Maricopa,6000000372,6000002727
height,17049,34.81,MAC Field Scanner Field Plot 131 Season 2,FALSE,Maricopa,6000000372,6000002727
height,17050,34.81,MAC Field Scanner Field Plot 131 Season 2,FALSE,Maricopa,6000000372,6000002727
height,17051,52.657,MAC Field Scanner Field Plot 131 Season 2,FALSE,Maricopa,6000000372,6000002727
height,17052,55.301,MAC Field Scanner Field Plot 131 Season 2,FALSE,Maricopa,6000000372,6000002727
height,17053,58.606,MAC Field Scanner Field Plot 131 Season 2,FALSE,Maricopa,6000000372,6000002727
height,17054,61.911,MAC Field Scanner Field Plot 131 Season 2,FALSE,Maricopa,6000000372,6000002727
height,17056,65.216,MAC Field Scanner Field Plot 131 Season 2,FALSE,Maricopa,6000000372,6000002727
height,17057,67.86,MAC Field Scanner Field Plot 131 Season 2,FALSE,Maricopa,6000000372,6000002727
height,17058,69.843,MAC Field Scanner Field Plot 131 Season 2,FALSE,Maricopa,6000000372,6000002727
height,17061,75.792,MAC Field Scanner Field Plot 131 Season 2,FALSE,Maricopa,6000000372,6000002727
height,17064,79.097,MAC Field Scanner Field Plot 131 Season 2,FALSE,Maricopa,6000000372,6000002727
height,17067,82.402,MAC Field Scanner Field Plot 131 Season 2,FALSE,Maricopa,6000000372,6000002727
height,17069,84.385,MAC Field Scanner Field Plot 131 Season 2,FALSE,Maricopa,6000000372,6000002727
height,17070,87.029,MAC Field Scanner Field Plot 131 Season 2,FALSE,Maricopa,6000000372,6000002727
height,17071,88.351,MAC Field Scanner Field Plot 131 Season 2,FALSE,Maricopa,6000000372,6000002727
height,17022,31.505,MAC Field Scanner Field Plot 511 Season 2,FALSE,Maricopa,6000000372,6000003107
height,17024,32.166,MAC Field Scanner Field Plot 511 Season 2,FALSE,Maricopa,6000000372,6000003107
height,17026,31.505,MAC Field Scanner Field Plot 511 Season 2,FALSE,Maricopa,6000000372,6000003107
height,17028,31.505,MAC Field Scanner Field Plot 511 Season 2,FALSE,Maricopa,6000000372,6000003107
height,17029,31.505,MAC Field Scanner Field Plot 511 Season 2,FALSE,Maricopa,6000000372,6000003107
height,17030,31.505,MAC Field Scanner Field Plot 511 Season 2,FALSE,Maricopa,6000000372,6000003107
height,17036,31.505,MAC Field Scanner Field Plot 511 Season 2,FALSE,Maricopa,6000000372,6000003107
height,17038,33.488,MAC Field Scanner Field Plot 511 Season 2,FALSE,Maricopa,6000000372,6000003107
height,17040,33.488,MAC Field Scanner Field Plot 511 Season 2,FALSE,Maricopa,6000000372,6000003107
height,17042,34.149,MAC Field Scanner Field Plot 511 Season 2,FALSE,Maricopa,6000000372,6000003107
height,17046,34.81,MAC Field Scanner Field Plot 511 Season 2,FALSE,Maricopa,6000000372,6000003107
height,17049,34.81,MAC Field Scanner Field Plot 511 Season 2,FALSE,Maricopa,6000000372,6000003107
height,17051,62.572,MAC Field Scanner Field Plot 511 Season 2,FALSE,Maricopa,6000000372,6000003107
height,17053,65.216,MAC Field Scanner Field Plot 511 Season 2,FALSE,Maricopa,6000000372,6000003107
height,17054,69.182,MAC Field Scanner Field Plot 511 Season 2,FALSE,Maricopa,6000000372,6000003107
height,17055,72.487,MAC Field Scanner Field Plot 511 Season 2,FALSE,Maricopa,6000000372,6000003107
height,17056,74.47,MAC Field Scanner Field Plot 511 Season 2,FALSE,Maricopa,6000000372,6000003107
height,17058,75.131,MAC Field Scanner Field Plot 511 Season 2,FALSE,Maricopa,6000000372,6000003107
height,17059,76.453,MAC Field Scanner Field Plot 511 Season 2,FALSE,Maricopa,6000000372,6000003107
height,17061,78.436,MAC Field Scanner Field Plot 511 Season 2,FALSE,Maricopa,6000000372,6000003107
height,17064,82.402,MAC Field Scanner Field Plot 511 Season 2,FALSE,Maricopa,6000000372,6000003107
height,17067,89.012,MAC Field Scanner Field Plot 511 Season 2,FALSE,Maricopa,6000000372,6000003107
height,17068,87.029,MAC Field Scanner Field Plot 511 Season 2,FALSE,Maricopa,6000000372,6000003107
height,17069,90.995,MAC Field Scanner Field Plot 511 Season 2,FALSE,Maricopa,6000000372,6000003107
height,17070,89.673,MAC Field Scanner Field Plot 511 Season 2,FALSE,Maricopa,6000000372,6000003107
height,17071,90.995,MAC Field Scanner Field Plot 511 Season 2,FALSE,Maricopa,6000000372,6000003107
height,17022,31.505,MAC Field Scanner Field Plot 510 Season 2,FALSE,Maricopa,6000000372,6000003106
height,17024,32.166,MAC Field Scanner Field Plot 510 Season 2,FALSE,Maricopa,6000000372,6000003106
height,17026,31.505,MAC Field Scanner Field Plot 510 Season 2,FALSE,Maricopa,6000000372,6000003106
height,17028,32.166,MAC Field Scanner Field Plot 510 Season 2,FALSE,Maricopa,6000000372,6000003106
height,17029,32.166,MAC Field Scanner Field Plot 510 Season 2,FALSE,Maricopa,6000000372,6000003106
height,17030,31.505,MAC Field Scanner Field Plot 510 Season 2,FALSE,Maricopa,6000000372,6000003106
height,17036,32.166,MAC Field Scanner Field Plot 510 Season 2,FALSE,Maricopa,6000000372,6000003106
height,17038,32.827,MAC Field Scanner Field Plot 510 Season 2,FALSE,Maricopa,6000000372,6000003106
height,17040,34.149,MAC Field Scanner Field Plot 510 Season 2,FALSE,Maricopa,6000000372,6000003106
height,17042,33.488,MAC Field Scanner Field Plot 510 Season 2,FALSE,Maricopa,6000000372,6000003106
height,17046,34.149,MAC Field Scanner Field Plot 510 Season 2,FALSE,Maricopa,6000000372,6000003106
height,17049,34.149,MAC Field Scanner Field Plot 510 Season 2,FALSE,Maricopa,6000000372,6000003106
height,17051,59.928,MAC Field Scanner Field Plot 510 Season 2,FALSE,Maricopa,6000000372,6000003106
height,17053,63.894,MAC Field Scanner Field Plot 510 Season 2,FALSE,Maricopa,6000000372,6000003106
height,17054,66.538,MAC Field Scanner Field Plot 510 Season 2,FALSE,Maricopa,6000000372,6000003106
height,17055,69.843,MAC Field Scanner Field Plot 510 Season 2,FALSE,Maricopa,6000000372,6000003106
height,17056,72.487,MAC Field Scanner Field Plot 510 Season 2,FALSE,Maricopa,6000000372,6000003106
height,17058,73.809,MAC Field Scanner Field Plot 510 Season 2,FALSE,Maricopa,6000000372,6000003106
height,17059,76.453,MAC Field Scanner Field Plot 510 Season 2,FALSE,Maricopa,6000000372,6000003106
height,17061,78.436,MAC Field Scanner Field Plot 510 Season 2,FALSE,Maricopa,6000000372,6000003106
height,17064,81.741,MAC Field Scanner Field Plot 510 Season 2,FALSE,Maricopa,6000000372,6000003106
height,17067,87.69,MAC Field Scanner Field Plot 510 Season 2,FALSE,Maricopa,6000000372,6000003106
height,17068,86.368,MAC Field Scanner Field Plot 510 Season 2,FALSE,Maricopa,6000000372,6000003106
height,17069,90.334,MAC Field Scanner Field Plot 510 Season 2,FALSE,Maricopa,6000000372,6000003106
height,17070,91.656,MAC Field Scanner Field Plot 510 Season 2,FALSE,Maricopa,6000000372,6000003106
height,17071,93.639,MAC Field Scanner Field Plot 510 Season 2,FALSE,Maricopa,6000000372,6000003106
height,17022,31.505,MAC Field Scanner Field Plot 317 Season 2,FALSE,Maricopa,6000000373,6000002913
height,17024,31.505,MAC Field Scanner Field Plot 317 Season 2,FALSE,Maricopa,6000000373,6000002913
height,17025,30.844,MAC Field Scanner Field Plot 317 Season 2,FALSE,Maricopa,6000000373,6000002913
height,17026,31.505,MAC Field Scanner Field Plot 317 Season 2,FALSE,Maricopa,6000000373,6000002913
height,17027,31.505,MAC Field Scanner Field Plot 317 Season 2,FALSE,Maricopa,6000000373,6000002913
height,17028,31.505,MAC Field Scanner Field Plot 317 Season 2,FALSE,Maricopa,6000000373,6000002913
height,17029,31.505,MAC Field Scanner Field Plot 317 Season 2,FALSE,Maricopa,6000000373,6000002913
height,17030,31.505,MAC Field Scanner Field Plot 317 Season 2,FALSE,Maricopa,6000000373,6000002913
height,17031,31.505,MAC Field Scanner Field Plot 317 Season 2,FALSE,Maricopa,6000000373,6000002913
height,17037,32.166,MAC Field Scanner Field Plot 317 Season 2,FALSE,Maricopa,6000000373,6000002913
height,17038,33.488,MAC Field Scanner Field Plot 317 Season 2,FALSE,Maricopa,6000000373,6000002913
height,17040,34.149,MAC Field Scanner Field Plot 317 Season 2,FALSE,Maricopa,6000000373,6000002913
height,17043,33.488,MAC Field Scanner Field Plot 317 Season 2,FALSE,Maricopa,6000000373,6000002913
height,17047,34.149,MAC Field Scanner Field Plot 317 Season 2,FALSE,Maricopa,6000000373,6000002913
height,17049,34.149,MAC Field Scanner Field Plot 317 Season 2,FALSE,Maricopa,6000000373,6000002913
height,17050,33.488,MAC Field Scanner Field Plot 317 Season 2,FALSE,Maricopa,6000000373,6000002913
height,17051,56.623,MAC Field Scanner Field Plot 317 Season 2,FALSE,Maricopa,6000000373,6000002913
height,17052,59.267,MAC Field Scanner Field Plot 317 Season 2,FALSE,Maricopa,6000000373,6000002913
height,17053,61.911,MAC Field Scanner Field Plot 317 Season 2,FALSE,Maricopa,6000000373,6000002913
height,17054,65.216,MAC Field Scanner Field Plot 317 Season 2,FALSE,Maricopa,6000000373,6000002913
height,17055,59.267,MAC Field Scanner Field Plot 317 Season 2,FALSE,Maricopa,6000000373,6000002913
height,17056,69.182,MAC Field Scanner Field Plot 317 Season 2,FALSE,Maricopa,6000000373,6000002913
height,17057,71.826,MAC Field Scanner Field Plot 317 Season 2,FALSE,Maricopa,6000000373,6000002913
height,17058,73.809,MAC Field Scanner Field Plot 317 Season 2,FALSE,Maricopa,6000000373,6000002913
height,17061,78.436,MAC Field Scanner Field Plot 317 Season 2,FALSE,Maricopa,6000000373,6000002913
height,17064,80.419,MAC Field Scanner Field Plot 317 Season 2,FALSE,Maricopa,6000000373,6000002913
height,17067,83.724,MAC Field Scanner Field Plot 317 Season 2,FALSE,Maricopa,6000000373,6000002913
height,17069,85.707,MAC Field Scanner Field Plot 317 Season 2,FALSE,Maricopa,6000000373,6000002913
height,17070,87.029,MAC Field Scanner Field Plot 317 Season 2,FALSE,Maricopa,6000000373,6000002913
height,17071,89.012,MAC Field Scanner Field Plot 317 Season 2,FALSE,Maricopa,6000000373,6000002913
height,17022,31.505,MAC Field Scanner Field Plot 316 Season 2,FALSE,Maricopa,6000000373,6000002912
height,17024,32.166,MAC Field Scanner Field Plot 316 Season 2,FALSE,Maricopa,6000000373,6000002912
height,17025,32.166,MAC Field Scanner Field Plot 316 Season 2,FALSE,Maricopa,6000000373,6000002912
height,17026,31.505,MAC Field Scanner Field Plot 316 Season 2,FALSE,Maricopa,6000000373,6000002912
height,17027,31.505,MAC Field Scanner Field Plot 316 Season 2,FALSE,Maricopa,6000000373,6000002912
height,17028,32.166,MAC Field Scanner Field Plot 316 Season 2,FALSE,Maricopa,6000000373,6000002912
height,17029,32.166,MAC Field Scanner Field Plot 316 Season 2,FALSE,Maricopa,6000000373,6000002912
height,17030,32.166,MAC Field Scanner Field Plot 316 Season 2,FALSE,Maricopa,6000000373,6000002912
height,17031,31.505,MAC Field Scanner Field Plot 316 Season 2,FALSE,Maricopa,6000000373,6000002912
height,17037,32.166,MAC Field Scanner Field Plot 316 Season 2,FALSE,Maricopa,6000000373,6000002912
height,17038,34.149,MAC Field Scanner Field Plot 316 Season 2,FALSE,Maricopa,6000000373,6000002912
height,17040,34.149,MAC Field Scanner Field Plot 316 Season 2,FALSE,Maricopa,6000000373,6000002912
height,17043,33.488,MAC Field Scanner Field Plot 316 Season 2,FALSE,Maricopa,6000000373,6000002912
height,17047,34.81,MAC Field Scanner Field Plot 316 Season 2,FALSE,Maricopa,6000000373,6000002912
height,17049,34.81,MAC Field Scanner Field Plot 316 Season 2,FALSE,Maricopa,6000000373,6000002912
height,17050,34.81,MAC Field Scanner Field Plot 316 Season 2,FALSE,Maricopa,6000000373,6000002912
height,17051,57.284,MAC Field Scanner Field Plot 316 Season 2,FALSE,Maricopa,6000000373,6000002912
height,17052,59.928,MAC Field Scanner Field Plot 316 Season 2,FALSE,Maricopa,6000000373,6000002912
height,17053,62.572,MAC Field Scanner Field Plot 316 Season 2,FALSE,Maricopa,6000000373,6000002912
height,17054,65.216,MAC Field Scanner Field Plot 316 Season 2,FALSE,Maricopa,6000000373,6000002912
height,17055,63.233,MAC Field Scanner Field Plot 316 Season 2,FALSE,Maricopa,6000000373,6000002912
height,17056,69.843,MAC Field Scanner Field Plot 316 Season 2,FALSE,Maricopa,6000000373,6000002912
height,17057,71.826,MAC Field Scanner Field Plot 316 Season 2,FALSE,Maricopa,6000000373,6000002912
height,17058,73.809,MAC Field Scanner Field Plot 316 Season 2,FALSE,Maricopa,6000000373,6000002912
height,17061,78.436,MAC Field Scanner Field Plot 316 Season 2,FALSE,Maricopa,6000000373,6000002912
height,17064,81.741,MAC Field Scanner Field Plot 316 Season 2,FALSE,Maricopa,6000000373,6000002912
height,17067,85.707,MAC Field Scanner Field Plot 316 Season 2,FALSE,Maricopa,6000000373,6000002912
height,17069,87.029,MAC Field Scanner Field Plot 316 Season 2,FALSE,Maricopa,6000000373,6000002912
height,17070,87.029,MAC Field Scanner Field Plot 316 Season 2,FALSE,Maricopa,6000000373,6000002912
height,17071,89.012,MAC Field Scanner Field Plot 316 Season 2,FALSE,Maricopa,6000000373,6000002912
height,17021,31.505,MAC Field Scanner Field Plot 744 Season 2,FALSE,Maricopa,6000000373,6000003340
height,17023,32.166,MAC Field Scanner Field Plot 744 Season 2,FALSE,Maricopa,6000000373,6000003340
height,17024,31.505,MAC Field Scanner Field Plot 744 Season 2,FALSE,Maricopa,6000000373,6000003340
height,17025,31.505,MAC Field Scanner Field Plot 744 Season 2,FALSE,Maricopa,6000000373,6000003340
height,17026,31.505,MAC Field Scanner Field Plot 744 Season 2,FALSE,Maricopa,6000000373,6000003340
height,17027,32.166,MAC Field Scanner Field Plot 744 Season 2,FALSE,Maricopa,6000000373,6000003340
height,17028,32.166,MAC Field Scanner Field Plot 744 Season 2,FALSE,Maricopa,6000000373,6000003340
height,17029,32.166,MAC Field Scanner Field Plot 744 Season 2,FALSE,Maricopa,6000000373,6000003340
height,17030,31.505,MAC Field Scanner Field Plot 744 Season 2,FALSE,Maricopa,6000000373,6000003340
height,17031,31.505,MAC Field Scanner Field Plot 744 Season 2,FALSE,Maricopa,6000000373,6000003340
height,17036,31.505,MAC Field Scanner Field Plot 744 Season 2,FALSE,Maricopa,6000000373,6000003340
height,17037,32.166,MAC Field Scanner Field Plot 744 Season 2,FALSE,Maricopa,6000000373,6000003340
height,17038,32.827,MAC Field Scanner Field Plot 744 Season 2,FALSE,Maricopa,6000000373,6000003340
height,17040,32.827,MAC Field Scanner Field Plot 744 Season 2,FALSE,Maricopa,6000000373,6000003340
height,17042,33.488,MAC Field Scanner Field Plot 744 Season 2,FALSE,Maricopa,6000000373,6000003340
height,17046,34.149,MAC Field Scanner Field Plot 744 Season 2,FALSE,Maricopa,6000000373,6000003340
height,17048,33.488,MAC Field Scanner Field Plot 744 Season 2,FALSE,Maricopa,6000000373,6000003340
height,17049,33.488,MAC Field Scanner Field Plot 744 Season 2,FALSE,Maricopa,6000000373,6000003340
height,17050,53.979,MAC Field Scanner Field Plot 744 Season 2,FALSE,Maricopa,6000000373,6000003340
height,17051,57.945,MAC Field Scanner Field Plot 744 Season 2,FALSE,Maricopa,6000000373,6000003340
height,17052,60.589,MAC Field Scanner Field Plot 744 Season 2,FALSE,Maricopa,6000000373,6000003340
height,17054,63.894,MAC Field Scanner Field Plot 744 Season 2,FALSE,Maricopa,6000000373,6000003340
height,17055,66.538,MAC Field Scanner Field Plot 744 Season 2,FALSE,Maricopa,6000000373,6000003340
height,17056,69.182,MAC Field Scanner Field Plot 744 Season 2,FALSE,Maricopa,6000000373,6000003340
height,17057,70.504,MAC Field Scanner Field Plot 744 Season 2,FALSE,Maricopa,6000000373,6000003340
height,17059,75.131,MAC Field Scanner Field Plot 744 Season 2,FALSE,Maricopa,6000000373,6000003340
height,17064,81.741,MAC Field Scanner Field Plot 744 Season 2,FALSE,Maricopa,6000000373,6000003340
height,17066,84.385,MAC Field Scanner Field Plot 744 Season 2,FALSE,Maricopa,6000000373,6000003340
height,17068,85.707,MAC Field Scanner Field Plot 744 Season 2,FALSE,Maricopa,6000000373,6000003340
height,17069,87.029,MAC Field Scanner Field Plot 744 Season 2,FALSE,Maricopa,6000000373,6000003340
height,17070,89.012,MAC Field Scanner Field Plot 744 Season 2,FALSE,Maricopa,6000000373,6000003340
height,17071,83.724,MAC Field Scanner Field Plot 744 Season 2,FALSE,Maricopa,6000000373,6000003340
height,17072,89.012,MAC Field Scanner Field Plot 744 Season 2,FALSE,Maricopa,6000000373,6000003340
height,17021,31.505,MAC Field Scanner Field Plot 745 Season 2,FALSE,Maricopa,6000000373,6000003341
height,17023,32.166,MAC Field Scanner Field Plot 745 Season 2,FALSE,Maricopa,6000000373,6000003341
height,17024,31.505,MAC Field Scanner Field Plot 745 Season 2,FALSE,Maricopa,6000000373,6000003341
height,17025,31.505,MAC Field Scanner Field Plot 745 Season 2,FALSE,Maricopa,6000000373,6000003341
height,17026,31.505,MAC Field Scanner Field Plot 745 Season 2,FALSE,Maricopa,6000000373,6000003341
height,17027,32.166,MAC Field Scanner Field Plot 745 Season 2,FALSE,Maricopa,6000000373,6000003341
height,17028,32.166,MAC Field Scanner Field Plot 745 Season 2,FALSE,Maricopa,6000000373,6000003341
height,17029,32.166,MAC Field Scanner Field Plot 745 Season 2,FALSE,Maricopa,6000000373,6000003341
height,17030,31.505,MAC Field Scanner Field Plot 745 Season 2,FALSE,Maricopa,6000000373,6000003341
height,17031,31.505,MAC Field Scanner Field Plot 745 Season 2,FALSE,Maricopa,6000000373,6000003341
height,17036,31.505,MAC Field Scanner Field Plot 745 Season 2,FALSE,Maricopa,6000000373,6000003341
height,17037,32.166,MAC Field Scanner Field Plot 745 Season 2,FALSE,Maricopa,6000000373,6000003341
height,17038,33.488,MAC Field Scanner Field Plot 745 Season 2,FALSE,Maricopa,6000000373,6000003341
height,17040,33.488,MAC Field Scanner Field Plot 745 Season 2,FALSE,Maricopa,6000000373,6000003341
height,17042,34.149,MAC Field Scanner Field Plot 745 Season 2,FALSE,Maricopa,6000000373,6000003341
height,17046,33.488,MAC Field Scanner Field Plot 745 Season 2,FALSE,Maricopa,6000000373,6000003341
height,17048,34.149,MAC Field Scanner Field Plot 745 Season 2,FALSE,Maricopa,6000000373,6000003341
height,17049,34.149,MAC Field Scanner Field Plot 745 Season 2,FALSE,Maricopa,6000000373,6000003341
height,17050,56.623,MAC Field Scanner Field Plot 745 Season 2,FALSE,Maricopa,6000000373,6000003341
height,17051,60.589,MAC Field Scanner Field Plot 745 Season 2,FALSE,Maricopa,6000000373,6000003341
height,17052,62.572,MAC Field Scanner Field Plot 745 Season 2,FALSE,Maricopa,6000000373,6000003341
height,17054,66.538,MAC Field Scanner Field Plot 745 Season 2,FALSE,Maricopa,6000000373,6000003341
height,17055,68.521,MAC Field Scanner Field Plot 745 Season 2,FALSE,Maricopa,6000000373,6000003341
height,17056,71.826,MAC Field Scanner Field Plot 745 Season 2,FALSE,Maricopa,6000000373,6000003341
height,17057,74.47,MAC Field Scanner Field Plot 745 Season 2,FALSE,Maricopa,6000000373,6000003341
height,17059,77.775,MAC Field Scanner Field Plot 745 Season 2,FALSE,Maricopa,6000000373,6000003341
height,17064,82.402,MAC Field Scanner Field Plot 745 Season 2,FALSE,Maricopa,6000000373,6000003341
height,17066,84.385,MAC Field Scanner Field Plot 745 Season 2,FALSE,Maricopa,6000000373,6000003341
height,17068,86.368,MAC Field Scanner Field Plot 745 Season 2,FALSE,Maricopa,6000000373,6000003341
height,17069,87.029,MAC Field Scanner Field Plot 745 Season 2,FALSE,Maricopa,6000000373,6000003341
height,17070,89.673,MAC Field Scanner Field Plot 745 Season 2,FALSE,Maricopa,6000000373,6000003341
height,17071,80.419,MAC Field Scanner Field Plot 745 Season 2,FALSE,Maricopa,6000000373,6000003341
height,17072,89.012,MAC Field Scanner Field Plot 745 Season 2,FALSE,Maricopa,6000000373,6000003341
height,17022,32.166,MAC Field Scanner Field Plot 394 Season 2,FALSE,Maricopa,6000000374,6000002990
height,17024,32.827,MAC Field Scanner Field Plot 394 Season 2,FALSE,Maricopa,6000000374,6000002990
height,17025,32.827,MAC Field Scanner Field Plot 394 Season 2,FALSE,Maricopa,6000000374,6000002990
height,17026,32.166,MAC Field Scanner Field Plot 394 Season 2,FALSE,Maricopa,6000000374,6000002990
height,17028,32.166,MAC Field Scanner Field Plot 394 Season 2,FALSE,Maricopa,6000000374,6000002990
height,17029,32.827,MAC Field Scanner Field Plot 394 Season 2,FALSE,Maricopa,6000000374,6000002990
height,17030,32.827,MAC Field Scanner Field Plot 394 Season 2,FALSE,Maricopa,6000000374,6000002990
height,17031,32.166,MAC Field Scanner Field Plot 394 Season 2,FALSE,Maricopa,6000000374,6000002990
height,17036,32.827,MAC Field Scanner Field Plot 394 Season 2,FALSE,Maricopa,6000000374,6000002990
height,17038,32.827,MAC Field Scanner Field Plot 394 Season 2,FALSE,Maricopa,6000000374,6000002990
height,17040,32.827,MAC Field Scanner Field Plot 394 Season 2,FALSE,Maricopa,6000000374,6000002990
height,17043,32.827,MAC Field Scanner Field Plot 394 Season 2,FALSE,Maricopa,6000000374,6000002990
height,17047,32.827,MAC Field Scanner Field Plot 394 Season 2,FALSE,Maricopa,6000000374,6000002990
height,17049,32.827,MAC Field Scanner Field Plot 394 Season 2,FALSE,Maricopa,6000000374,6000002990
height,17051,48.03,MAC Field Scanner Field Plot 394 Season 2,FALSE,Maricopa,6000000374,6000002990
height,17052,50.013,MAC Field Scanner Field Plot 394 Season 2,FALSE,Maricopa,6000000374,6000002990
height,17053,51.996,MAC Field Scanner Field Plot 394 Season 2,FALSE,Maricopa,6000000374,6000002990
height,17054,55.301,MAC Field Scanner Field Plot 394 Season 2,FALSE,Maricopa,6000000374,6000002990
height,17055,58.606,MAC Field Scanner Field Plot 394 Season 2,FALSE,Maricopa,6000000374,6000002990
height,17056,61.25,MAC Field Scanner Field Plot 394 Season 2,FALSE,Maricopa,6000000374,6000002990
height,17058,63.233,MAC Field Scanner Field Plot 394 Season 2,FALSE,Maricopa,6000000374,6000002990
height,17061,67.199,MAC Field Scanner Field Plot 394 Season 2,FALSE,Maricopa,6000000374,6000002990
height,17064,70.504,MAC Field Scanner Field Plot 394 Season 2,FALSE,Maricopa,6000000374,6000002990
height,17067,73.148,MAC Field Scanner Field Plot 394 Season 2,FALSE,Maricopa,6000000374,6000002990
height,17069,74.47,MAC Field Scanner Field Plot 394 Season 2,FALSE,Maricopa,6000000374,6000002990
height,17070,74.47,MAC Field Scanner Field Plot 394 Season 2,FALSE,Maricopa,6000000374,6000002990
height,17071,73.809,MAC Field Scanner Field Plot 394 Season 2,FALSE,Maricopa,6000000374,6000002990
height,17022,31.505,MAC Field Scanner Field Plot 395 Season 2,FALSE,Maricopa,6000000374,6000002991
height,17024,31.505,MAC Field Scanner Field Plot 395 Season 2,FALSE,Maricopa,6000000374,6000002991
height,17025,31.505,MAC Field Scanner Field Plot 395 Season 2,FALSE,Maricopa,6000000374,6000002991
height,17026,31.505,MAC Field Scanner Field Plot 395 Season 2,FALSE,Maricopa,6000000374,6000002991
height,17028,30.844,MAC Field Scanner Field Plot 395 Season 2,FALSE,Maricopa,6000000374,6000002991
height,17029,30.844,MAC Field Scanner Field Plot 395 Season 2,FALSE,Maricopa,6000000374,6000002991
height,17030,30.844,MAC Field Scanner Field Plot 395 Season 2,FALSE,Maricopa,6000000374,6000002991
height,17031,31.505,MAC Field Scanner Field Plot 395 Season 2,FALSE,Maricopa,6000000374,6000002991
height,17036,30.844,MAC Field Scanner Field Plot 395 Season 2,FALSE,Maricopa,6000000374,6000002991
height,17038,32.827,MAC Field Scanner Field Plot 395 Season 2,FALSE,Maricopa,6000000374,6000002991
height,17040,32.827,MAC Field Scanner Field Plot 395 Season 2,FALSE,Maricopa,6000000374,6000002991
height,17043,32.827,MAC Field Scanner Field Plot 395 Season 2,FALSE,Maricopa,6000000374,6000002991
height,17047,33.488,MAC Field Scanner Field Plot 395 Season 2,FALSE,Maricopa,6000000374,6000002991
height,17049,34.149,MAC Field Scanner Field Plot 395 Season 2,FALSE,Maricopa,6000000374,6000002991
height,17051,50.013,MAC Field Scanner Field Plot 395 Season 2,FALSE,Maricopa,6000000374,6000002991
height,17052,51.996,MAC Field Scanner Field Plot 395 Season 2,FALSE,Maricopa,6000000374,6000002991
height,17053,53.979,MAC Field Scanner Field Plot 395 Season 2,FALSE,Maricopa,6000000374,6000002991
height,17054,57.284,MAC Field Scanner Field Plot 395 Season 2,FALSE,Maricopa,6000000374,6000002991
height,17055,60.589,MAC Field Scanner Field Plot 395 Season 2,FALSE,Maricopa,6000000374,6000002991
height,17056,63.233,MAC Field Scanner Field Plot 395 Season 2,FALSE,Maricopa,6000000374,6000002991
height,17058,64.555,MAC Field Scanner Field Plot 395 Season 2,FALSE,Maricopa,6000000374,6000002991
height,17061,69.182,MAC Field Scanner Field Plot 395 Season 2,FALSE,Maricopa,6000000374,6000002991
height,17064,71.826,MAC Field Scanner Field Plot 395 Season 2,FALSE,Maricopa,6000000374,6000002991
height,17067,73.148,MAC Field Scanner Field Plot 395 Season 2,FALSE,Maricopa,6000000374,6000002991
height,17069,73.809,MAC Field Scanner Field Plot 395 Season 2,FALSE,Maricopa,6000000374,6000002991
height,17070,73.809,MAC Field Scanner Field Plot 395 Season 2,FALSE,Maricopa,6000000374,6000002991
height,17071,75.131,MAC Field Scanner Field Plot 395 Season 2,FALSE,Maricopa,6000000374,6000002991
height,17022,31.505,MAC Field Scanner Field Plot 524 Season 2,FALSE,Maricopa,6000000374,6000003120
height,17024,32.166,MAC Field Scanner Field Plot 524 Season 2,FALSE,Maricopa,6000000374,6000003120
height,17026,31.505,MAC Field Scanner Field Plot 524 Season 2,FALSE,Maricopa,6000000374,6000003120
height,17028,31.505,MAC Field Scanner Field Plot 524 Season 2,FALSE,Maricopa,6000000374,6000003120
height,17029,31.505,MAC Field Scanner Field Plot 524 Season 2,FALSE,Maricopa,6000000374,6000003120
height,17030,31.505,MAC Field Scanner Field Plot 524 Season 2,FALSE,Maricopa,6000000374,6000003120
height,17036,31.505,MAC Field Scanner Field Plot 524 Season 2,FALSE,Maricopa,6000000374,6000003120
height,17038,33.488,MAC Field Scanner Field Plot 524 Season 2,FALSE,Maricopa,6000000374,6000003120
height,17040,33.488,MAC Field Scanner Field Plot 524 Season 2,FALSE,Maricopa,6000000374,6000003120
height,17042,32.827,MAC Field Scanner Field Plot 524 Season 2,FALSE,Maricopa,6000000374,6000003120
height,17046,33.488,MAC Field Scanner Field Plot 524 Season 2,FALSE,Maricopa,6000000374,6000003120
height,17049,33.488,MAC Field Scanner Field Plot 524 Season 2,FALSE,Maricopa,6000000374,6000003120
height,17051,54.64,MAC Field Scanner Field Plot 524 Season 2,FALSE,Maricopa,6000000374,6000003120
height,17053,57.945,MAC Field Scanner Field Plot 524 Season 2,FALSE,Maricopa,6000000374,6000003120
height,17054,60.589,MAC Field Scanner Field Plot 524 Season 2,FALSE,Maricopa,6000000374,6000003120
height,17055,63.894,MAC Field Scanner Field Plot 524 Season 2,FALSE,Maricopa,6000000374,6000003120
height,17056,65.216,MAC Field Scanner Field Plot 524 Season 2,FALSE,Maricopa,6000000374,6000003120
height,17058,66.538,MAC Field Scanner Field Plot 524 Season 2,FALSE,Maricopa,6000000374,6000003120
height,17059,69.182,MAC Field Scanner Field Plot 524 Season 2,FALSE,Maricopa,6000000374,6000003120
height,17061,71.165,MAC Field Scanner Field Plot 524 Season 2,FALSE,Maricopa,6000000374,6000003120
height,17064,73.809,MAC Field Scanner Field Plot 524 Season 2,FALSE,Maricopa,6000000374,6000003120
height,17067,75.131,MAC Field Scanner Field Plot 524 Season 2,FALSE,Maricopa,6000000374,6000003120
height,17068,75.792,MAC Field Scanner Field Plot 524 Season 2,FALSE,Maricopa,6000000374,6000003120
height,17070,76.453,MAC Field Scanner Field Plot 524 Season 2,FALSE,Maricopa,6000000374,6000003120
height,17071,76.453,MAC Field Scanner Field Plot 524 Season 2,FALSE,Maricopa,6000000374,6000003120
height,17022,31.505,MAC Field Scanner Field Plot 525 Season 2,FALSE,Maricopa,6000000374,6000003121
height,17024,30.844,MAC Field Scanner Field Plot 525 Season 2,FALSE,Maricopa,6000000374,6000003121
height,17026,31.505,MAC Field Scanner Field Plot 525 Season 2,FALSE,Maricopa,6000000374,6000003121
height,17028,31.505,MAC Field Scanner Field Plot 525 Season 2,FALSE,Maricopa,6000000374,6000003121
height,17029,30.844,MAC Field Scanner Field Plot 525 Season 2,FALSE,Maricopa,6000000374,6000003121
height,17030,31.505,MAC Field Scanner Field Plot 525 Season 2,FALSE,Maricopa,6000000374,6000003121
height,17036,31.505,MAC Field Scanner Field Plot 525 Season 2,FALSE,Maricopa,6000000374,6000003121
height,17038,34.149,MAC Field Scanner Field Plot 525 Season 2,FALSE,Maricopa,6000000374,6000003121
height,17040,34.149,MAC Field Scanner Field Plot 525 Season 2,FALSE,Maricopa,6000000374,6000003121
height,17042,34.149,MAC Field Scanner Field Plot 525 Season 2,FALSE,Maricopa,6000000374,6000003121
height,17046,34.149,MAC Field Scanner Field Plot 525 Season 2,FALSE,Maricopa,6000000374,6000003121
height,17049,34.149,MAC Field Scanner Field Plot 525 Season 2,FALSE,Maricopa,6000000374,6000003121
height,17051,53.979,MAC Field Scanner Field Plot 525 Season 2,FALSE,Maricopa,6000000374,6000003121
height,17053,57.284,MAC Field Scanner Field Plot 525 Season 2,FALSE,Maricopa,6000000374,6000003121
height,17054,60.589,MAC Field Scanner Field Plot 525 Season 2,FALSE,Maricopa,6000000374,6000003121
height,17055,63.233,MAC Field Scanner Field Plot 525 Season 2,FALSE,Maricopa,6000000374,6000003121
height,17056,65.216,MAC Field Scanner Field Plot 525 Season 2,FALSE,Maricopa,6000000374,6000003121
height,17058,66.538,MAC Field Scanner Field Plot 525 Season 2,FALSE,Maricopa,6000000374,6000003121
height,17059,69.182,MAC Field Scanner Field Plot 525 Season 2,FALSE,Maricopa,6000000374,6000003121
height,17061,71.165,MAC Field Scanner Field Plot 525 Season 2,FALSE,Maricopa,6000000374,6000003121
height,17064,73.148,MAC Field Scanner Field Plot 525 Season 2,FALSE,Maricopa,6000000374,6000003121
height,17067,74.47,MAC Field Scanner Field Plot 525 Season 2,FALSE,Maricopa,6000000374,6000003121
height,17068,75.792,MAC Field Scanner Field Plot 525 Season 2,FALSE,Maricopa,6000000374,6000003121
height,17070,75.792,MAC Field Scanner Field Plot 525 Season 2,FALSE,Maricopa,6000000374,6000003121
height,17071,77.114,MAC Field Scanner Field Plot 525 Season 2,FALSE,Maricopa,6000000374,6000003121
height,17022,31.505,MAC Field Scanner Field Plot 403 Season 2,FALSE,Maricopa,6000000375,6000002999
height,17024,31.505,MAC Field Scanner Field Plot 403 Season 2,FALSE,Maricopa,6000000375,6000002999
height,17025,30.844,MAC Field Scanner Field Plot 403 Season 2,FALSE,Maricopa,6000000375,6000002999
height,17026,30.844,MAC Field Scanner Field Plot 403 Season 2,FALSE,Maricopa,6000000375,6000002999
height,17028,30.844,MAC Field Scanner Field Plot 403 Season 2,FALSE,Maricopa,6000000375,6000002999
height,17029,30.844,MAC Field Scanner Field Plot 403 Season 2,FALSE,Maricopa,6000000375,6000002999
height,17030,31.505,MAC Field Scanner Field Plot 403 Season 2,FALSE,Maricopa,6000000375,6000002999
height,17031,30.844,MAC Field Scanner Field Plot 403 Season 2,FALSE,Maricopa,6000000375,6000002999
height,17036,30.844,MAC Field Scanner Field Plot 403 Season 2,FALSE,Maricopa,6000000375,6000002999
height,17038,32.166,MAC Field Scanner Field Plot 403 Season 2,FALSE,Maricopa,6000000375,6000002999
height,17040,32.166,MAC Field Scanner Field Plot 403 Season 2,FALSE,Maricopa,6000000375,6000002999
height,17043,32.166,MAC Field Scanner Field Plot 403 Season 2,FALSE,Maricopa,6000000375,6000002999
height,17046,32.166,MAC Field Scanner Field Plot 403 Season 2,FALSE,Maricopa,6000000375,6000002999
height,17047,32.827,MAC Field Scanner Field Plot 403 Season 2,FALSE,Maricopa,6000000375,6000002999
height,17049,33.488,MAC Field Scanner Field Plot 403 Season 2,FALSE,Maricopa,6000000375,6000002999
height,17051,33.488,MAC Field Scanner Field Plot 403 Season 2,FALSE,Maricopa,6000000375,6000002999
height,17052,33.488,MAC Field Scanner Field Plot 403 Season 2,FALSE,Maricopa,6000000375,6000002999
height,17053,34.149,MAC Field Scanner Field Plot 403 Season 2,FALSE,Maricopa,6000000375,6000002999
height,17054,40.098,MAC Field Scanner Field Plot 403 Season 2,FALSE,Maricopa,6000000375,6000002999
height,17055,45.386,MAC Field Scanner Field Plot 403 Season 2,FALSE,Maricopa,6000000375,6000002999
height,17056,48.03,MAC Field Scanner Field Plot 403 Season 2,FALSE,Maricopa,6000000375,6000002999
height,17058,51.335,MAC Field Scanner Field Plot 403 Season 2,FALSE,Maricopa,6000000375,6000002999
height,17061,55.301,MAC Field Scanner Field Plot 403 Season 2,FALSE,Maricopa,6000000375,6000002999
height,17064,59.267,MAC Field Scanner Field Plot 403 Season 2,FALSE,Maricopa,6000000375,6000002999
height,17067,60.589,MAC Field Scanner Field Plot 403 Season 2,FALSE,Maricopa,6000000375,6000002999
height,17069,61.911,MAC Field Scanner Field Plot 403 Season 2,FALSE,Maricopa,6000000375,6000002999
height,17070,62.572,MAC Field Scanner Field Plot 403 Season 2,FALSE,Maricopa,6000000375,6000002999
height,17071,62.572,MAC Field Scanner Field Plot 403 Season 2,FALSE,Maricopa,6000000375,6000002999
height,17022,32.166,MAC Field Scanner Field Plot 402 Season 2,FALSE,Maricopa,6000000375,6000002998
height,17024,30.844,MAC Field Scanner Field Plot 402 Season 2,FALSE,Maricopa,6000000375,6000002998
height,17025,32.166,MAC Field Scanner Field Plot 402 Season 2,FALSE,Maricopa,6000000375,6000002998
height,17026,32.827,MAC Field Scanner Field Plot 402 Season 2,FALSE,Maricopa,6000000375,6000002998
height,17028,32.166,MAC Field Scanner Field Plot 402 Season 2,FALSE,Maricopa,6000000375,6000002998
height,17029,32.166,MAC Field Scanner Field Plot 402 Season 2,FALSE,Maricopa,6000000375,6000002998
height,17030,32.166,MAC Field Scanner Field Plot 402 Season 2,FALSE,Maricopa,6000000375,6000002998
height,17031,32.166,MAC Field Scanner Field Plot 402 Season 2,FALSE,Maricopa,6000000375,6000002998
height,17036,32.166,MAC Field Scanner Field Plot 402 Season 2,FALSE,Maricopa,6000000375,6000002998
height,17038,33.488,MAC Field Scanner Field Plot 402 Season 2,FALSE,Maricopa,6000000375,6000002998
height,17040,33.488,MAC Field Scanner Field Plot 402 Season 2,FALSE,Maricopa,6000000375,6000002998
height,17043,33.488,MAC Field Scanner Field Plot 402 Season 2,FALSE,Maricopa,6000000375,6000002998
height,17046,32.827,MAC Field Scanner Field Plot 402 Season 2,FALSE,Maricopa,6000000375,6000002998
height,17047,33.488,MAC Field Scanner Field Plot 402 Season 2,FALSE,Maricopa,6000000375,6000002998
height,17049,34.149,MAC Field Scanner Field Plot 402 Season 2,FALSE,Maricopa,6000000375,6000002998
height,17051,36.132,MAC Field Scanner Field Plot 402 Season 2,FALSE,Maricopa,6000000375,6000002998
height,17052,38.776,MAC Field Scanner Field Plot 402 Season 2,FALSE,Maricopa,6000000375,6000002998
height,17053,44.725,MAC Field Scanner Field Plot 402 Season 2,FALSE,Maricopa,6000000375,6000002998
height,17054,46.708,MAC Field Scanner Field Plot 402 Season 2,FALSE,Maricopa,6000000375,6000002998
height,17055,49.352,MAC Field Scanner Field Plot 402 Season 2,FALSE,Maricopa,6000000375,6000002998
height,17056,51.996,MAC Field Scanner Field Plot 402 Season 2,FALSE,Maricopa,6000000375,6000002998
height,17058,53.979,MAC Field Scanner Field Plot 402 Season 2,FALSE,Maricopa,6000000375,6000002998
height,17061,57.945,MAC Field Scanner Field Plot 402 Season 2,FALSE,Maricopa,6000000375,6000002998
height,17064,59.928,MAC Field Scanner Field Plot 402 Season 2,FALSE,Maricopa,6000000375,6000002998
height,17067,59.267,MAC Field Scanner Field Plot 402 Season 2,FALSE,Maricopa,6000000375,6000002998
height,17069,59.928,MAC Field Scanner Field Plot 402 Season 2,FALSE,Maricopa,6000000375,6000002998
height,17070,60.589,MAC Field Scanner Field Plot 402 Season 2,FALSE,Maricopa,6000000375,6000002998
height,17071,63.233,MAC Field Scanner Field Plot 402 Season 2,FALSE,Maricopa,6000000375,6000002998
height,17021,31.505,MAC Field Scanner Field Plot 580 Season 2,FALSE,Maricopa,6000000375,6000003176
height,17024,31.505,MAC Field Scanner Field Plot 580 Season 2,FALSE,Maricopa,6000000375,6000003176
height,17026,31.505,MAC Field Scanner Field Plot 580 Season 2,FALSE,Maricopa,6000000375,6000003176
height,17028,31.505,MAC Field Scanner Field Plot 580 Season 2,FALSE,Maricopa,6000000375,6000003176
height,17029,31.505,MAC Field Scanner Field Plot 580 Season 2,FALSE,Maricopa,6000000375,6000003176
height,17030,32.166,MAC Field Scanner Field Plot 580 Season 2,FALSE,Maricopa,6000000375,6000003176
height,17031,31.505,MAC Field Scanner Field Plot 580 Season 2,FALSE,Maricopa,6000000375,6000003176
height,17036,31.505,MAC Field Scanner Field Plot 580 Season 2,FALSE,Maricopa,6000000375,6000003176
height,17038,32.827,MAC Field Scanner Field Plot 580 Season 2,FALSE,Maricopa,6000000375,6000003176
height,17040,33.488,MAC Field Scanner Field Plot 580 Season 2,FALSE,Maricopa,6000000375,6000003176
height,17042,33.488,MAC Field Scanner Field Plot 580 Season 2,FALSE,Maricopa,6000000375,6000003176
height,17046,32.827,MAC Field Scanner Field Plot 580 Season 2,FALSE,Maricopa,6000000375,6000003176
height,17048,33.488,MAC Field Scanner Field Plot 580 Season 2,FALSE,Maricopa,6000000375,6000003176
height,17049,33.488,MAC Field Scanner Field Plot 580 Season 2,FALSE,Maricopa,6000000375,6000003176
height,17050,46.047,MAC Field Scanner Field Plot 580 Season 2,FALSE,Maricopa,6000000375,6000003176
height,17051,44.725,MAC Field Scanner Field Plot 580 Season 2,FALSE,Maricopa,6000000375,6000003176
height,17052,49.352,MAC Field Scanner Field Plot 580 Season 2,FALSE,Maricopa,6000000375,6000003176
height,17053,48.03,MAC Field Scanner Field Plot 580 Season 2,FALSE,Maricopa,6000000375,6000003176
height,17054,51.335,MAC Field Scanner Field Plot 580 Season 2,FALSE,Maricopa,6000000375,6000003176
height,17055,55.301,MAC Field Scanner Field Plot 580 Season 2,FALSE,Maricopa,6000000375,6000003176
height,17056,57.284,MAC Field Scanner Field Plot 580 Season 2,FALSE,Maricopa,6000000375,6000003176
height,17058,58.606,MAC Field Scanner Field Plot 580 Season 2,FALSE,Maricopa,6000000375,6000003176
height,17059,62.572,MAC Field Scanner Field Plot 580 Season 2,FALSE,Maricopa,6000000375,6000003176
height,17064,65.877,MAC Field Scanner Field Plot 580 Season 2,FALSE,Maricopa,6000000375,6000003176
height,17067,67.86,MAC Field Scanner Field Plot 580 Season 2,FALSE,Maricopa,6000000375,6000003176
height,17068,67.86,MAC Field Scanner Field Plot 580 Season 2,FALSE,Maricopa,6000000375,6000003176
height,17070,67.86,MAC Field Scanner Field Plot 580 Season 2,FALSE,Maricopa,6000000375,6000003176
height,17071,67.86,MAC Field Scanner Field Plot 580 Season 2,FALSE,Maricopa,6000000375,6000003176
height,17021,30.844,MAC Field Scanner Field Plot 581 Season 2,FALSE,Maricopa,6000000375,6000003177
height,17024,31.505,MAC Field Scanner Field Plot 581 Season 2,FALSE,Maricopa,6000000375,6000003177
height,17026,31.505,MAC Field Scanner Field Plot 581 Season 2,FALSE,Maricopa,6000000375,6000003177
height,17028,31.505,MAC Field Scanner Field Plot 581 Season 2,FALSE,Maricopa,6000000375,6000003177
height,17029,30.844,MAC Field Scanner Field Plot 581 Season 2,FALSE,Maricopa,6000000375,6000003177
height,17030,31.505,MAC Field Scanner Field Plot 581 Season 2,FALSE,Maricopa,6000000375,6000003177
height,17031,31.505,MAC Field Scanner Field Plot 581 Season 2,FALSE,Maricopa,6000000375,6000003177
height,17036,31.505,MAC Field Scanner Field Plot 581 Season 2,FALSE,Maricopa,6000000375,6000003177
height,17038,32.166,MAC Field Scanner Field Plot 581 Season 2,FALSE,Maricopa,6000000375,6000003177
height,17040,32.166,MAC Field Scanner Field Plot 581 Season 2,FALSE,Maricopa,6000000375,6000003177
height,17042,32.827,MAC Field Scanner Field Plot 581 Season 2,FALSE,Maricopa,6000000375,6000003177
height,17046,33.488,MAC Field Scanner Field Plot 581 Season 2,FALSE,Maricopa,6000000375,6000003177
height,17048,33.488,MAC Field Scanner Field Plot 581 Season 2,FALSE,Maricopa,6000000375,6000003177
height,17049,33.488,MAC Field Scanner Field Plot 581 Season 2,FALSE,Maricopa,6000000375,6000003177
height,17050,46.708,MAC Field Scanner Field Plot 581 Season 2,FALSE,Maricopa,6000000375,6000003177
height,17051,47.369,MAC Field Scanner Field Plot 581 Season 2,FALSE,Maricopa,6000000375,6000003177
height,17052,49.352,MAC Field Scanner Field Plot 581 Season 2,FALSE,Maricopa,6000000375,6000003177
height,17053,49.352,MAC Field Scanner Field Plot 581 Season 2,FALSE,Maricopa,6000000375,6000003177
height,17054,51.996,MAC Field Scanner Field Plot 581 Season 2,FALSE,Maricopa,6000000375,6000003177
height,17055,55.301,MAC Field Scanner Field Plot 581 Season 2,FALSE,Maricopa,6000000375,6000003177
height,17056,57.284,MAC Field Scanner Field Plot 581 Season 2,FALSE,Maricopa,6000000375,6000003177
height,17058,59.267,MAC Field Scanner Field Plot 581 Season 2,FALSE,Maricopa,6000000375,6000003177
height,17059,61.25,MAC Field Scanner Field Plot 581 Season 2,FALSE,Maricopa,6000000375,6000003177
height,17064,65.877,MAC Field Scanner Field Plot 581 Season 2,FALSE,Maricopa,6000000375,6000003177
height,17067,66.538,MAC Field Scanner Field Plot 581 Season 2,FALSE,Maricopa,6000000375,6000003177
height,17068,67.199,MAC Field Scanner Field Plot 581 Season 2,FALSE,Maricopa,6000000375,6000003177
height,17070,67.199,MAC Field Scanner Field Plot 581 Season 2,FALSE,Maricopa,6000000375,6000003177
height,17071,67.86,MAC Field Scanner Field Plot 581 Season 2,FALSE,Maricopa,6000000375,6000003177
height,17022,31.505,MAC Field Scanner Field Plot 349 Season 2,FALSE,Maricopa,6000000247,6000002945
height,17024,31.505,MAC Field Scanner Field Plot 349 Season 2,FALSE,Maricopa,6000000247,6000002945
height,17025,30.844,MAC Field Scanner Field Plot 349 Season 2,FALSE,Maricopa,6000000247,6000002945
height,17026,31.505,MAC Field Scanner Field Plot 349 Season 2,FALSE,Maricopa,6000000247,6000002945
height,17028,30.844,MAC Field Scanner Field Plot 349 Season 2,FALSE,Maricopa,6000000247,6000002945
height,17029,30.844,MAC Field Scanner Field Plot 349 Season 2,FALSE,Maricopa,6000000247,6000002945
height,17030,30.844,MAC Field Scanner Field Plot 349 Season 2,FALSE,Maricopa,6000000247,6000002945
height,17031,31.505,MAC Field Scanner Field Plot 349 Season 2,FALSE,Maricopa,6000000247,6000002945
height,17036,31.505,MAC Field Scanner Field Plot 349 Season 2,FALSE,Maricopa,6000000247,6000002945
height,17037,30.844,MAC Field Scanner Field Plot 349 Season 2,FALSE,Maricopa,6000000247,6000002945
height,17038,32.166,MAC Field Scanner Field Plot 349 Season 2,FALSE,Maricopa,6000000247,6000002945
height,17040,32.166,MAC Field Scanner Field Plot 349 Season 2,FALSE,Maricopa,6000000247,6000002945
height,17043,32.166,MAC Field Scanner Field Plot 349 Season 2,FALSE,Maricopa,6000000247,6000002945
height,17047,32.166,MAC Field Scanner Field Plot 349 Season 2,FALSE,Maricopa,6000000247,6000002945
height,17049,32.166,MAC Field Scanner Field Plot 349 Season 2,FALSE,Maricopa,6000000247,6000002945
height,17050,32.166,MAC Field Scanner Field Plot 349 Season 2,FALSE,Maricopa,6000000247,6000002945
height,17051,32.827,MAC Field Scanner Field Plot 349 Season 2,FALSE,Maricopa,6000000247,6000002945
height,17052,35.471,MAC Field Scanner Field Plot 349 Season 2,FALSE,Maricopa,6000000247,6000002945
height,17053,38.115,MAC Field Scanner Field Plot 349 Season 2,FALSE,Maricopa,6000000247,6000002945
height,17054,42.081,MAC Field Scanner Field Plot 349 Season 2,FALSE,Maricopa,6000000247,6000002945
height,17055,46.708,MAC Field Scanner Field Plot 349 Season 2,FALSE,Maricopa,6000000247,6000002945
height,17057,50.674,MAC Field Scanner Field Plot 349 Season 2,FALSE,Maricopa,6000000247,6000002945
height,17058,51.996,MAC Field Scanner Field Plot 349 Season 2,FALSE,Maricopa,6000000247,6000002945
height,17061,54.64,MAC Field Scanner Field Plot 349 Season 2,FALSE,Maricopa,6000000247,6000002945
height,17064,59.267,MAC Field Scanner Field Plot 349 Season 2,FALSE,Maricopa,6000000247,6000002945
height,17067,61.25,MAC Field Scanner Field Plot 349 Season 2,FALSE,Maricopa,6000000247,6000002945
height,17069,61.911,MAC Field Scanner Field Plot 349 Season 2,FALSE,Maricopa,6000000247,6000002945
height,17070,61.911,MAC Field Scanner Field Plot 349 Season 2,FALSE,Maricopa,6000000247,6000002945
height,17071,62.572,MAC Field Scanner Field Plot 349 Season 2,FALSE,Maricopa,6000000247,6000002945
height,17022,31.505,MAC Field Scanner Field Plot 348 Season 2,FALSE,Maricopa,6000000247,6000002944
height,17024,31.505,MAC Field Scanner Field Plot 348 Season 2,FALSE,Maricopa,6000000247,6000002944
height,17025,31.505,MAC Field Scanner Field Plot 348 Season 2,FALSE,Maricopa,6000000247,6000002944
height,17026,31.505,MAC Field Scanner Field Plot 348 Season 2,FALSE,Maricopa,6000000247,6000002944
height,17028,31.505,MAC Field Scanner Field Plot 348 Season 2,FALSE,Maricopa,6000000247,6000002944
height,17029,31.505,MAC Field Scanner Field Plot 348 Season 2,FALSE,Maricopa,6000000247,6000002944
height,17030,31.505,MAC Field Scanner Field Plot 348 Season 2,FALSE,Maricopa,6000000247,6000002944
height,17031,31.505,MAC Field Scanner Field Plot 348 Season 2,FALSE,Maricopa,6000000247,6000002944
height,17036,30.844,MAC Field Scanner Field Plot 348 Season 2,FALSE,Maricopa,6000000247,6000002944
height,17037,31.505,MAC Field Scanner Field Plot 348 Season 2,FALSE,Maricopa,6000000247,6000002944
height,17038,34.149,MAC Field Scanner Field Plot 348 Season 2,FALSE,Maricopa,6000000247,6000002944
height,17040,34.149,MAC Field Scanner Field Plot 348 Season 2,FALSE,Maricopa,6000000247,6000002944
height,17043,34.149,MAC Field Scanner Field Plot 348 Season 2,FALSE,Maricopa,6000000247,6000002944
height,17047,34.81,MAC Field Scanner Field Plot 348 Season 2,FALSE,Maricopa,6000000247,6000002944
height,17049,34.149,MAC Field Scanner Field Plot 348 Season 2,FALSE,Maricopa,6000000247,6000002944
height,17050,34.149,MAC Field Scanner Field Plot 348 Season 2,FALSE,Maricopa,6000000247,6000002944
height,17051,34.81,MAC Field Scanner Field Plot 348 Season 2,FALSE,Maricopa,6000000247,6000002944
height,17052,34.81,MAC Field Scanner Field Plot 348 Season 2,FALSE,Maricopa,6000000247,6000002944
height,17053,35.471,MAC Field Scanner Field Plot 348 Season 2,FALSE,Maricopa,6000000247,6000002944
height,17054,40.759,MAC Field Scanner Field Plot 348 Season 2,FALSE,Maricopa,6000000247,6000002944
height,17055,46.047,MAC Field Scanner Field Plot 348 Season 2,FALSE,Maricopa,6000000247,6000002944
height,17057,50.013,MAC Field Scanner Field Plot 348 Season 2,FALSE,Maricopa,6000000247,6000002944
height,17058,51.996,MAC Field Scanner Field Plot 348 Season 2,FALSE,Maricopa,6000000247,6000002944
height,17061,55.301,MAC Field Scanner Field Plot 348 Season 2,FALSE,Maricopa,6000000247,6000002944
height,17064,58.606,MAC Field Scanner Field Plot 348 Season 2,FALSE,Maricopa,6000000247,6000002944
height,17067,61.25,MAC Field Scanner Field Plot 348 Season 2,FALSE,Maricopa,6000000247,6000002944
height,17069,62.572,MAC Field Scanner Field Plot 348 Season 2,FALSE,Maricopa,6000000247,6000002944
height,17070,62.572,MAC Field Scanner Field Plot 348 Season 2,FALSE,Maricopa,6000000247,6000002944
height,17071,64.555,MAC Field Scanner Field Plot 348 Season 2,FALSE,Maricopa,6000000247,6000002944
height,17021,32.166,MAC Field Scanner Field Plot 774 Season 2,FALSE,Maricopa,6000000247,6000003370
height,17023,32.827,MAC Field Scanner Field Plot 774 Season 2,FALSE,Maricopa,6000000247,6000003370
height,17024,32.166,MAC Field Scanner Field Plot 774 Season 2,FALSE,Maricopa,6000000247,6000003370
height,17025,32.166,MAC Field Scanner Field Plot 774 Season 2,FALSE,Maricopa,6000000247,6000003370
height,17026,32.827,MAC Field Scanner Field Plot 774 Season 2,FALSE,Maricopa,6000000247,6000003370
height,17027,32.166,MAC Field Scanner Field Plot 774 Season 2,FALSE,Maricopa,6000000247,6000003370
height,17028,32.166,MAC Field Scanner Field Plot 774 Season 2,FALSE,Maricopa,6000000247,6000003370
height,17029,32.166,MAC Field Scanner Field Plot 774 Season 2,FALSE,Maricopa,6000000247,6000003370
height,17030,32.827,MAC Field Scanner Field Plot 774 Season 2,FALSE,Maricopa,6000000247,6000003370
height,17031,32.166,MAC Field Scanner Field Plot 774 Season 2,FALSE,Maricopa,6000000247,6000003370
height,17036,32.166,MAC Field Scanner Field Plot 774 Season 2,FALSE,Maricopa,6000000247,6000003370
height,17037,32.827,MAC Field Scanner Field Plot 774 Season 2,FALSE,Maricopa,6000000247,6000003370
height,17038,34.149,MAC Field Scanner Field Plot 774 Season 2,FALSE,Maricopa,6000000247,6000003370
height,17040,34.149,MAC Field Scanner Field Plot 774 Season 2,FALSE,Maricopa,6000000247,6000003370
height,17042,33.488,MAC Field Scanner Field Plot 774 Season 2,FALSE,Maricopa,6000000247,6000003370
height,17046,34.149,MAC Field Scanner Field Plot 774 Season 2,FALSE,Maricopa,6000000247,6000003370
height,17048,34.81,MAC Field Scanner Field Plot 774 Season 2,FALSE,Maricopa,6000000247,6000003370
height,17049,34.149,MAC Field Scanner Field Plot 774 Season 2,FALSE,Maricopa,6000000247,6000003370
height,17050,34.81,MAC Field Scanner Field Plot 774 Season 2,FALSE,Maricopa,6000000247,6000003370
height,17051,39.437,MAC Field Scanner Field Plot 774 Season 2,FALSE,Maricopa,6000000247,6000003370
height,17052,42.742,MAC Field Scanner Field Plot 774 Season 2,FALSE,Maricopa,6000000247,6000003370
height,17054,46.047,MAC Field Scanner Field Plot 774 Season 2,FALSE,Maricopa,6000000247,6000003370
height,17055,50.674,MAC Field Scanner Field Plot 774 Season 2,FALSE,Maricopa,6000000247,6000003370
height,17056,52.657,MAC Field Scanner Field Plot 774 Season 2,FALSE,Maricopa,6000000247,6000003370
height,17057,54.64,MAC Field Scanner Field Plot 774 Season 2,FALSE,Maricopa,6000000247,6000003370
height,17059,56.623,MAC Field Scanner Field Plot 774 Season 2,FALSE,Maricopa,6000000247,6000003370
height,17064,59.928,MAC Field Scanner Field Plot 774 Season 2,FALSE,Maricopa,6000000247,6000003370
height,17066,61.25,MAC Field Scanner Field Plot 774 Season 2,FALSE,Maricopa,6000000247,6000003370
height,17068,62.572,MAC Field Scanner Field Plot 774 Season 2,FALSE,Maricopa,6000000247,6000003370
height,17069,62.572,MAC Field Scanner Field Plot 774 Season 2,FALSE,Maricopa,6000000247,6000003370
height,17070,63.894,MAC Field Scanner Field Plot 774 Season 2,FALSE,Maricopa,6000000247,6000003370
height,17072,63.894,MAC Field Scanner Field Plot 774 Season 2,FALSE,Maricopa,6000000247,6000003370
height,17021,31.505,MAC Field Scanner Field Plot 775 Season 2,FALSE,Maricopa,6000000247,6000003371
height,17023,32.166,MAC Field Scanner Field Plot 775 Season 2,FALSE,Maricopa,6000000247,6000003371
height,17024,31.505,MAC Field Scanner Field Plot 775 Season 2,FALSE,Maricopa,6000000247,6000003371
height,17025,31.505,MAC Field Scanner Field Plot 775 Season 2,FALSE,Maricopa,6000000247,6000003371
height,17026,31.505,MAC Field Scanner Field Plot 775 Season 2,FALSE,Maricopa,6000000247,6000003371
height,17027,31.505,MAC Field Scanner Field Plot 775 Season 2,FALSE,Maricopa,6000000247,6000003371
height,17028,30.844,MAC Field Scanner Field Plot 775 Season 2,FALSE,Maricopa,6000000247,6000003371
height,17029,30.844,MAC Field Scanner Field Plot 775 Season 2,FALSE,Maricopa,6000000247,6000003371
height,17030,31.505,MAC Field Scanner Field Plot 775 Season 2,FALSE,Maricopa,6000000247,6000003371
height,17031,31.505,MAC Field Scanner Field Plot 775 Season 2,FALSE,Maricopa,6000000247,6000003371
height,17036,31.505,MAC Field Scanner Field Plot 775 Season 2,FALSE,Maricopa,6000000247,6000003371
height,17037,31.505,MAC Field Scanner Field Plot 775 Season 2,FALSE,Maricopa,6000000247,6000003371
height,17038,32.827,MAC Field Scanner Field Plot 775 Season 2,FALSE,Maricopa,6000000247,6000003371
height,17040,33.488,MAC Field Scanner Field Plot 775 Season 2,FALSE,Maricopa,6000000247,6000003371
height,17042,32.827,MAC Field Scanner Field Plot 775 Season 2,FALSE,Maricopa,6000000247,6000003371
height,17046,32.827,MAC Field Scanner Field Plot 775 Season 2,FALSE,Maricopa,6000000247,6000003371
height,17048,32.166,MAC Field Scanner Field Plot 775 Season 2,FALSE,Maricopa,6000000247,6000003371
height,17049,32.827,MAC Field Scanner Field Plot 775 Season 2,FALSE,Maricopa,6000000247,6000003371
height,17050,34.149,MAC Field Scanner Field Plot 775 Season 2,FALSE,Maricopa,6000000247,6000003371
height,17051,38.115,MAC Field Scanner Field Plot 775 Season 2,FALSE,Maricopa,6000000247,6000003371
height,17052,40.759,MAC Field Scanner Field Plot 775 Season 2,FALSE,Maricopa,6000000247,6000003371
height,17054,44.064,MAC Field Scanner Field Plot 775 Season 2,FALSE,Maricopa,6000000247,6000003371
height,17055,48.691,MAC Field Scanner Field Plot 775 Season 2,FALSE,Maricopa,6000000247,6000003371
height,17056,51.335,MAC Field Scanner Field Plot 775 Season 2,FALSE,Maricopa,6000000247,6000003371
height,17057,53.318,MAC Field Scanner Field Plot 775 Season 2,FALSE,Maricopa,6000000247,6000003371
height,17059,55.301,MAC Field Scanner Field Plot 775 Season 2,FALSE,Maricopa,6000000247,6000003371
height,17064,59.267,MAC Field Scanner Field Plot 775 Season 2,FALSE,Maricopa,6000000247,6000003371
height,17066,59.267,MAC Field Scanner Field Plot 775 Season 2,FALSE,Maricopa,6000000247,6000003371
height,17068,61.25,MAC Field Scanner Field Plot 775 Season 2,FALSE,Maricopa,6000000247,6000003371
height,17069,61.911,MAC Field Scanner Field Plot 775 Season 2,FALSE,Maricopa,6000000247,6000003371
height,17070,62.572,MAC Field Scanner Field Plot 775 Season 2,FALSE,Maricopa,6000000247,6000003371
height,17072,64.555,MAC Field Scanner Field Plot 775 Season 2,FALSE,Maricopa,6000000247,6000003371
height,17022,30.844,MAC Field Scanner Field Plot 200 Season 2,FALSE,Maricopa,6000000376,6000002796
height,17024,31.505,MAC Field Scanner Field Plot 200 Season 2,FALSE,Maricopa,6000000376,6000002796
height,17025,30.844,MAC Field Scanner Field Plot 200 Season 2,FALSE,Maricopa,6000000376,6000002796
height,17026,30.844,MAC Field Scanner Field Plot 200 Season 2,FALSE,Maricopa,6000000376,6000002796
height,17027,30.844,MAC Field Scanner Field Plot 200 Season 2,FALSE,Maricopa,6000000376,6000002796
height,17028,30.844,MAC Field Scanner Field Plot 200 Season 2,FALSE,Maricopa,6000000376,6000002796
height,17029,30.844,MAC Field Scanner Field Plot 200 Season 2,FALSE,Maricopa,6000000376,6000002796
height,17030,30.844,MAC Field Scanner Field Plot 200 Season 2,FALSE,Maricopa,6000000376,6000002796
height,17031,30.844,MAC Field Scanner Field Plot 200 Season 2,FALSE,Maricopa,6000000376,6000002796
height,17037,30.844,MAC Field Scanner Field Plot 200 Season 2,FALSE,Maricopa,6000000376,6000002796
height,17039,32.827,MAC Field Scanner Field Plot 200 Season 2,FALSE,Maricopa,6000000376,6000002796
height,17040,32.827,MAC Field Scanner Field Plot 200 Season 2,FALSE,Maricopa,6000000376,6000002796
height,17043,32.827,MAC Field Scanner Field Plot 200 Season 2,FALSE,Maricopa,6000000376,6000002796
height,17047,33.488,MAC Field Scanner Field Plot 200 Season 2,FALSE,Maricopa,6000000376,6000002796
height,17049,32.827,MAC Field Scanner Field Plot 200 Season 2,FALSE,Maricopa,6000000376,6000002796
height,17050,33.488,MAC Field Scanner Field Plot 200 Season 2,FALSE,Maricopa,6000000376,6000002796
height,17051,57.945,MAC Field Scanner Field Plot 200 Season 2,FALSE,Maricopa,6000000376,6000002796
height,17052,59.928,MAC Field Scanner Field Plot 200 Season 2,FALSE,Maricopa,6000000376,6000002796
height,17053,63.233,MAC Field Scanner Field Plot 200 Season 2,FALSE,Maricopa,6000000376,6000002796
height,17054,65.877,MAC Field Scanner Field Plot 200 Season 2,FALSE,Maricopa,6000000376,6000002796
height,17056,69.182,MAC Field Scanner Field Plot 200 Season 2,FALSE,Maricopa,6000000376,6000002796
height,17057,71.826,MAC Field Scanner Field Plot 200 Season 2,FALSE,Maricopa,6000000376,6000002796
height,17058,72.487,MAC Field Scanner Field Plot 200 Season 2,FALSE,Maricopa,6000000376,6000002796
height,17061,75.792,MAC Field Scanner Field Plot 200 Season 2,FALSE,Maricopa,6000000376,6000002796
height,17064,79.758,MAC Field Scanner Field Plot 200 Season 2,FALSE,Maricopa,6000000376,6000002796
height,17067,79.758,MAC Field Scanner Field Plot 200 Season 2,FALSE,Maricopa,6000000376,6000002796
height,17069,82.402,MAC Field Scanner Field Plot 200 Season 2,FALSE,Maricopa,6000000376,6000002796
height,17070,83.063,MAC Field Scanner Field Plot 200 Season 2,FALSE,Maricopa,6000000376,6000002796
height,17071,84.385,MAC Field Scanner Field Plot 200 Season 2,FALSE,Maricopa,6000000376,6000002796
height,17022,32.166,MAC Field Scanner Field Plot 201 Season 2,FALSE,Maricopa,6000000376,6000002797
height,17024,32.166,MAC Field Scanner Field Plot 201 Season 2,FALSE,Maricopa,6000000376,6000002797
height,17025,31.505,MAC Field Scanner Field Plot 201 Season 2,FALSE,Maricopa,6000000376,6000002797
height,17026,31.505,MAC Field Scanner Field Plot 201 Season 2,FALSE,Maricopa,6000000376,6000002797
height,17027,31.505,MAC Field Scanner Field Plot 201 Season 2,FALSE,Maricopa,6000000376,6000002797
height,17028,31.505,MAC Field Scanner Field Plot 201 Season 2,FALSE,Maricopa,6000000376,6000002797
height,17029,31.505,MAC Field Scanner Field Plot 201 Season 2,FALSE,Maricopa,6000000376,6000002797
height,17030,31.505,MAC Field Scanner Field Plot 201 Season 2,FALSE,Maricopa,6000000376,6000002797
height,17031,31.505,MAC Field Scanner Field Plot 201 Season 2,FALSE,Maricopa,6000000376,6000002797
height,17037,32.166,MAC Field Scanner Field Plot 201 Season 2,FALSE,Maricopa,6000000376,6000002797
height,17039,33.488,MAC Field Scanner Field Plot 201 Season 2,FALSE,Maricopa,6000000376,6000002797
height,17040,33.488,MAC Field Scanner Field Plot 201 Season 2,FALSE,Maricopa,6000000376,6000002797
height,17043,33.488,MAC Field Scanner Field Plot 201 Season 2,FALSE,Maricopa,6000000376,6000002797
height,17047,33.488,MAC Field Scanner Field Plot 201 Season 2,FALSE,Maricopa,6000000376,6000002797
height,17049,33.488,MAC Field Scanner Field Plot 201 Season 2,FALSE,Maricopa,6000000376,6000002797
height,17050,33.488,MAC Field Scanner Field Plot 201 Season 2,FALSE,Maricopa,6000000376,6000002797
height,17051,59.928,MAC Field Scanner Field Plot 201 Season 2,FALSE,Maricopa,6000000376,6000002797
height,17052,62.572,MAC Field Scanner Field Plot 201 Season 2,FALSE,Maricopa,6000000376,6000002797
height,17053,65.216,MAC Field Scanner Field Plot 201 Season 2,FALSE,Maricopa,6000000376,6000002797
height,17054,67.86,MAC Field Scanner Field Plot 201 Season 2,FALSE,Maricopa,6000000376,6000002797
height,17056,71.165,MAC Field Scanner Field Plot 201 Season 2,FALSE,Maricopa,6000000376,6000002797
height,17057,72.487,MAC Field Scanner Field Plot 201 Season 2,FALSE,Maricopa,6000000376,6000002797
height,17058,73.148,MAC Field Scanner Field Plot 201 Season 2,FALSE,Maricopa,6000000376,6000002797
height,17061,75.131,MAC Field Scanner Field Plot 201 Season 2,FALSE,Maricopa,6000000376,6000002797
height,17064,77.114,MAC Field Scanner Field Plot 201 Season 2,FALSE,Maricopa,6000000376,6000002797
height,17067,80.419,MAC Field Scanner Field Plot 201 Season 2,FALSE,Maricopa,6000000376,6000002797
height,17069,83.063,MAC Field Scanner Field Plot 201 Season 2,FALSE,Maricopa,6000000376,6000002797
height,17070,83.724,MAC Field Scanner Field Plot 201 Season 2,FALSE,Maricopa,6000000376,6000002797
height,17071,85.707,MAC Field Scanner Field Plot 201 Season 2,FALSE,Maricopa,6000000376,6000002797
height,17021,30.844,MAC Field Scanner Field Plot 563 Season 2,FALSE,Maricopa,6000000376,6000003159
height,17024,31.505,MAC Field Scanner Field Plot 563 Season 2,FALSE,Maricopa,6000000376,6000003159
height,17026,30.844,MAC Field Scanner Field Plot 563 Season 2,FALSE,Maricopa,6000000376,6000003159
height,17028,31.505,MAC Field Scanner Field Plot 563 Season 2,FALSE,Maricopa,6000000376,6000003159
height,17029,30.844,MAC Field Scanner Field Plot 563 Season 2,FALSE,Maricopa,6000000376,6000003159
height,17030,31.505,MAC Field Scanner Field Plot 563 Season 2,FALSE,Maricopa,6000000376,6000003159
height,17031,30.844,MAC Field Scanner Field Plot 563 Season 2,FALSE,Maricopa,6000000376,6000003159
height,17036,30.844,MAC Field Scanner Field Plot 563 Season 2,FALSE,Maricopa,6000000376,6000003159
height,17038,33.488,MAC Field Scanner Field Plot 563 Season 2,FALSE,Maricopa,6000000376,6000003159
height,17040,33.488,MAC Field Scanner Field Plot 563 Season 2,FALSE,Maricopa,6000000376,6000003159
height,17042,33.488,MAC Field Scanner Field Plot 563 Season 2,FALSE,Maricopa,6000000376,6000003159
height,17046,33.488,MAC Field Scanner Field Plot 563 Season 2,FALSE,Maricopa,6000000376,6000003159
height,17048,32.827,MAC Field Scanner Field Plot 563 Season 2,FALSE,Maricopa,6000000376,6000003159
height,17049,34.149,MAC Field Scanner Field Plot 563 Season 2,FALSE,Maricopa,6000000376,6000003159
height,17051,55.962,MAC Field Scanner Field Plot 563 Season 2,FALSE,Maricopa,6000000376,6000003159
height,17053,59.267,MAC Field Scanner Field Plot 563 Season 2,FALSE,Maricopa,6000000376,6000003159
height,17054,62.572,MAC Field Scanner Field Plot 563 Season 2,FALSE,Maricopa,6000000376,6000003159
height,17055,67.199,MAC Field Scanner Field Plot 563 Season 2,FALSE,Maricopa,6000000376,6000003159
height,17056,68.521,MAC Field Scanner Field Plot 563 Season 2,FALSE,Maricopa,6000000376,6000003159
height,17058,69.182,MAC Field Scanner Field Plot 563 Season 2,FALSE,Maricopa,6000000376,6000003159
height,17059,71.165,MAC Field Scanner Field Plot 563 Season 2,FALSE,Maricopa,6000000376,6000003159
height,17064,73.809,MAC Field Scanner Field Plot 563 Season 2,FALSE,Maricopa,6000000376,6000003159
height,17067,78.436,MAC Field Scanner Field Plot 563 Season 2,FALSE,Maricopa,6000000376,6000003159
height,17068,80.419,MAC Field Scanner Field Plot 563 Season 2,FALSE,Maricopa,6000000376,6000003159
height,17070,80.419,MAC Field Scanner Field Plot 563 Season 2,FALSE,Maricopa,6000000376,6000003159
height,17071,82.402,MAC Field Scanner Field Plot 563 Season 2,FALSE,Maricopa,6000000376,6000003159
height,17069,85.046,MAC Field Scanner Field Plot 644 Season 2,FALSE,Maricopa,6000000390,6000003240
height,17069,81.741,MAC Field Scanner Field Plot 645 Season 2,FALSE,Maricopa,6000000390,6000003241
height,17069,80.419,MAC Field Scanner Field Plot 509 Season 2,FALSE,Maricopa,6000000395,6000003105
height,17069,82.402,MAC Field Scanner Field Plot 508 Season 2,FALSE,Maricopa,6000000395,6000003104
height,17038,32.827,MAC Field Scanner Field Plot 728 Season 2,FALSE,Maricopa,6000000399,6000003324
height,17072,80.419,MAC Field Scanner Field Plot 728 Season 2,FALSE,Maricopa,6000000399,6000003324
height,17054,58.606,MAC Field Scanner Field Plot 621 Season 2,FALSE,Maricopa,6000000400,6000003217
height,17054,61.25,MAC Field Scanner Field Plot 659 Season 2,FALSE,Maricopa,6000000250,6000003255
height,17069,75.792,MAC Field Scanner Field Plot 659 Season 2,FALSE,Maricopa,6000000250,6000003255
height,17028,32.166,MAC Field Scanner Field Plot 658 Season 2,FALSE,Maricopa,6000000250,6000003254
height,17054,63.233,MAC Field Scanner Field Plot 658 Season 2,FALSE,Maricopa,6000000250,6000003254
height,17067,71.826,MAC Field Scanner Field Plot 658 Season 2,FALSE,Maricopa,6000000250,6000003254
height,17069,75.131,MAC Field Scanner Field Plot 658 Season 2,FALSE,Maricopa,6000000250,6000003254
height,17046,34.81,MAC Field Scanner Field Plot 440 Season 2,FALSE,Maricopa,6000000403,6000003036
height,17046,34.81,MAC Field Scanner Field Plot 415 Season 2,FALSE,Maricopa,6000000251,6000003011
height,17046,34.149,MAC Field Scanner Field Plot 414 Season 2,FALSE,Maricopa,6000000251,6000003010
height,17051,46.047,MAC Field Scanner Field Plot 414 Season 2,FALSE,Maricopa,6000000251,6000003010
height,17069,77.775,MAC Field Scanner Field Plot 414 Season 2,FALSE,Maricopa,6000000251,6000003010
height,17070,78.436,MAC Field Scanner Field Plot 414 Season 2,FALSE,Maricopa,6000000251,6000003010
height,17025,31.505,MAC Field Scanner Field Plot 727 Season 2,FALSE,Maricopa,6000000251,6000003323
height,17029,31.505,MAC Field Scanner Field Plot 727 Season 2,FALSE,Maricopa,6000000251,6000003323
height,17038,33.488,MAC Field Scanner Field Plot 727 Season 2,FALSE,Maricopa,6000000251,6000003323
height,17057,65.216,MAC Field Scanner Field Plot 727 Season 2,FALSE,Maricopa,6000000251,6000003323
height,17072,81.741,MAC Field Scanner Field Plot 727 Season 2,FALSE,Maricopa,6000000251,6000003323
height,17024,31.505,MAC Field Scanner Field Plot 726 Season 2,FALSE,Maricopa,6000000251,6000003322
height,17025,31.505,MAC Field Scanner Field Plot 726 Season 2,FALSE,Maricopa,6000000251,6000003322
height,17026,32.166,MAC Field Scanner Field Plot 726 Season 2,FALSE,Maricopa,6000000251,6000003322
height,17029,31.505,MAC Field Scanner Field Plot 726 Season 2,FALSE,Maricopa,6000000251,6000003322
height,17030,32.166,MAC Field Scanner Field Plot 726 Season 2,FALSE,Maricopa,6000000251,6000003322
height,17036,32.166,MAC Field Scanner Field Plot 726 Season 2,FALSE,Maricopa,6000000251,6000003322
height,17038,34.149,MAC Field Scanner Field Plot 726 Season 2,FALSE,Maricopa,6000000251,6000003322
height,17056,61.25,MAC Field Scanner Field Plot 726 Season 2,FALSE,Maricopa,6000000251,6000003322
height,17057,63.894,MAC Field Scanner Field Plot 726 Season 2,FALSE,Maricopa,6000000251,6000003322
height,17066,77.114,MAC Field Scanner Field Plot 726 Season 2,FALSE,Maricopa,6000000251,6000003322
height,17072,82.402,MAC Field Scanner Field Plot 726 Season 2,FALSE,Maricopa,6000000251,6000003322
height,17028,31.505,MAC Field Scanner Field Plot 661 Season 2,FALSE,Maricopa,6000000252,6000003257
height,17054,52.657,MAC Field Scanner Field Plot 661 Season 2,FALSE,Maricopa,6000000252,6000003257
height,17067,71.826,MAC Field Scanner Field Plot 661 Season 2,FALSE,Maricopa,6000000252,6000003257
height,17069,75.131,MAC Field Scanner Field Plot 661 Season 2,FALSE,Maricopa,6000000252,6000003257
height,17026,32.166,MAC Field Scanner Field Plot 660 Season 2,FALSE,Maricopa,6000000252,6000003256
height,17028,31.505,MAC Field Scanner Field Plot 660 Season 2,FALSE,Maricopa,6000000252,6000003256
height,17030,32.166,MAC Field Scanner Field Plot 660 Season 2,FALSE,Maricopa,6000000252,6000003256
height,17054,55.962,MAC Field Scanner Field Plot 660 Season 2,FALSE,Maricopa,6000000252,6000003256
height,17055,59.267,MAC Field Scanner Field Plot 660 Season 2,FALSE,Maricopa,6000000252,6000003256
height,17067,72.487,MAC Field Scanner Field Plot 660 Season 2,FALSE,Maricopa,6000000252,6000003256
height,17068,75.792,MAC Field Scanner Field Plot 660 Season 2,FALSE,Maricopa,6000000252,6000003256
height,17069,76.453,MAC Field Scanner Field Plot 660 Season 2,FALSE,Maricopa,6000000252,6000003256
height,17068,68.521,MAC Field Scanner Field Plot 499 Season 2,FALSE,Maricopa,6000000253,6000003095
height,17064,71.826,MAC Field Scanner Field Plot 498 Season 2,FALSE,Maricopa,6000000253,6000003094
height,17068,75.792,MAC Field Scanner Field Plot 498 Season 2,FALSE,Maricopa,6000000253,6000003094
height,17028,31.505,MAC Field Scanner Field Plot 411 Season 2,FALSE,Maricopa,6000000254,6000003007
height,17046,33.488,MAC Field Scanner Field Plot 411 Season 2,FALSE,Maricopa,6000000254,6000003007
height,17051,61.911,MAC Field Scanner Field Plot 411 Season 2,FALSE,Maricopa,6000000254,6000003007
height,17056,76.453,MAC Field Scanner Field Plot 411 Season 2,FALSE,Maricopa,6000000254,6000003007
height,17069,85.707,MAC Field Scanner Field Plot 411 Season 2,FALSE,Maricopa,6000000254,6000003007
height,17070,86.368,MAC Field Scanner Field Plot 411 Season 2,FALSE,Maricopa,6000000254,6000003007
height,17024,32.166,MAC Field Scanner Field Plot 410 Season 2,FALSE,Maricopa,6000000254,6000003006
height,17028,32.166,MAC Field Scanner Field Plot 410 Season 2,FALSE,Maricopa,6000000254,6000003006
height,17046,32.827,MAC Field Scanner Field Plot 410 Season 2,FALSE,Maricopa,6000000254,6000003006
height,17051,59.928,MAC Field Scanner Field Plot 410 Season 2,FALSE,Maricopa,6000000254,6000003006
height,17052,61.911,MAC Field Scanner Field Plot 410 Season 2,FALSE,Maricopa,6000000254,6000003006
height,17054,67.199,MAC Field Scanner Field Plot 410 Season 2,FALSE,Maricopa,6000000254,6000003006
height,17056,73.148,MAC Field Scanner Field Plot 410 Season 2,FALSE,Maricopa,6000000254,6000003006
height,17069,85.046,MAC Field Scanner Field Plot 410 Season 2,FALSE,Maricopa,6000000254,6000003006
height,17070,87.029,MAC Field Scanner Field Plot 410 Season 2,FALSE,Maricopa,6000000254,6000003006
height,17024,31.505,MAC Field Scanner Field Plot 755 Season 2,FALSE,Maricopa,6000000254,6000003351
height,17056,70.504,MAC Field Scanner Field Plot 755 Season 2,FALSE,Maricopa,6000000254,6000003351
height,17024,31.505,MAC Field Scanner Field Plot 754 Season 2,FALSE,Maricopa,6000000254,6000003350
height,17056,69.182,MAC Field Scanner Field Plot 754 Season 2,FALSE,Maricopa,6000000254,6000003350
height,17064,78.436,MAC Field Scanner Field Plot 754 Season 2,FALSE,Maricopa,6000000254,6000003350
height,17025,31.505,MAC Field Scanner Field Plot 708 Season 2,FALSE,Maricopa,6000000256,6000003304
height,17026,31.505,MAC Field Scanner Field Plot 708 Season 2,FALSE,Maricopa,6000000256,6000003304
height,17028,31.505,MAC Field Scanner Field Plot 708 Season 2,FALSE,Maricopa,6000000256,6000003304
height,17029,31.505,MAC Field Scanner Field Plot 708 Season 2,FALSE,Maricopa,6000000256,6000003304
height,17030,31.505,MAC Field Scanner Field Plot 708 Season 2,FALSE,Maricopa,6000000256,6000003304
height,17036,31.505,MAC Field Scanner Field Plot 708 Season 2,FALSE,Maricopa,6000000256,6000003304
height,17038,33.488,MAC Field Scanner Field Plot 708 Season 2,FALSE,Maricopa,6000000256,6000003304
height,17055,42.742,MAC Field Scanner Field Plot 708 Season 2,FALSE,Maricopa,6000000256,6000003304
height,17057,50.013,MAC Field Scanner Field Plot 708 Season 2,FALSE,Maricopa,6000000256,6000003304
height,17064,55.962,MAC Field Scanner Field Plot 708 Season 2,FALSE,Maricopa,6000000256,6000003304
height,17066,58.606,MAC Field Scanner Field Plot 708 Season 2,FALSE,Maricopa,6000000256,6000003304
height,17072,61.25,MAC Field Scanner Field Plot 708 Season 2,FALSE,Maricopa,6000000256,6000003304
height,17021,31.505,MAC Field Scanner Field Plot 709 Season 2,FALSE,Maricopa,6000000256,6000003305
height,17024,31.505,MAC Field Scanner Field Plot 709 Season 2,FALSE,Maricopa,6000000256,6000003305
height,17025,31.505,MAC Field Scanner Field Plot 709 Season 2,FALSE,Maricopa,6000000256,6000003305
height,17026,31.505,MAC Field Scanner Field Plot 709 Season 2,FALSE,Maricopa,6000000256,6000003305
height,17028,30.844,MAC Field Scanner Field Plot 709 Season 2,FALSE,Maricopa,6000000256,6000003305
height,17029,30.844,MAC Field Scanner Field Plot 709 Season 2,FALSE,Maricopa,6000000256,6000003305
height,17030,31.505,MAC Field Scanner Field Plot 709 Season 2,FALSE,Maricopa,6000000256,6000003305
height,17031,31.505,MAC Field Scanner Field Plot 709 Season 2,FALSE,Maricopa,6000000256,6000003305
height,17036,31.505,MAC Field Scanner Field Plot 709 Season 2,FALSE,Maricopa,6000000256,6000003305
height,17038,32.166,MAC Field Scanner Field Plot 709 Season 2,FALSE,Maricopa,6000000256,6000003305
height,17040,32.166,MAC Field Scanner Field Plot 709 Season 2,FALSE,Maricopa,6000000256,6000003305
height,17042,32.166,MAC Field Scanner Field Plot 709 Season 2,FALSE,Maricopa,6000000256,6000003305
height,17048,32.827,MAC Field Scanner Field Plot 709 Season 2,FALSE,Maricopa,6000000256,6000003305
height,17049,32.827,MAC Field Scanner Field Plot 709 Season 2,FALSE,Maricopa,6000000256,6000003305
height,17052,33.488,MAC Field Scanner Field Plot 709 Season 2,FALSE,Maricopa,6000000256,6000003305
height,17055,38.115,MAC Field Scanner Field Plot 709 Season 2,FALSE,Maricopa,6000000256,6000003305
height,17056,42.742,MAC Field Scanner Field Plot 709 Season 2,FALSE,Maricopa,6000000256,6000003305
height,17057,46.047,MAC Field Scanner Field Plot 709 Season 2,FALSE,Maricopa,6000000256,6000003305
height,17059,48.691,MAC Field Scanner Field Plot 709 Season 2,FALSE,Maricopa,6000000256,6000003305
height,17064,52.657,MAC Field Scanner Field Plot 709 Season 2,FALSE,Maricopa,6000000256,6000003305
height,17066,53.979,MAC Field Scanner Field Plot 709 Season 2,FALSE,Maricopa,6000000256,6000003305
height,17071,57.284,MAC Field Scanner Field Plot 709 Season 2,FALSE,Maricopa,6000000256,6000003305
height,17072,58.606,MAC Field Scanner Field Plot 709 Season 2,FALSE,Maricopa,6000000256,6000003305
height,17038,33.488,MAC Field Scanner Field Plot 214 Season 2,FALSE,Maricopa,6000000257,6000002810
height,17039,34.149,MAC Field Scanner Field Plot 214 Season 2,FALSE,Maricopa,6000000257,6000002810
height,17021,32.166,MAC Field Scanner Field Plot 716 Season 2,FALSE,Maricopa,6000000257,6000003312
height,17024,32.166,MAC Field Scanner Field Plot 716 Season 2,FALSE,Maricopa,6000000257,6000003312
height,17025,31.505,MAC Field Scanner Field Plot 716 Season 2,FALSE,Maricopa,6000000257,6000003312
height,17026,31.505,MAC Field Scanner Field Plot 716 Season 2,FALSE,Maricopa,6000000257,6000003312
height,17028,32.166,MAC Field Scanner Field Plot 716 Season 2,FALSE,Maricopa,6000000257,6000003312
height,17029,31.505,MAC Field Scanner Field Plot 716 Season 2,FALSE,Maricopa,6000000257,6000003312
height,17030,31.505,MAC Field Scanner Field Plot 716 Season 2,FALSE,Maricopa,6000000257,6000003312
height,17031,31.505,MAC Field Scanner Field Plot 716 Season 2,FALSE,Maricopa,6000000257,6000003312
height,17036,32.166,MAC Field Scanner Field Plot 716 Season 2,FALSE,Maricopa,6000000257,6000003312
height,17038,32.827,MAC Field Scanner Field Plot 716 Season 2,FALSE,Maricopa,6000000257,6000003312
height,17040,32.827,MAC Field Scanner Field Plot 716 Season 2,FALSE,Maricopa,6000000257,6000003312
height,17042,32.827,MAC Field Scanner Field Plot 716 Season 2,FALSE,Maricopa,6000000257,6000003312
height,17048,34.149,MAC Field Scanner Field Plot 716 Season 2,FALSE,Maricopa,6000000257,6000003312
height,17049,33.488,MAC Field Scanner Field Plot 716 Season 2,FALSE,Maricopa,6000000257,6000003312
height,17052,56.623,MAC Field Scanner Field Plot 716 Season 2,FALSE,Maricopa,6000000257,6000003312
height,17055,62.572,MAC Field Scanner Field Plot 716 Season 2,FALSE,Maricopa,6000000257,6000003312
height,17056,65.216,MAC Field Scanner Field Plot 716 Season 2,FALSE,Maricopa,6000000257,6000003312
height,17057,66.538,MAC Field Scanner Field Plot 716 Season 2,FALSE,Maricopa,6000000257,6000003312
height,17059,68.521,MAC Field Scanner Field Plot 716 Season 2,FALSE,Maricopa,6000000257,6000003312
height,17064,73.148,MAC Field Scanner Field Plot 716 Season 2,FALSE,Maricopa,6000000257,6000003312
height,17066,74.47,MAC Field Scanner Field Plot 716 Season 2,FALSE,Maricopa,6000000257,6000003312
height,17071,77.114,MAC Field Scanner Field Plot 716 Season 2,FALSE,Maricopa,6000000257,6000003312
height,17072,77.114,MAC Field Scanner Field Plot 716 Season 2,FALSE,Maricopa,6000000257,6000003312
height,17021,31.505,MAC Field Scanner Field Plot 717 Season 2,FALSE,Maricopa,6000000257,6000003313
height,17024,32.166,MAC Field Scanner Field Plot 717 Season 2,FALSE,Maricopa,6000000257,6000003313
height,17025,31.505,MAC Field Scanner Field Plot 717 Season 2,FALSE,Maricopa,6000000257,6000003313
height,17026,31.505,MAC Field Scanner Field Plot 717 Season 2,FALSE,Maricopa,6000000257,6000003313
height,17028,30.844,MAC Field Scanner Field Plot 717 Season 2,FALSE,Maricopa,6000000257,6000003313
height,17029,30.844,MAC Field Scanner Field Plot 717 Season 2,FALSE,Maricopa,6000000257,6000003313
height,17030,31.505,MAC Field Scanner Field Plot 717 Season 2,FALSE,Maricopa,6000000257,6000003313
height,17031,31.505,MAC Field Scanner Field Plot 717 Season 2,FALSE,Maricopa,6000000257,6000003313
height,17036,31.505,MAC Field Scanner Field Plot 717 Season 2,FALSE,Maricopa,6000000257,6000003313
height,17037,31.505,MAC Field Scanner Field Plot 717 Season 2,FALSE,Maricopa,6000000257,6000003313
height,17038,33.488,MAC Field Scanner Field Plot 717 Season 2,FALSE,Maricopa,6000000257,6000003313
height,17040,34.81,MAC Field Scanner Field Plot 717 Season 2,FALSE,Maricopa,6000000257,6000003313
height,17042,33.488,MAC Field Scanner Field Plot 717 Season 2,FALSE,Maricopa,6000000257,6000003313
height,17046,33.488,MAC Field Scanner Field Plot 717 Season 2,FALSE,Maricopa,6000000257,6000003313
height,17048,33.488,MAC Field Scanner Field Plot 717 Season 2,FALSE,Maricopa,6000000257,6000003313
height,17049,33.488,MAC Field Scanner Field Plot 717 Season 2,FALSE,Maricopa,6000000257,6000003313
height,17052,58.606,MAC Field Scanner Field Plot 717 Season 2,FALSE,Maricopa,6000000257,6000003313
height,17055,63.894,MAC Field Scanner Field Plot 717 Season 2,FALSE,Maricopa,6000000257,6000003313
height,17056,65.216,MAC Field Scanner Field Plot 717 Season 2,FALSE,Maricopa,6000000257,6000003313
height,17057,66.538,MAC Field Scanner Field Plot 717 Season 2,FALSE,Maricopa,6000000257,6000003313
height,17059,70.504,MAC Field Scanner Field Plot 717 Season 2,FALSE,Maricopa,6000000257,6000003313
height,17064,74.47,MAC Field Scanner Field Plot 717 Season 2,FALSE,Maricopa,6000000257,6000003313
height,17066,75.792,MAC Field Scanner Field Plot 717 Season 2,FALSE,Maricopa,6000000257,6000003313
height,17071,77.775,MAC Field Scanner Field Plot 717 Season 2,FALSE,Maricopa,6000000257,6000003313
height,17072,78.436,MAC Field Scanner Field Plot 717 Season 2,FALSE,Maricopa,6000000257,6000003313
height,17025,31.505,MAC Field Scanner Field Plot 635 Season 2,FALSE,Maricopa,6000000258,6000003231
height,17026,32.166,MAC Field Scanner Field Plot 635 Season 2,FALSE,Maricopa,6000000258,6000003231
height,17028,31.505,MAC Field Scanner Field Plot 635 Season 2,FALSE,Maricopa,6000000258,6000003231
height,17029,31.505,MAC Field Scanner Field Plot 635 Season 2,FALSE,Maricopa,6000000258,6000003231
height,17030,32.166,MAC Field Scanner Field Plot 635 Season 2,FALSE,Maricopa,6000000258,6000003231
height,17050,56.623,MAC Field Scanner Field Plot 635 Season 2,FALSE,Maricopa,6000000258,6000003231
height,17051,59.267,MAC Field Scanner Field Plot 635 Season 2,FALSE,Maricopa,6000000258,6000003231
height,17054,64.555,MAC Field Scanner Field Plot 635 Season 2,FALSE,Maricopa,6000000258,6000003231
height,17055,68.521,MAC Field Scanner Field Plot 635 Season 2,FALSE,Maricopa,6000000258,6000003231
height,17058,72.487,MAC Field Scanner Field Plot 635 Season 2,FALSE,Maricopa,6000000258,6000003231
height,17067,83.063,MAC Field Scanner Field Plot 635 Season 2,FALSE,Maricopa,6000000258,6000003231
height,17068,83.063,MAC Field Scanner Field Plot 635 Season 2,FALSE,Maricopa,6000000258,6000003231
height,17069,81.741,MAC Field Scanner Field Plot 635 Season 2,FALSE,Maricopa,6000000258,6000003231
height,17025,30.844,MAC Field Scanner Field Plot 634 Season 2,FALSE,Maricopa,6000000258,6000003230
height,17026,31.505,MAC Field Scanner Field Plot 634 Season 2,FALSE,Maricopa,6000000258,6000003230
height,17028,30.844,MAC Field Scanner Field Plot 634 Season 2,FALSE,Maricopa,6000000258,6000003230
height,17029,30.844,MAC Field Scanner Field Plot 634 Season 2,FALSE,Maricopa,6000000258,6000003230
height,17030,31.505,MAC Field Scanner Field Plot 634 Season 2,FALSE,Maricopa,6000000258,6000003230
height,17046,32.827,MAC Field Scanner Field Plot 634 Season 2,FALSE,Maricopa,6000000258,6000003230
height,17050,51.996,MAC Field Scanner Field Plot 634 Season 2,FALSE,Maricopa,6000000258,6000003230
height,17051,55.301,MAC Field Scanner Field Plot 634 Season 2,FALSE,Maricopa,6000000258,6000003230
height,17054,61.911,MAC Field Scanner Field Plot 634 Season 2,FALSE,Maricopa,6000000258,6000003230
height,17055,65.216,MAC Field Scanner Field Plot 634 Season 2,FALSE,Maricopa,6000000258,6000003230
height,17058,69.843,MAC Field Scanner Field Plot 634 Season 2,FALSE,Maricopa,6000000258,6000003230
height,17067,82.402,MAC Field Scanner Field Plot 634 Season 2,FALSE,Maricopa,6000000258,6000003230
height,17068,82.402,MAC Field Scanner Field Plot 634 Season 2,FALSE,Maricopa,6000000258,6000003230
height,17069,81.741,MAC Field Scanner Field Plot 634 Season 2,FALSE,Maricopa,6000000258,6000003230
height,17070,85.707,MAC Field Scanner Field Plot 634 Season 2,FALSE,Maricopa,6000000258,6000003230
height,17071,83.724,MAC Field Scanner Field Plot 634 Season 2,FALSE,Maricopa,6000000258,6000003230
height,17038,32.166,MAC Field Scanner Field Plot 211 Season 2,FALSE,Maricopa,6000000259,6000002807
height,17039,32.166,MAC Field Scanner Field Plot 211 Season 2,FALSE,Maricopa,6000000259,6000002807
height,17038,32.827,MAC Field Scanner Field Plot 210 Season 2,FALSE,Maricopa,6000000259,6000002806
height,17039,32.827,MAC Field Scanner Field Plot 210 Season 2,FALSE,Maricopa,6000000259,6000002806
height,17037,40.759,MAC Field Scanner Field Plot 831 Season 2,FALSE,Maricopa,6000000259,6000003427
height,17037,34.149,MAC Field Scanner Field Plot 830 Season 2,FALSE,Maricopa,6000000259,6000003426
height,17025,31.505,MAC Field Scanner Field Plot 806 Season 2,FALSE,Maricopa,6000000405,6000003402
height,17029,31.505,MAC Field Scanner Field Plot 806 Season 2,FALSE,Maricopa,6000000405,6000003402
height,17055,64.555,MAC Field Scanner Field Plot 806 Season 2,FALSE,Maricopa,6000000405,6000003402
height,17057,69.182,MAC Field Scanner Field Plot 806 Season 2,FALSE,Maricopa,6000000405,6000003402
height,17025,32.166,MAC Field Scanner Field Plot 807 Season 2,FALSE,Maricopa,6000000405,6000003403
height,17026,32.166,MAC Field Scanner Field Plot 807 Season 2,FALSE,Maricopa,6000000405,6000003403
height,17028,32.166,MAC Field Scanner Field Plot 807 Season 2,FALSE,Maricopa,6000000405,6000003403
height,17029,32.166,MAC Field Scanner Field Plot 807 Season 2,FALSE,Maricopa,6000000405,6000003403
height,17030,32.166,MAC Field Scanner Field Plot 807 Season 2,FALSE,Maricopa,6000000405,6000003403
height,17055,66.538,MAC Field Scanner Field Plot 807 Season 2,FALSE,Maricopa,6000000405,6000003403
height,17057,72.487,MAC Field Scanner Field Plot 807 Season 2,FALSE,Maricopa,6000000405,6000003403
height,17066,83.063,MAC Field Scanner Field Plot 807 Season 2,FALSE,Maricopa,6000000405,6000003403
height,17040,32.166,MAC Field Scanner Field Plot 76 Season 2,FALSE,Maricopa,6000000260,6000002672
height,17050,32.827,MAC Field Scanner Field Plot 76 Season 2,FALSE,Maricopa,6000000260,6000002672
height,17061,71.165,MAC Field Scanner Field Plot 76 Season 2,FALSE,Maricopa,6000000260,6000002672
height,17022,31.505,MAC Field Scanner Field Plot 77 Season 2,FALSE,Maricopa,6000000260,6000002673
height,17040,32.827,MAC Field Scanner Field Plot 77 Season 2,FALSE,Maricopa,6000000260,6000002673
height,17041,33.488,MAC Field Scanner Field Plot 77 Season 2,FALSE,Maricopa,6000000260,6000002673
height,17043,33.488,MAC Field Scanner Field Plot 77 Season 2,FALSE,Maricopa,6000000260,6000002673
height,17049,33.488,MAC Field Scanner Field Plot 77 Season 2,FALSE,Maricopa,6000000260,6000002673
height,17050,33.488,MAC Field Scanner Field Plot 77 Season 2,FALSE,Maricopa,6000000260,6000002673
height,17053,61.911,MAC Field Scanner Field Plot 77 Season 2,FALSE,Maricopa,6000000260,6000002673
height,17061,70.504,MAC Field Scanner Field Plot 77 Season 2,FALSE,Maricopa,6000000260,6000002673
height,17037,31.505,MAC Field Scanner Field Plot 770 Season 2,FALSE,Maricopa,6000000260,6000003366
height,17037,32.166,MAC Field Scanner Field Plot 771 Season 2,FALSE,Maricopa,6000000260,6000003367
height,17046,34.149,MAC Field Scanner Field Plot 771 Season 2,FALSE,Maricopa,6000000260,6000003367
height,17064,89.673,MAC Field Scanner Field Plot 482 Season 2,FALSE,Maricopa,6000000407,6000003078
height,17022,31.505,MAC Field Scanner Field Plot 483 Season 2,FALSE,Maricopa,6000000407,6000003079
height,17026,32.166,MAC Field Scanner Field Plot 483 Season 2,FALSE,Maricopa,6000000407,6000003079
height,17030,32.166,MAC Field Scanner Field Plot 483 Season 2,FALSE,Maricopa,6000000407,6000003079
height,17038,33.488,MAC Field Scanner Field Plot 483 Season 2,FALSE,Maricopa,6000000407,6000003079
height,17042,33.488,MAC Field Scanner Field Plot 483 Season 2,FALSE,Maricopa,6000000407,6000003079
height,17049,34.149,MAC Field Scanner Field Plot 483 Season 2,FALSE,Maricopa,6000000407,6000003079
height,17053,67.199,MAC Field Scanner Field Plot 483 Season 2,FALSE,Maricopa,6000000407,6000003079
height,17064,87.69,MAC Field Scanner Field Plot 483 Season 2,FALSE,Maricopa,6000000407,6000003079
height,17067,90.334,MAC Field Scanner Field Plot 483 Season 2,FALSE,Maricopa,6000000407,6000003079
height,17026,32.166,MAC Field Scanner Field Plot 133 Season 2,FALSE,Maricopa,6000000261,6000002729
height,17030,32.166,MAC Field Scanner Field Plot 133 Season 2,FALSE,Maricopa,6000000261,6000002729
height,17067,74.47,MAC Field Scanner Field Plot 133 Season 2,FALSE,Maricopa,6000000261,6000002729
height,17021,32.166,MAC Field Scanner Field Plot 748 Season 2,FALSE,Maricopa,6000000261,6000003344
height,17024,32.166,MAC Field Scanner Field Plot 748 Season 2,FALSE,Maricopa,6000000261,6000003344
height,17031,32.166,MAC Field Scanner Field Plot 748 Season 2,FALSE,Maricopa,6000000261,6000003344
height,17037,32.827,MAC Field Scanner Field Plot 748 Season 2,FALSE,Maricopa,6000000261,6000003344
height,17042,33.488,MAC Field Scanner Field Plot 748 Season 2,FALSE,Maricopa,6000000261,6000003344
height,17046,34.149,MAC Field Scanner Field Plot 748 Season 2,FALSE,Maricopa,6000000261,6000003344
height,17048,33.488,MAC Field Scanner Field Plot 748 Season 2,FALSE,Maricopa,6000000261,6000003344
height,17049,34.149,MAC Field Scanner Field Plot 748 Season 2,FALSE,Maricopa,6000000261,6000003344
height,17050,50.013,MAC Field Scanner Field Plot 748 Season 2,FALSE,Maricopa,6000000261,6000003344
height,17051,52.657,MAC Field Scanner Field Plot 748 Season 2,FALSE,Maricopa,6000000261,6000003344
height,17052,54.64,MAC Field Scanner Field Plot 748 Season 2,FALSE,Maricopa,6000000261,6000003344
height,17056,63.233,MAC Field Scanner Field Plot 748 Season 2,FALSE,Maricopa,6000000261,6000003344
height,17059,68.521,MAC Field Scanner Field Plot 748 Season 2,FALSE,Maricopa,6000000261,6000003344
height,17064,73.148,MAC Field Scanner Field Plot 748 Season 2,FALSE,Maricopa,6000000261,6000003344
height,17070,78.436,MAC Field Scanner Field Plot 748 Season 2,FALSE,Maricopa,6000000261,6000003344
height,17071,76.453,MAC Field Scanner Field Plot 748 Season 2,FALSE,Maricopa,6000000261,6000003344
height,17021,31.505,MAC Field Scanner Field Plot 749 Season 2,FALSE,Maricopa,6000000261,6000003345
height,17024,30.844,MAC Field Scanner Field Plot 749 Season 2,FALSE,Maricopa,6000000261,6000003345
height,17027,30.844,MAC Field Scanner Field Plot 749 Season 2,FALSE,Maricopa,6000000261,6000003345
height,17031,31.505,MAC Field Scanner Field Plot 749 Season 2,FALSE,Maricopa,6000000261,6000003345
height,17037,31.505,MAC Field Scanner Field Plot 749 Season 2,FALSE,Maricopa,6000000261,6000003345
height,17042,33.488,MAC Field Scanner Field Plot 749 Season 2,FALSE,Maricopa,6000000261,6000003345
height,17046,34.81,MAC Field Scanner Field Plot 749 Season 2,FALSE,Maricopa,6000000261,6000003345
height,17048,34.149,MAC Field Scanner Field Plot 749 Season 2,FALSE,Maricopa,6000000261,6000003345
height,17049,34.81,MAC Field Scanner Field Plot 749 Season 2,FALSE,Maricopa,6000000261,6000003345
height,17050,53.979,MAC Field Scanner Field Plot 749 Season 2,FALSE,Maricopa,6000000261,6000003345
height,17051,56.623,MAC Field Scanner Field Plot 749 Season 2,FALSE,Maricopa,6000000261,6000003345
height,17052,57.945,MAC Field Scanner Field Plot 749 Season 2,FALSE,Maricopa,6000000261,6000003345
height,17056,67.199,MAC Field Scanner Field Plot 749 Season 2,FALSE,Maricopa,6000000261,6000003345
height,17064,72.487,MAC Field Scanner Field Plot 749 Season 2,FALSE,Maricopa,6000000261,6000003345
height,17068,75.792,MAC Field Scanner Field Plot 749 Season 2,FALSE,Maricopa,6000000261,6000003345
height,17069,76.453,MAC Field Scanner Field Plot 749 Season 2,FALSE,Maricopa,6000000261,6000003345
height,17070,79.097,MAC Field Scanner Field Plot 749 Season 2,FALSE,Maricopa,6000000261,6000003345
height,17071,75.792,MAC Field Scanner Field Plot 749 Season 2,FALSE,Maricopa,6000000261,6000003345
height,17026,31.505,MAC Field Scanner Field Plot 170 Season 2,FALSE,Maricopa,6000000262,6000002766
height,17030,31.505,MAC Field Scanner Field Plot 170 Season 2,FALSE,Maricopa,6000000262,6000002766
height,17067,77.775,MAC Field Scanner Field Plot 170 Season 2,FALSE,Maricopa,6000000262,6000002766
height,17026,30.844,MAC Field Scanner Field Plot 171 Season 2,FALSE,Maricopa,6000000262,6000002767
height,17027,31.505,MAC Field Scanner Field Plot 171 Season 2,FALSE,Maricopa,6000000262,6000002767
height,17029,30.844,MAC Field Scanner Field Plot 171 Season 2,FALSE,Maricopa,6000000262,6000002767
height,17030,30.844,MAC Field Scanner Field Plot 171 Season 2,FALSE,Maricopa,6000000262,6000002767
height,17031,30.844,MAC Field Scanner Field Plot 171 Season 2,FALSE,Maricopa,6000000262,6000002767
height,17039,32.166,MAC Field Scanner Field Plot 171 Season 2,FALSE,Maricopa,6000000262,6000002767
height,17040,32.166,MAC Field Scanner Field Plot 171 Season 2,FALSE,Maricopa,6000000262,6000002767
height,17049,32.827,MAC Field Scanner Field Plot 171 Season 2,FALSE,Maricopa,6000000262,6000002767
height,17050,32.827,MAC Field Scanner Field Plot 171 Season 2,FALSE,Maricopa,6000000262,6000002767
height,17053,59.267,MAC Field Scanner Field Plot 171 Season 2,FALSE,Maricopa,6000000262,6000002767
height,17054,99.588,MAC Field Scanner Field Plot 171 Season 2,FALSE,Maricopa,6000000262,6000002767
height,17056,65.877,MAC Field Scanner Field Plot 171 Season 2,FALSE,Maricopa,6000000262,6000002767
height,17058,69.843,MAC Field Scanner Field Plot 171 Season 2,FALSE,Maricopa,6000000262,6000002767
height,17061,73.148,MAC Field Scanner Field Plot 171 Season 2,FALSE,Maricopa,6000000262,6000002767
height,17067,75.792,MAC Field Scanner Field Plot 171 Season 2,FALSE,Maricopa,6000000262,6000002767
height,17025,31.505,MAC Field Scanner Field Plot 821 Season 2,FALSE,Maricopa,6000000262,6000003417
height,17026,31.505,MAC Field Scanner Field Plot 821 Season 2,FALSE,Maricopa,6000000262,6000003417
height,17028,31.505,MAC Field Scanner Field Plot 821 Season 2,FALSE,Maricopa,6000000262,6000003417
height,17029,31.505,MAC Field Scanner Field Plot 821 Season 2,FALSE,Maricopa,6000000262,6000003417
height,17030,31.505,MAC Field Scanner Field Plot 821 Season 2,FALSE,Maricopa,6000000262,6000003417
height,17055,55.301,MAC Field Scanner Field Plot 821 Season 2,FALSE,Maricopa,6000000262,6000003417
height,17057,59.267,MAC Field Scanner Field Plot 821 Season 2,FALSE,Maricopa,6000000262,6000003417
height,17066,72.487,MAC Field Scanner Field Plot 821 Season 2,FALSE,Maricopa,6000000262,6000003417
height,17067,81.741,MAC Field Scanner Field Plot 821 Season 2,FALSE,Maricopa,6000000262,6000003417
height,17022,30.844,MAC Field Scanner Field Plot 820 Season 2,FALSE,Maricopa,6000000262,6000003416
height,17025,30.844,MAC Field Scanner Field Plot 820 Season 2,FALSE,Maricopa,6000000262,6000003416
height,17026,34.149,MAC Field Scanner Field Plot 820 Season 2,FALSE,Maricopa,6000000262,6000003416
height,17028,30.844,MAC Field Scanner Field Plot 820 Season 2,FALSE,Maricopa,6000000262,6000003416
height,17029,30.844,MAC Field Scanner Field Plot 820 Season 2,FALSE,Maricopa,6000000262,6000003416
height,17030,31.505,MAC Field Scanner Field Plot 820 Season 2,FALSE,Maricopa,6000000262,6000003416
height,17055,51.996,MAC Field Scanner Field Plot 820 Season 2,FALSE,Maricopa,6000000262,6000003416
height,17057,56.623,MAC Field Scanner Field Plot 820 Season 2,FALSE,Maricopa,6000000262,6000003416
height,17064,67.199,MAC Field Scanner Field Plot 820 Season 2,FALSE,Maricopa,6000000262,6000003416
height,17066,67.86,MAC Field Scanner Field Plot 820 Season 2,FALSE,Maricopa,6000000262,6000003416
height,17067,86.368,MAC Field Scanner Field Plot 820 Season 2,FALSE,Maricopa,6000000262,6000003416
height,17027,30.844,MAC Field Scanner Field Plot 185 Season 2,FALSE,Maricopa,6000000263,6000002781
height,17031,30.844,MAC Field Scanner Field Plot 185 Season 2,FALSE,Maricopa,6000000263,6000002781
height,17039,33.488,MAC Field Scanner Field Plot 185 Season 2,FALSE,Maricopa,6000000263,6000002781
height,17040,33.488,MAC Field Scanner Field Plot 185 Season 2,FALSE,Maricopa,6000000263,6000002781
height,17049,34.149,MAC Field Scanner Field Plot 185 Season 2,FALSE,Maricopa,6000000263,6000002781
height,17050,34.149,MAC Field Scanner Field Plot 185 Season 2,FALSE,Maricopa,6000000263,6000002781
height,17053,63.894,MAC Field Scanner Field Plot 185 Season 2,FALSE,Maricopa,6000000263,6000002781
height,17054,65.877,MAC Field Scanner Field Plot 185 Season 2,FALSE,Maricopa,6000000263,6000002781
height,17056,69.843,MAC Field Scanner Field Plot 185 Season 2,FALSE,Maricopa,6000000263,6000002781
height,17061,78.436,MAC Field Scanner Field Plot 185 Season 2,FALSE,Maricopa,6000000263,6000002781
height,17022,32.166,MAC Field Scanner Field Plot 184 Season 2,FALSE,Maricopa,6000000263,6000002780
height,17026,32.166,MAC Field Scanner Field Plot 184 Season 2,FALSE,Maricopa,6000000263,6000002780
height,17027,32.166,MAC Field Scanner Field Plot 184 Season 2,FALSE,Maricopa,6000000263,6000002780
height,17028,31.505,MAC Field Scanner Field Plot 184 Season 2,FALSE,Maricopa,6000000263,6000002780
height,17029,31.505,MAC Field Scanner Field Plot 184 Season 2,FALSE,Maricopa,6000000263,6000002780
height,17030,32.166,MAC Field Scanner Field Plot 184 Season 2,FALSE,Maricopa,6000000263,6000002780
height,17031,32.166,MAC Field Scanner Field Plot 184 Season 2,FALSE,Maricopa,6000000263,6000002780
height,17037,32.166,MAC Field Scanner Field Plot 184 Season 2,FALSE,Maricopa,6000000263,6000002780
height,17039,32.827,MAC Field Scanner Field Plot 184 Season 2,FALSE,Maricopa,6000000263,6000002780
height,17040,33.488,MAC Field Scanner Field Plot 184 Season 2,FALSE,Maricopa,6000000263,6000002780
height,17043,33.488,MAC Field Scanner Field Plot 184 Season 2,FALSE,Maricopa,6000000263,6000002780
height,17047,34.149,MAC Field Scanner Field Plot 184 Season 2,FALSE,Maricopa,6000000263,6000002780
height,17049,34.149,MAC Field Scanner Field Plot 184 Season 2,FALSE,Maricopa,6000000263,6000002780
height,17050,34.149,MAC Field Scanner Field Plot 184 Season 2,FALSE,Maricopa,6000000263,6000002780
height,17051,56.623,MAC Field Scanner Field Plot 184 Season 2,FALSE,Maricopa,6000000263,6000002780
height,17052,59.267,MAC Field Scanner Field Plot 184 Season 2,FALSE,Maricopa,6000000263,6000002780
height,17053,61.25,MAC Field Scanner Field Plot 184 Season 2,FALSE,Maricopa,6000000263,6000002780
height,17054,64.555,MAC Field Scanner Field Plot 184 Season 2,FALSE,Maricopa,6000000263,6000002780
height,17056,67.86,MAC Field Scanner Field Plot 184 Season 2,FALSE,Maricopa,6000000263,6000002780
height,17058,71.826,MAC Field Scanner Field Plot 184 Season 2,FALSE,Maricopa,6000000263,6000002780
height,17061,77.114,MAC Field Scanner Field Plot 184 Season 2,FALSE,Maricopa,6000000263,6000002780
height,17067,83.724,MAC Field Scanner Field Plot 184 Season 2,FALSE,Maricopa,6000000263,6000002780
height,17069,85.046,MAC Field Scanner Field Plot 184 Season 2,FALSE,Maricopa,6000000263,6000002780
height,17070,85.046,MAC Field Scanner Field Plot 184 Season 2,FALSE,Maricopa,6000000263,6000002780
height,17024,32.166,MAC Field Scanner Field Plot 663 Season 2,FALSE,Maricopa,6000000263,6000003259
height,17025,31.505,MAC Field Scanner Field Plot 663 Season 2,FALSE,Maricopa,6000000263,6000003259
height,17026,32.166,MAC Field Scanner Field Plot 663 Season 2,FALSE,Maricopa,6000000263,6000003259
height,17027,31.505,MAC Field Scanner Field Plot 663 Season 2,FALSE,Maricopa,6000000263,6000003259
height,17028,31.505,MAC Field Scanner Field Plot 663 Season 2,FALSE,Maricopa,6000000263,6000003259
height,17029,31.505,MAC Field Scanner Field Plot 663 Season 2,FALSE,Maricopa,6000000263,6000003259
height,17030,32.166,MAC Field Scanner Field Plot 663 Season 2,FALSE,Maricopa,6000000263,6000003259
height,17037,31.505,MAC Field Scanner Field Plot 663 Season 2,FALSE,Maricopa,6000000263,6000003259
height,17046,34.81,MAC Field Scanner Field Plot 663 Season 2,FALSE,Maricopa,6000000263,6000003259
height,17050,56.623,MAC Field Scanner Field Plot 663 Season 2,FALSE,Maricopa,6000000263,6000003259
height,17051,57.945,MAC Field Scanner Field Plot 663 Season 2,FALSE,Maricopa,6000000263,6000003259
height,17054,62.572,MAC Field Scanner Field Plot 663 Season 2,FALSE,Maricopa,6000000263,6000003259
height,17055,66.538,MAC Field Scanner Field Plot 663 Season 2,FALSE,Maricopa,6000000263,6000003259
height,17056,67.86,MAC Field Scanner Field Plot 663 Season 2,FALSE,Maricopa,6000000263,6000003259
height,17058,71.165,MAC Field Scanner Field Plot 663 Season 2,FALSE,Maricopa,6000000263,6000003259
height,17066,84.385,MAC Field Scanner Field Plot 663 Season 2,FALSE,Maricopa,6000000263,6000003259
height,17067,83.724,MAC Field Scanner Field Plot 663 Season 2,FALSE,Maricopa,6000000263,6000003259
height,17068,85.707,MAC Field Scanner Field Plot 663 Season 2,FALSE,Maricopa,6000000263,6000003259
height,17069,85.707,MAC Field Scanner Field Plot 663 Season 2,FALSE,Maricopa,6000000263,6000003259
height,17024,32.166,MAC Field Scanner Field Plot 662 Season 2,FALSE,Maricopa,6000000263,6000003258
height,17025,31.505,MAC Field Scanner Field Plot 662 Season 2,FALSE,Maricopa,6000000263,6000003258
height,17026,31.505,MAC Field Scanner Field Plot 662 Season 2,FALSE,Maricopa,6000000263,6000003258
height,17027,31.505,MAC Field Scanner Field Plot 662 Season 2,FALSE,Maricopa,6000000263,6000003258
height,17028,30.844,MAC Field Scanner Field Plot 662 Season 2,FALSE,Maricopa,6000000263,6000003258
height,17029,31.505,MAC Field Scanner Field Plot 662 Season 2,FALSE,Maricopa,6000000263,6000003258
height,17030,31.505,MAC Field Scanner Field Plot 662 Season 2,FALSE,Maricopa,6000000263,6000003258
height,17046,34.81,MAC Field Scanner Field Plot 662 Season 2,FALSE,Maricopa,6000000263,6000003258
height,17050,54.64,MAC Field Scanner Field Plot 662 Season 2,FALSE,Maricopa,6000000263,6000003258
height,17051,55.962,MAC Field Scanner Field Plot 662 Season 2,FALSE,Maricopa,6000000263,6000003258
height,17054,60.589,MAC Field Scanner Field Plot 662 Season 2,FALSE,Maricopa,6000000263,6000003258
height,17055,63.233,MAC Field Scanner Field Plot 662 Season 2,FALSE,Maricopa,6000000263,6000003258
height,17056,65.216,MAC Field Scanner Field Plot 662 Season 2,FALSE,Maricopa,6000000263,6000003258
height,17058,70.504,MAC Field Scanner Field Plot 662 Season 2,FALSE,Maricopa,6000000263,6000003258
height,17066,78.436,MAC Field Scanner Field Plot 662 Season 2,FALSE,Maricopa,6000000263,6000003258
height,17067,83.724,MAC Field Scanner Field Plot 662 Season 2,FALSE,Maricopa,6000000263,6000003258
height,17068,83.063,MAC Field Scanner Field Plot 662 Season 2,FALSE,Maricopa,6000000263,6000003258
height,17069,82.402,MAC Field Scanner Field Plot 662 Season 2,FALSE,Maricopa,6000000263,6000003258
height,17072,83.063,MAC Field Scanner Field Plot 662 Season 2,FALSE,Maricopa,6000000263,6000003258
height,17024,32.166,MAC Field Scanner Field Plot 428 Season 2,FALSE,Maricopa,6000000264,6000003024
height,17028,32.166,MAC Field Scanner Field Plot 428 Season 2,FALSE,Maricopa,6000000264,6000003024
height,17043,32.166,MAC Field Scanner Field Plot 428 Season 2,FALSE,Maricopa,6000000264,6000003024
height,17046,32.827,MAC Field Scanner Field Plot 428 Season 2,FALSE,Maricopa,6000000264,6000003024
height,17051,56.623,MAC Field Scanner Field Plot 428 Season 2,FALSE,Maricopa,6000000264,6000003024
height,17052,57.284,MAC Field Scanner Field Plot 428 Season 2,FALSE,Maricopa,6000000264,6000003024
height,17054,61.25,MAC Field Scanner Field Plot 428 Season 2,FALSE,Maricopa,6000000264,6000003024
height,17056,66.538,MAC Field Scanner Field Plot 428 Season 2,FALSE,Maricopa,6000000264,6000003024
height,17069,82.402,MAC Field Scanner Field Plot 428 Season 2,FALSE,Maricopa,6000000264,6000003024
height,17070,82.402,MAC Field Scanner Field Plot 428 Season 2,FALSE,Maricopa,6000000264,6000003024
height,17024,32.166,MAC Field Scanner Field Plot 429 Season 2,FALSE,Maricopa,6000000264,6000003025
height,17026,32.166,MAC Field Scanner Field Plot 429 Season 2,FALSE,Maricopa,6000000264,6000003025
height,17028,31.505,MAC Field Scanner Field Plot 429 Season 2,FALSE,Maricopa,6000000264,6000003025
height,17029,31.505,MAC Field Scanner Field Plot 429 Season 2,FALSE,Maricopa,6000000264,6000003025
height,17030,31.505,MAC Field Scanner Field Plot 429 Season 2,FALSE,Maricopa,6000000264,6000003025
height,17043,34.149,MAC Field Scanner Field Plot 429 Season 2,FALSE,Maricopa,6000000264,6000003025
height,17046,34.149,MAC Field Scanner Field Plot 429 Season 2,FALSE,Maricopa,6000000264,6000003025
height,17051,58.606,MAC Field Scanner Field Plot 429 Season 2,FALSE,Maricopa,6000000264,6000003025
height,17052,60.589,MAC Field Scanner Field Plot 429 Season 2,FALSE,Maricopa,6000000264,6000003025
height,17054,64.555,MAC Field Scanner Field Plot 429 Season 2,FALSE,Maricopa,6000000264,6000003025
height,17055,67.86,MAC Field Scanner Field Plot 429 Season 2,FALSE,Maricopa,6000000264,6000003025
height,17056,69.843,MAC Field Scanner Field Plot 429 Season 2,FALSE,Maricopa,6000000264,6000003025
height,17058,71.826,MAC Field Scanner Field Plot 429 Season 2,FALSE,Maricopa,6000000264,6000003025
height,17067,83.063,MAC Field Scanner Field Plot 429 Season 2,FALSE,Maricopa,6000000264,6000003025
height,17069,83.724,MAC Field Scanner Field Plot 429 Season 2,FALSE,Maricopa,6000000264,6000003025
height,17070,84.385,MAC Field Scanner Field Plot 429 Season 2,FALSE,Maricopa,6000000264,6000003025
height,17025,31.505,MAC Field Scanner Field Plot 652 Season 2,FALSE,Maricopa,6000000264,6000003248
height,17026,32.166,MAC Field Scanner Field Plot 652 Season 2,FALSE,Maricopa,6000000264,6000003248
height,17028,31.505,MAC Field Scanner Field Plot 652 Season 2,FALSE,Maricopa,6000000264,6000003248
height,17029,31.505,MAC Field Scanner Field Plot 652 Season 2,FALSE,Maricopa,6000000264,6000003248
height,17030,31.505,MAC Field Scanner Field Plot 652 Season 2,FALSE,Maricopa,6000000264,6000003248
height,17038,32.827,MAC Field Scanner Field Plot 652 Season 2,FALSE,Maricopa,6000000264,6000003248
height,17046,34.149,MAC Field Scanner Field Plot 652 Season 2,FALSE,Maricopa,6000000264,6000003248
height,17050,48.691,MAC Field Scanner Field Plot 652 Season 2,FALSE,Maricopa,6000000264,6000003248
height,17051,50.674,MAC Field Scanner Field Plot 652 Season 2,FALSE,Maricopa,6000000264,6000003248
height,17054,55.962,MAC Field Scanner Field Plot 652 Season 2,FALSE,Maricopa,6000000264,6000003248
height,17055,59.267,MAC Field Scanner Field Plot 652 Season 2,FALSE,Maricopa,6000000264,6000003248
height,17058,63.894,MAC Field Scanner Field Plot 652 Season 2,FALSE,Maricopa,6000000264,6000003248
height,17067,77.775,MAC Field Scanner Field Plot 652 Season 2,FALSE,Maricopa,6000000264,6000003248
height,17068,79.758,MAC Field Scanner Field Plot 652 Season 2,FALSE,Maricopa,6000000264,6000003248
height,17069,79.758,MAC Field Scanner Field Plot 652 Season 2,FALSE,Maricopa,6000000264,6000003248
height,17071,80.419,MAC Field Scanner Field Plot 652 Season 2,FALSE,Maricopa,6000000264,6000003248
height,17072,81.741,MAC Field Scanner Field Plot 652 Season 2,FALSE,Maricopa,6000000264,6000003248
height,17025,32.166,MAC Field Scanner Field Plot 653 Season 2,FALSE,Maricopa,6000000264,6000003249
height,17026,32.166,MAC Field Scanner Field Plot 653 Season 2,FALSE,Maricopa,6000000264,6000003249
height,17028,32.166,MAC Field Scanner Field Plot 653 Season 2,FALSE,Maricopa,6000000264,6000003249
height,17029,32.166,MAC Field Scanner Field Plot 653 Season 2,FALSE,Maricopa,6000000264,6000003249
height,17030,32.166,MAC Field Scanner Field Plot 653 Season 2,FALSE,Maricopa,6000000264,6000003249
height,17038,34.149,MAC Field Scanner Field Plot 653 Season 2,FALSE,Maricopa,6000000264,6000003249
height,17046,34.149,MAC Field Scanner Field Plot 653 Season 2,FALSE,Maricopa,6000000264,6000003249
height,17048,34.149,MAC Field Scanner Field Plot 653 Season 2,FALSE,Maricopa,6000000264,6000003249
height,17049,34.149,MAC Field Scanner Field Plot 653 Season 2,FALSE,Maricopa,6000000264,6000003249
height,17050,51.996,MAC Field Scanner Field Plot 653 Season 2,FALSE,Maricopa,6000000264,6000003249
height,17051,54.64,MAC Field Scanner Field Plot 653 Season 2,FALSE,Maricopa,6000000264,6000003249
height,17054,59.267,MAC Field Scanner Field Plot 653 Season 2,FALSE,Maricopa,6000000264,6000003249
height,17055,62.572,MAC Field Scanner Field Plot 653 Season 2,FALSE,Maricopa,6000000264,6000003249
height,17058,66.538,MAC Field Scanner Field Plot 653 Season 2,FALSE,Maricopa,6000000264,6000003249
height,17067,79.758,MAC Field Scanner Field Plot 653 Season 2,FALSE,Maricopa,6000000264,6000003249
height,17068,81.08,MAC Field Scanner Field Plot 653 Season 2,FALSE,Maricopa,6000000264,6000003249
height,17069,81.741,MAC Field Scanner Field Plot 653 Season 2,FALSE,Maricopa,6000000264,6000003249
height,17071,81.741,MAC Field Scanner Field Plot 653 Season 2,FALSE,Maricopa,6000000264,6000003249
height,17072,83.063,MAC Field Scanner Field Plot 653 Season 2,FALSE,Maricopa,6000000264,6000003249
height,17027,30.844,MAC Field Scanner Field Plot 322 Season 2,FALSE,Maricopa,6000000408,6000002918
height,17027,30.844,MAC Field Scanner Field Plot 323 Season 2,FALSE,Maricopa,6000000408,6000002919
height,17047,34.149,MAC Field Scanner Field Plot 323 Season 2,FALSE,Maricopa,6000000408,6000002919
height,17051,51.996,MAC Field Scanner Field Plot 323 Season 2,FALSE,Maricopa,6000000408,6000002919
height,17052,55.301,MAC Field Scanner Field Plot 323 Season 2,FALSE,Maricopa,6000000408,6000002919
height,17069,83.724,MAC Field Scanner Field Plot 323 Season 2,FALSE,Maricopa,6000000408,6000002919
height,17070,83.724,MAC Field Scanner Field Plot 323 Season 2,FALSE,Maricopa,6000000408,6000002919
height,17021,32.166,MAC Field Scanner Field Plot 699 Season 2,FALSE,Maricopa,6000000408,6000003295
height,17024,32.166,MAC Field Scanner Field Plot 699 Season 2,FALSE,Maricopa,6000000408,6000003295
height,17025,32.166,MAC Field Scanner Field Plot 699 Season 2,FALSE,Maricopa,6000000408,6000003295
height,17026,32.166,MAC Field Scanner Field Plot 699 Season 2,FALSE,Maricopa,6000000408,6000003295
height,17028,31.505,MAC Field Scanner Field Plot 699 Season 2,FALSE,Maricopa,6000000408,6000003295
height,17029,32.166,MAC Field Scanner Field Plot 699 Season 2,FALSE,Maricopa,6000000408,6000003295
height,17030,31.505,MAC Field Scanner Field Plot 699 Season 2,FALSE,Maricopa,6000000408,6000003295
height,17031,31.505,MAC Field Scanner Field Plot 699 Season 2,FALSE,Maricopa,6000000408,6000003295
height,17036,32.166,MAC Field Scanner Field Plot 699 Season 2,FALSE,Maricopa,6000000408,6000003295
height,17037,32.166,MAC Field Scanner Field Plot 699 Season 2,FALSE,Maricopa,6000000408,6000003295
height,17038,34.149,MAC Field Scanner Field Plot 699 Season 2,FALSE,Maricopa,6000000408,6000003295
height,17040,34.149,MAC Field Scanner Field Plot 699 Season 2,FALSE,Maricopa,6000000408,6000003295
height,17042,34.81,MAC Field Scanner Field Plot 699 Season 2,FALSE,Maricopa,6000000408,6000003295
height,17046,35.471,MAC Field Scanner Field Plot 699 Season 2,FALSE,Maricopa,6000000408,6000003295
height,17048,34.81,MAC Field Scanner Field Plot 699 Season 2,FALSE,Maricopa,6000000408,6000003295
height,17049,35.471,MAC Field Scanner Field Plot 699 Season 2,FALSE,Maricopa,6000000408,6000003295
height,17050,55.301,MAC Field Scanner Field Plot 699 Season 2,FALSE,Maricopa,6000000408,6000003295
height,17051,57.945,MAC Field Scanner Field Plot 699 Season 2,FALSE,Maricopa,6000000408,6000003295
height,17052,59.928,MAC Field Scanner Field Plot 699 Season 2,FALSE,Maricopa,6000000408,6000003295
height,17055,65.877,MAC Field Scanner Field Plot 699 Season 2,FALSE,Maricopa,6000000408,6000003295
height,17056,68.521,MAC Field Scanner Field Plot 699 Season 2,FALSE,Maricopa,6000000408,6000003295
height,17057,70.504,MAC Field Scanner Field Plot 699 Season 2,FALSE,Maricopa,6000000408,6000003295
height,17059,75.131,MAC Field Scanner Field Plot 699 Season 2,FALSE,Maricopa,6000000408,6000003295
height,17066,83.063,MAC Field Scanner Field Plot 699 Season 2,FALSE,Maricopa,6000000408,6000003295
height,17071,85.046,MAC Field Scanner Field Plot 699 Season 2,FALSE,Maricopa,6000000408,6000003295
height,17072,86.368,MAC Field Scanner Field Plot 699 Season 2,FALSE,Maricopa,6000000408,6000003295
height,17021,30.844,MAC Field Scanner Field Plot 698 Season 2,FALSE,Maricopa,6000000408,6000003294
height,17024,32.166,MAC Field Scanner Field Plot 698 Season 2,FALSE,Maricopa,6000000408,6000003294
height,17025,30.844,MAC Field Scanner Field Plot 698 Season 2,FALSE,Maricopa,6000000408,6000003294
height,17026,31.505,MAC Field Scanner Field Plot 698 Season 2,FALSE,Maricopa,6000000408,6000003294
height,17028,30.844,MAC Field Scanner Field Plot 698 Season 2,FALSE,Maricopa,6000000408,6000003294
height,17029,30.844,MAC Field Scanner Field Plot 698 Season 2,FALSE,Maricopa,6000000408,6000003294
height,17030,31.505,MAC Field Scanner Field Plot 698 Season 2,FALSE,Maricopa,6000000408,6000003294
height,17031,31.505,MAC Field Scanner Field Plot 698 Season 2,FALSE,Maricopa,6000000408,6000003294
height,17036,31.505,MAC Field Scanner Field Plot 698 Season 2,FALSE,Maricopa,6000000408,6000003294
height,17037,31.505,MAC Field Scanner Field Plot 698 Season 2,FALSE,Maricopa,6000000408,6000003294
height,17038,32.827,MAC Field Scanner Field Plot 698 Season 2,FALSE,Maricopa,6000000408,6000003294
height,17040,32.827,MAC Field Scanner Field Plot 698 Season 2,FALSE,Maricopa,6000000408,6000003294
height,17042,32.166,MAC Field Scanner Field Plot 698 Season 2,FALSE,Maricopa,6000000408,6000003294
height,17046,32.827,MAC Field Scanner Field Plot 698 Season 2,FALSE,Maricopa,6000000408,6000003294
height,17048,32.827,MAC Field Scanner Field Plot 698 Season 2,FALSE,Maricopa,6000000408,6000003294
height,17049,32.827,MAC Field Scanner Field Plot 698 Season 2,FALSE,Maricopa,6000000408,6000003294
height,17050,51.996,MAC Field Scanner Field Plot 698 Season 2,FALSE,Maricopa,6000000408,6000003294
height,17051,55.301,MAC Field Scanner Field Plot 698 Season 2,FALSE,Maricopa,6000000408,6000003294
height,17052,57.945,MAC Field Scanner Field Plot 698 Season 2,FALSE,Maricopa,6000000408,6000003294
height,17055,63.233,MAC Field Scanner Field Plot 698 Season 2,FALSE,Maricopa,6000000408,6000003294
height,17056,66.538,MAC Field Scanner Field Plot 698 Season 2,FALSE,Maricopa,6000000408,6000003294
height,17057,67.86,MAC Field Scanner Field Plot 698 Season 2,FALSE,Maricopa,6000000408,6000003294
height,17059,72.487,MAC Field Scanner Field Plot 698 Season 2,FALSE,Maricopa,6000000408,6000003294
height,17064,79.758,MAC Field Scanner Field Plot 698 Season 2,FALSE,Maricopa,6000000408,6000003294
height,17066,80.419,MAC Field Scanner Field Plot 698 Season 2,FALSE,Maricopa,6000000408,6000003294
height,17068,81.741,MAC Field Scanner Field Plot 698 Season 2,FALSE,Maricopa,6000000408,6000003294
height,17071,83.063,MAC Field Scanner Field Plot 698 Season 2,FALSE,Maricopa,6000000408,6000003294
height,17072,83.724,MAC Field Scanner Field Plot 698 Season 2,FALSE,Maricopa,6000000408,6000003294
height,17028,31.505,MAC Field Scanner Field Plot 622 Season 2,FALSE,Maricopa,6000000409,6000003218
height,17046,34.149,MAC Field Scanner Field Plot 622 Season 2,FALSE,Maricopa,6000000409,6000003218
height,17050,53.318,MAC Field Scanner Field Plot 622 Season 2,FALSE,Maricopa,6000000409,6000003218
height,17051,56.623,MAC Field Scanner Field Plot 622 Season 2,FALSE,Maricopa,6000000409,6000003218
height,17054,62.572,MAC Field Scanner Field Plot 622 Season 2,FALSE,Maricopa,6000000409,6000003218
height,17068,81.08,MAC Field Scanner Field Plot 622 Season 2,FALSE,Maricopa,6000000409,6000003218
height,17070,81.741,MAC Field Scanner Field Plot 622 Season 2,FALSE,Maricopa,6000000409,6000003218
height,17071,83.063,MAC Field Scanner Field Plot 622 Season 2,FALSE,Maricopa,6000000409,6000003218
height,17024,31.505,MAC Field Scanner Field Plot 623 Season 2,FALSE,Maricopa,6000000409,6000003219
height,17028,31.505,MAC Field Scanner Field Plot 623 Season 2,FALSE,Maricopa,6000000409,6000003219
height,17046,33.488,MAC Field Scanner Field Plot 623 Season 2,FALSE,Maricopa,6000000409,6000003219
height,17050,48.691,MAC Field Scanner Field Plot 623 Season 2,FALSE,Maricopa,6000000409,6000003219
height,17051,51.996,MAC Field Scanner Field Plot 623 Season 2,FALSE,Maricopa,6000000409,6000003219
height,17054,61.25,MAC Field Scanner Field Plot 623 Season 2,FALSE,Maricopa,6000000409,6000003219
height,17055,61.911,MAC Field Scanner Field Plot 623 Season 2,FALSE,Maricopa,6000000409,6000003219
height,17056,63.894,MAC Field Scanner Field Plot 623 Season 2,FALSE,Maricopa,6000000409,6000003219
height,17064,73.809,MAC Field Scanner Field Plot 623 Season 2,FALSE,Maricopa,6000000409,6000003219
height,17068,78.436,MAC Field Scanner Field Plot 623 Season 2,FALSE,Maricopa,6000000409,6000003219
height,17070,79.097,MAC Field Scanner Field Plot 623 Season 2,FALSE,Maricopa,6000000409,6000003219
height,17071,81.08,MAC Field Scanner Field Plot 623 Season 2,FALSE,Maricopa,6000000409,6000003219
height,17022,31.505,MAC Field Scanner Field Plot 179 Season 2,FALSE,Maricopa,6000000410,6000002775
height,17026,32.166,MAC Field Scanner Field Plot 179 Season 2,FALSE,Maricopa,6000000410,6000002775
height,17027,31.505,MAC Field Scanner Field Plot 179 Season 2,FALSE,Maricopa,6000000410,6000002775
height,17028,31.505,MAC Field Scanner Field Plot 179 Season 2,FALSE,Maricopa,6000000410,6000002775
height,17029,31.505,MAC Field Scanner Field Plot 179 Season 2,FALSE,Maricopa,6000000410,6000002775
height,17030,32.166,MAC Field Scanner Field Plot 179 Season 2,FALSE,Maricopa,6000000410,6000002775
height,17031,32.166,MAC Field Scanner Field Plot 179 Season 2,FALSE,Maricopa,6000000410,6000002775
height,17037,32.166,MAC Field Scanner Field Plot 179 Season 2,FALSE,Maricopa,6000000410,6000002775
height,17039,31.505,MAC Field Scanner Field Plot 179 Season 2,FALSE,Maricopa,6000000410,6000002775
height,17040,32.166,MAC Field Scanner Field Plot 179 Season 2,FALSE,Maricopa,6000000410,6000002775
height,17043,32.166,MAC Field Scanner Field Plot 179 Season 2,FALSE,Maricopa,6000000410,6000002775
height,17047,32.827,MAC Field Scanner Field Plot 179 Season 2,FALSE,Maricopa,6000000410,6000002775
height,17049,32.827,MAC Field Scanner Field Plot 179 Season 2,FALSE,Maricopa,6000000410,6000002775
height,17050,32.827,MAC Field Scanner Field Plot 179 Season 2,FALSE,Maricopa,6000000410,6000002775
height,17051,57.284,MAC Field Scanner Field Plot 179 Season 2,FALSE,Maricopa,6000000410,6000002775
height,17052,58.606,MAC Field Scanner Field Plot 179 Season 2,FALSE,Maricopa,6000000410,6000002775
height,17053,61.911,MAC Field Scanner Field Plot 179 Season 2,FALSE,Maricopa,6000000410,6000002775
height,17054,65.216,MAC Field Scanner Field Plot 179 Season 2,FALSE,Maricopa,6000000410,6000002775
height,17056,67.199,MAC Field Scanner Field Plot 179 Season 2,FALSE,Maricopa,6000000410,6000002775
height,17058,72.487,MAC Field Scanner Field Plot 179 Season 2,FALSE,Maricopa,6000000410,6000002775
height,17061,76.453,MAC Field Scanner Field Plot 179 Season 2,FALSE,Maricopa,6000000410,6000002775
height,17067,79.097,MAC Field Scanner Field Plot 179 Season 2,FALSE,Maricopa,6000000410,6000002775
height,17069,81.08,MAC Field Scanner Field Plot 179 Season 2,FALSE,Maricopa,6000000410,6000002775
height,17070,81.741,MAC Field Scanner Field Plot 179 Season 2,FALSE,Maricopa,6000000410,6000002775
height,17022,31.505,MAC Field Scanner Field Plot 178 Season 2,FALSE,Maricopa,6000000410,6000002774
height,17025,31.505,MAC Field Scanner Field Plot 178 Season 2,FALSE,Maricopa,6000000410,6000002774
height,17026,31.505,MAC Field Scanner Field Plot 178 Season 2,FALSE,Maricopa,6000000410,6000002774
height,17027,31.505,MAC Field Scanner Field Plot 178 Season 2,FALSE,Maricopa,6000000410,6000002774
height,17028,31.505,MAC Field Scanner Field Plot 178 Season 2,FALSE,Maricopa,6000000410,6000002774
height,17029,31.505,MAC Field Scanner Field Plot 178 Season 2,FALSE,Maricopa,6000000410,6000002774
height,17030,31.505,MAC Field Scanner Field Plot 178 Season 2,FALSE,Maricopa,6000000410,6000002774
height,17031,31.505,MAC Field Scanner Field Plot 178 Season 2,FALSE,Maricopa,6000000410,6000002774
height,17037,32.166,MAC Field Scanner Field Plot 178 Season 2,FALSE,Maricopa,6000000410,6000002774
height,17039,32.166,MAC Field Scanner Field Plot 178 Season 2,FALSE,Maricopa,6000000410,6000002774
height,17040,32.827,MAC Field Scanner Field Plot 178 Season 2,FALSE,Maricopa,6000000410,6000002774
height,17043,32.827,MAC Field Scanner Field Plot 178 Season 2,FALSE,Maricopa,6000000410,6000002774
height,17047,32.827,MAC Field Scanner Field Plot 178 Season 2,FALSE,Maricopa,6000000410,6000002774
height,17049,32.827,MAC Field Scanner Field Plot 178 Season 2,FALSE,Maricopa,6000000410,6000002774
height,17050,32.827,MAC Field Scanner Field Plot 178 Season 2,FALSE,Maricopa,6000000410,6000002774
height,17051,55.962,MAC Field Scanner Field Plot 178 Season 2,FALSE,Maricopa,6000000410,6000002774
height,17052,57.284,MAC Field Scanner Field Plot 178 Season 2,FALSE,Maricopa,6000000410,6000002774
height,17053,65.877,MAC Field Scanner Field Plot 178 Season 2,FALSE,Maricopa,6000000410,6000002774
height,17054,67.199,MAC Field Scanner Field Plot 178 Season 2,FALSE,Maricopa,6000000410,6000002774
height,17056,70.504,MAC Field Scanner Field Plot 178 Season 2,FALSE,Maricopa,6000000410,6000002774
height,17058,74.47,MAC Field Scanner Field Plot 178 Season 2,FALSE,Maricopa,6000000410,6000002774
height,17061,79.758,MAC Field Scanner Field Plot 178 Season 2,FALSE,Maricopa,6000000410,6000002774
height,17067,82.402,MAC Field Scanner Field Plot 178 Season 2,FALSE,Maricopa,6000000410,6000002774
height,17069,83.724,MAC Field Scanner Field Plot 178 Season 2,FALSE,Maricopa,6000000410,6000002774
height,17070,84.385,MAC Field Scanner Field Plot 178 Season 2,FALSE,Maricopa,6000000410,6000002774
height,17022,31.505,MAC Field Scanner Field Plot 533 Season 2,FALSE,Maricopa,6000000410,6000003129
height,17064,78.436,MAC Field Scanner Field Plot 533 Season 2,FALSE,Maricopa,6000000410,6000003129
height,17022,31.505,MAC Field Scanner Field Plot 532 Season 2,FALSE,Maricopa,6000000410,6000003128
height,17061,79.097,MAC Field Scanner Field Plot 532 Season 2,FALSE,Maricopa,6000000410,6000003128
height,17064,79.758,MAC Field Scanner Field Plot 532 Season 2,FALSE,Maricopa,6000000410,6000003128
height,17071,78.436,MAC Field Scanner Field Plot 103 Season 2,FALSE,Maricopa,6000000406,6000002699
height,17021,31.505,MAC Field Scanner Field Plot 761 Season 2,FALSE,Maricopa,6000000406,6000003357
height,17024,31.505,MAC Field Scanner Field Plot 761 Season 2,FALSE,Maricopa,6000000406,6000003357
height,17027,31.505,MAC Field Scanner Field Plot 761 Season 2,FALSE,Maricopa,6000000406,6000003357
height,17031,31.505,MAC Field Scanner Field Plot 761 Season 2,FALSE,Maricopa,6000000406,6000003357
height,17037,30.844,MAC Field Scanner Field Plot 761 Season 2,FALSE,Maricopa,6000000406,6000003357
height,17042,32.827,MAC Field Scanner Field Plot 761 Season 2,FALSE,Maricopa,6000000406,6000003357
height,17046,33.488,MAC Field Scanner Field Plot 761 Season 2,FALSE,Maricopa,6000000406,6000003357
height,17050,42.742,MAC Field Scanner Field Plot 761 Season 2,FALSE,Maricopa,6000000406,6000003357
height,17051,47.369,MAC Field Scanner Field Plot 761 Season 2,FALSE,Maricopa,6000000406,6000003357
height,17052,50.013,MAC Field Scanner Field Plot 761 Season 2,FALSE,Maricopa,6000000406,6000003357
height,17054,53.979,MAC Field Scanner Field Plot 761 Season 2,FALSE,Maricopa,6000000406,6000003357
height,17056,59.928,MAC Field Scanner Field Plot 761 Season 2,FALSE,Maricopa,6000000406,6000003357
height,17068,75.131,MAC Field Scanner Field Plot 761 Season 2,FALSE,Maricopa,6000000406,6000003357
height,17069,75.792,MAC Field Scanner Field Plot 761 Season 2,FALSE,Maricopa,6000000406,6000003357
height,17070,75.792,MAC Field Scanner Field Plot 761 Season 2,FALSE,Maricopa,6000000406,6000003357
height,17021,31.505,MAC Field Scanner Field Plot 760 Season 2,FALSE,Maricopa,6000000406,6000003356
height,17024,31.505,MAC Field Scanner Field Plot 760 Season 2,FALSE,Maricopa,6000000406,6000003356
height,17027,31.505,MAC Field Scanner Field Plot 760 Season 2,FALSE,Maricopa,6000000406,6000003356
height,17031,31.505,MAC Field Scanner Field Plot 760 Season 2,FALSE,Maricopa,6000000406,6000003356
height,17037,32.166,MAC Field Scanner Field Plot 760 Season 2,FALSE,Maricopa,6000000406,6000003356
height,17040,34.149,MAC Field Scanner Field Plot 760 Season 2,FALSE,Maricopa,6000000406,6000003356
height,17042,33.488,MAC Field Scanner Field Plot 760 Season 2,FALSE,Maricopa,6000000406,6000003356
height,17046,34.149,MAC Field Scanner Field Plot 760 Season 2,FALSE,Maricopa,6000000406,6000003356
height,17050,44.725,MAC Field Scanner Field Plot 760 Season 2,FALSE,Maricopa,6000000406,6000003356
height,17051,49.352,MAC Field Scanner Field Plot 760 Season 2,FALSE,Maricopa,6000000406,6000003356
height,17052,51.996,MAC Field Scanner Field Plot 760 Season 2,FALSE,Maricopa,6000000406,6000003356
height,17054,55.962,MAC Field Scanner Field Plot 760 Season 2,FALSE,Maricopa,6000000406,6000003356
height,17056,63.233,MAC Field Scanner Field Plot 760 Season 2,FALSE,Maricopa,6000000406,6000003356
height,17064,75.131,MAC Field Scanner Field Plot 760 Season 2,FALSE,Maricopa,6000000406,6000003356
height,17068,77.114,MAC Field Scanner Field Plot 760 Season 2,FALSE,Maricopa,6000000406,6000003356
height,17069,78.436,MAC Field Scanner Field Plot 760 Season 2,FALSE,Maricopa,6000000406,6000003356
height,17070,79.758,MAC Field Scanner Field Plot 760 Season 2,FALSE,Maricopa,6000000406,6000003356
height,17057,66.538,MAC Field Scanner Field Plot 100 Season 2,FALSE,Maricopa,6000000265,6000002696
height,17071,77.114,MAC Field Scanner Field Plot 100 Season 2,FALSE,Maricopa,6000000265,6000002696
height,17054,63.894,MAC Field Scanner Field Plot 101 Season 2,FALSE,Maricopa,6000000265,6000002697
height,17057,67.199,MAC Field Scanner Field Plot 101 Season 2,FALSE,Maricopa,6000000265,6000002697
height,17071,77.775,MAC Field Scanner Field Plot 101 Season 2,FALSE,Maricopa,6000000265,6000002697
height,17024,32.827,MAC Field Scanner Field Plot 618 Season 2,FALSE,Maricopa,6000000265,6000003214
height,17028,32.166,MAC Field Scanner Field Plot 618 Season 2,FALSE,Maricopa,6000000265,6000003214
height,17046,33.488,MAC Field Scanner Field Plot 618 Season 2,FALSE,Maricopa,6000000265,6000003214
height,17050,59.267,MAC Field Scanner Field Plot 618 Season 2,FALSE,Maricopa,6000000265,6000003214
height,17051,61.911,MAC Field Scanner Field Plot 618 Season 2,FALSE,Maricopa,6000000265,6000003214
height,17054,65.877,MAC Field Scanner Field Plot 618 Season 2,FALSE,Maricopa,6000000265,6000003214
height,17056,68.521,MAC Field Scanner Field Plot 618 Season 2,FALSE,Maricopa,6000000265,6000003214
height,17064,73.809,MAC Field Scanner Field Plot 618 Season 2,FALSE,Maricopa,6000000265,6000003214
height,17068,81.741,MAC Field Scanner Field Plot 618 Season 2,FALSE,Maricopa,6000000265,6000003214
height,17070,82.402,MAC Field Scanner Field Plot 618 Season 2,FALSE,Maricopa,6000000265,6000003214
height,17071,85.046,MAC Field Scanner Field Plot 618 Season 2,FALSE,Maricopa,6000000265,6000003214
height,17021,32.827,MAC Field Scanner Field Plot 619 Season 2,FALSE,Maricopa,6000000265,6000003215
height,17024,32.827,MAC Field Scanner Field Plot 619 Season 2,FALSE,Maricopa,6000000265,6000003215
height,17025,31.505,MAC Field Scanner Field Plot 619 Season 2,FALSE,Maricopa,6000000265,6000003215
height,17028,32.166,MAC Field Scanner Field Plot 619 Season 2,FALSE,Maricopa,6000000265,6000003215
height,17031,32.827,MAC Field Scanner Field Plot 619 Season 2,FALSE,Maricopa,6000000265,6000003215
height,17036,32.827,MAC Field Scanner Field Plot 619 Season 2,FALSE,Maricopa,6000000265,6000003215
height,17040,33.488,MAC Field Scanner Field Plot 619 Season 2,FALSE,Maricopa,6000000265,6000003215
height,17042,32.827,MAC Field Scanner Field Plot 619 Season 2,FALSE,Maricopa,6000000265,6000003215
height,17046,34.149,MAC Field Scanner Field Plot 619 Season 2,FALSE,Maricopa,6000000265,6000003215
height,17048,34.149,MAC Field Scanner Field Plot 619 Season 2,FALSE,Maricopa,6000000265,6000003215
height,17049,33.488,MAC Field Scanner Field Plot 619 Season 2,FALSE,Maricopa,6000000265,6000003215
height,17050,61.25,MAC Field Scanner Field Plot 619 Season 2,FALSE,Maricopa,6000000265,6000003215
height,17051,63.233,MAC Field Scanner Field Plot 619 Season 2,FALSE,Maricopa,6000000265,6000003215
height,17052,64.555,MAC Field Scanner Field Plot 619 Season 2,FALSE,Maricopa,6000000265,6000003215
height,17054,66.538,MAC Field Scanner Field Plot 619 Season 2,FALSE,Maricopa,6000000265,6000003215
height,17056,67.86,MAC Field Scanner Field Plot 619 Season 2,FALSE,Maricopa,6000000265,6000003215
height,17059,68.521,MAC Field Scanner Field Plot 619 Season 2,FALSE,Maricopa,6000000265,6000003215
height,17064,71.826,MAC Field Scanner Field Plot 619 Season 2,FALSE,Maricopa,6000000265,6000003215
height,17068,78.436,MAC Field Scanner Field Plot 619 Season 2,FALSE,Maricopa,6000000265,6000003215
height,17070,77.775,MAC Field Scanner Field Plot 619 Season 2,FALSE,Maricopa,6000000265,6000003215
height,17071,81.08,MAC Field Scanner Field Plot 619 Season 2,FALSE,Maricopa,6000000265,6000003215
height,17025,32.166,MAC Field Scanner Field Plot 138 Season 2,FALSE,Maricopa,6000000266,6000002734
height,17026,32.166,MAC Field Scanner Field Plot 138 Season 2,FALSE,Maricopa,6000000266,6000002734
height,17027,32.166,MAC Field Scanner Field Plot 138 Season 2,FALSE,Maricopa,6000000266,6000002734
height,17029,32.166,MAC Field Scanner Field Plot 138 Season 2,FALSE,Maricopa,6000000266,6000002734
height,17030,32.166,MAC Field Scanner Field Plot 138 Season 2,FALSE,Maricopa,6000000266,6000002734
height,17031,32.166,MAC Field Scanner Field Plot 138 Season 2,FALSE,Maricopa,6000000266,6000002734
height,17037,32.166,MAC Field Scanner Field Plot 138 Season 2,FALSE,Maricopa,6000000266,6000002734
height,17039,32.827,MAC Field Scanner Field Plot 138 Season 2,FALSE,Maricopa,6000000266,6000002734
height,17040,32.827,MAC Field Scanner Field Plot 138 Season 2,FALSE,Maricopa,6000000266,6000002734
height,17056,53.979,MAC Field Scanner Field Plot 138 Season 2,FALSE,Maricopa,6000000266,6000002734
height,17057,57.284,MAC Field Scanner Field Plot 138 Season 2,FALSE,Maricopa,6000000266,6000002734
height,17058,59.267,MAC Field Scanner Field Plot 138 Season 2,FALSE,Maricopa,6000000266,6000002734
height,17067,69.843,MAC Field Scanner Field Plot 138 Season 2,FALSE,Maricopa,6000000266,6000002734
height,17071,71.165,MAC Field Scanner Field Plot 138 Season 2,FALSE,Maricopa,6000000266,6000002734
height,17025,32.166,MAC Field Scanner Field Plot 139 Season 2,FALSE,Maricopa,6000000266,6000002735
height,17026,31.505,MAC Field Scanner Field Plot 139 Season 2,FALSE,Maricopa,6000000266,6000002735
height,17027,32.166,MAC Field Scanner Field Plot 139 Season 2,FALSE,Maricopa,6000000266,6000002735
height,17029,32.166,MAC Field Scanner Field Plot 139 Season 2,FALSE,Maricopa,6000000266,6000002735
height,17030,31.505,MAC Field Scanner Field Plot 139 Season 2,FALSE,Maricopa,6000000266,6000002735
height,17031,31.505,MAC Field Scanner Field Plot 139 Season 2,FALSE,Maricopa,6000000266,6000002735
height,17037,32.166,MAC Field Scanner Field Plot 139 Season 2,FALSE,Maricopa,6000000266,6000002735
height,17039,33.488,MAC Field Scanner Field Plot 139 Season 2,FALSE,Maricopa,6000000266,6000002735
height,17040,33.488,MAC Field Scanner Field Plot 139 Season 2,FALSE,Maricopa,6000000266,6000002735
height,17050,34.81,MAC Field Scanner Field Plot 139 Season 2,FALSE,Maricopa,6000000266,6000002735
height,17056,59.928,MAC Field Scanner Field Plot 139 Season 2,FALSE,Maricopa,6000000266,6000002735
height,17057,63.233,MAC Field Scanner Field Plot 139 Season 2,FALSE,Maricopa,6000000266,6000002735
height,17058,64.555,MAC Field Scanner Field Plot 139 Season 2,FALSE,Maricopa,6000000266,6000002735
height,17061,69.843,MAC Field Scanner Field Plot 139 Season 2,FALSE,Maricopa,6000000266,6000002735
height,17064,71.826,MAC Field Scanner Field Plot 139 Season 2,FALSE,Maricopa,6000000266,6000002735
height,17067,73.148,MAC Field Scanner Field Plot 139 Season 2,FALSE,Maricopa,6000000266,6000002735
height,17071,75.131,MAC Field Scanner Field Plot 139 Season 2,FALSE,Maricopa,6000000266,6000002735
height,17026,31.505,MAC Field Scanner Field Plot 462 Season 2,FALSE,Maricopa,6000000266,6000003058
height,17029,31.505,MAC Field Scanner Field Plot 462 Season 2,FALSE,Maricopa,6000000266,6000003058
height,17030,31.505,MAC Field Scanner Field Plot 462 Season 2,FALSE,Maricopa,6000000266,6000003058
height,17038,33.488,MAC Field Scanner Field Plot 462 Season 2,FALSE,Maricopa,6000000266,6000003058
height,17055,55.962,MAC Field Scanner Field Plot 462 Season 2,FALSE,Maricopa,6000000266,6000003058
height,17058,60.589,MAC Field Scanner Field Plot 462 Season 2,FALSE,Maricopa,6000000266,6000003058
height,17067,71.165,MAC Field Scanner Field Plot 462 Season 2,FALSE,Maricopa,6000000266,6000003058
height,17026,32.166,MAC Field Scanner Field Plot 463 Season 2,FALSE,Maricopa,6000000266,6000003059
height,17029,32.827,MAC Field Scanner Field Plot 463 Season 2,FALSE,Maricopa,6000000266,6000003059
height,17030,32.166,MAC Field Scanner Field Plot 463 Season 2,FALSE,Maricopa,6000000266,6000003059
height,17038,32.827,MAC Field Scanner Field Plot 463 Season 2,FALSE,Maricopa,6000000266,6000003059
height,17055,66.538,MAC Field Scanner Field Plot 463 Season 2,FALSE,Maricopa,6000000266,6000003059
height,17058,69.843,MAC Field Scanner Field Plot 463 Season 2,FALSE,Maricopa,6000000266,6000003059
height,17067,72.487,MAC Field Scanner Field Plot 463 Season 2,FALSE,Maricopa,6000000266,6000003059
height,17024,33.488,MAC Field Scanner Field Plot 420 Season 2,FALSE,Maricopa,6000000267,6000003016
height,17026,32.827,MAC Field Scanner Field Plot 420 Season 2,FALSE,Maricopa,6000000267,6000003016
height,17028,32.827,MAC Field Scanner Field Plot 420 Season 2,FALSE,Maricopa,6000000267,6000003016
height,17029,32.827,MAC Field Scanner Field Plot 420 Season 2,FALSE,Maricopa,6000000267,6000003016
height,17030,32.827,MAC Field Scanner Field Plot 420 Season 2,FALSE,Maricopa,6000000267,6000003016
height,17038,34.149,MAC Field Scanner Field Plot 420 Season 2,FALSE,Maricopa,6000000267,6000003016
height,17043,34.149,MAC Field Scanner Field Plot 420 Season 2,FALSE,Maricopa,6000000267,6000003016
height,17046,34.149,MAC Field Scanner Field Plot 420 Season 2,FALSE,Maricopa,6000000267,6000003016
height,17051,61.25,MAC Field Scanner Field Plot 420 Season 2,FALSE,Maricopa,6000000267,6000003016
height,17052,63.894,MAC Field Scanner Field Plot 420 Season 2,FALSE,Maricopa,6000000267,6000003016
height,17054,67.86,MAC Field Scanner Field Plot 420 Season 2,FALSE,Maricopa,6000000267,6000003016
height,17055,71.165,MAC Field Scanner Field Plot 420 Season 2,FALSE,Maricopa,6000000267,6000003016
height,17056,72.487,MAC Field Scanner Field Plot 420 Season 2,FALSE,Maricopa,6000000267,6000003016
height,17058,73.809,MAC Field Scanner Field Plot 420 Season 2,FALSE,Maricopa,6000000267,6000003016
height,17067,81.08,MAC Field Scanner Field Plot 420 Season 2,FALSE,Maricopa,6000000267,6000003016
height,17069,80.419,MAC Field Scanner Field Plot 420 Season 2,FALSE,Maricopa,6000000267,6000003016
height,17070,81.741,MAC Field Scanner Field Plot 420 Season 2,FALSE,Maricopa,6000000267,6000003016
height,17024,35.471,MAC Field Scanner Field Plot 421 Season 2,FALSE,Maricopa,6000000267,6000003017
height,17026,34.81,MAC Field Scanner Field Plot 421 Season 2,FALSE,Maricopa,6000000267,6000003017
height,17028,34.81,MAC Field Scanner Field Plot 421 Season 2,FALSE,Maricopa,6000000267,6000003017
height,17029,34.81,MAC Field Scanner Field Plot 421 Season 2,FALSE,Maricopa,6000000267,6000003017
height,17030,34.81,MAC Field Scanner Field Plot 421 Season 2,FALSE,Maricopa,6000000267,6000003017
height,17036,34.149,MAC Field Scanner Field Plot 421 Season 2,FALSE,Maricopa,6000000267,6000003017
height,17038,34.149,MAC Field Scanner Field Plot 421 Season 2,FALSE,Maricopa,6000000267,6000003017
height,17043,32.827,MAC Field Scanner Field Plot 421 Season 2,FALSE,Maricopa,6000000267,6000003017
height,17046,34.149,MAC Field Scanner Field Plot 421 Season 2,FALSE,Maricopa,6000000267,6000003017
height,17051,61.25,MAC Field Scanner Field Plot 421 Season 2,FALSE,Maricopa,6000000267,6000003017
height,17052,63.233,MAC Field Scanner Field Plot 421 Season 2,FALSE,Maricopa,6000000267,6000003017
height,17054,66.538,MAC Field Scanner Field Plot 421 Season 2,FALSE,Maricopa,6000000267,6000003017
height,17055,69.843,MAC Field Scanner Field Plot 421 Season 2,FALSE,Maricopa,6000000267,6000003017
height,17056,72.487,MAC Field Scanner Field Plot 421 Season 2,FALSE,Maricopa,6000000267,6000003017
height,17058,72.487,MAC Field Scanner Field Plot 421 Season 2,FALSE,Maricopa,6000000267,6000003017
height,17067,78.436,MAC Field Scanner Field Plot 421 Season 2,FALSE,Maricopa,6000000267,6000003017
height,17069,79.097,MAC Field Scanner Field Plot 421 Season 2,FALSE,Maricopa,6000000267,6000003017
height,17070,79.758,MAC Field Scanner Field Plot 421 Season 2,FALSE,Maricopa,6000000267,6000003017
height,17022,31.505,MAC Field Scanner Field Plot 514 Season 2,FALSE,Maricopa,6000000267,6000003110
height,17029,30.844,MAC Field Scanner Field Plot 514 Season 2,FALSE,Maricopa,6000000267,6000003110
height,17038,33.488,MAC Field Scanner Field Plot 514 Season 2,FALSE,Maricopa,6000000267,6000003110
height,17042,33.488,MAC Field Scanner Field Plot 514 Season 2,FALSE,Maricopa,6000000267,6000003110
height,17049,34.149,MAC Field Scanner Field Plot 514 Season 2,FALSE,Maricopa,6000000267,6000003110
height,17053,64.555,MAC Field Scanner Field Plot 514 Season 2,FALSE,Maricopa,6000000267,6000003110
height,17058,71.165,MAC Field Scanner Field Plot 514 Season 2,FALSE,Maricopa,6000000267,6000003110
height,17059,72.487,MAC Field Scanner Field Plot 514 Season 2,FALSE,Maricopa,6000000267,6000003110
height,17061,73.148,MAC Field Scanner Field Plot 514 Season 2,FALSE,Maricopa,6000000267,6000003110
height,17064,75.792,MAC Field Scanner Field Plot 514 Season 2,FALSE,Maricopa,6000000267,6000003110
height,17071,78.436,MAC Field Scanner Field Plot 514 Season 2,FALSE,Maricopa,6000000267,6000003110
height,17022,32.166,MAC Field Scanner Field Plot 515 Season 2,FALSE,Maricopa,6000000267,6000003111
height,17024,32.166,MAC Field Scanner Field Plot 515 Season 2,FALSE,Maricopa,6000000267,6000003111
height,17036,32.166,MAC Field Scanner Field Plot 515 Season 2,FALSE,Maricopa,6000000267,6000003111
height,17038,34.149,MAC Field Scanner Field Plot 515 Season 2,FALSE,Maricopa,6000000267,6000003111
height,17040,34.149,MAC Field Scanner Field Plot 515 Season 2,FALSE,Maricopa,6000000267,6000003111
height,17042,33.488,MAC Field Scanner Field Plot 515 Season 2,FALSE,Maricopa,6000000267,6000003111
height,17049,34.81,MAC Field Scanner Field Plot 515 Season 2,FALSE,Maricopa,6000000267,6000003111
height,17053,61.911,MAC Field Scanner Field Plot 515 Season 2,FALSE,Maricopa,6000000267,6000003111
height,17056,68.521,MAC Field Scanner Field Plot 515 Season 2,FALSE,Maricopa,6000000267,6000003111
height,17059,71.826,MAC Field Scanner Field Plot 515 Season 2,FALSE,Maricopa,6000000267,6000003111
height,17061,73.148,MAC Field Scanner Field Plot 515 Season 2,FALSE,Maricopa,6000000267,6000003111
height,17064,74.47,MAC Field Scanner Field Plot 515 Season 2,FALSE,Maricopa,6000000267,6000003111
height,17071,79.097,MAC Field Scanner Field Plot 515 Season 2,FALSE,Maricopa,6000000267,6000003111
height,17022,31.505,MAC Field Scanner Field Plot 159 Season 2,FALSE,Maricopa,6000000268,6000002755
height,17025,31.505,MAC Field Scanner Field Plot 159 Season 2,FALSE,Maricopa,6000000268,6000002755
height,17026,31.505,MAC Field Scanner Field Plot 159 Season 2,FALSE,Maricopa,6000000268,6000002755
height,17027,31.505,MAC Field Scanner Field Plot 159 Season 2,FALSE,Maricopa,6000000268,6000002755
height,17028,31.505,MAC Field Scanner Field Plot 159 Season 2,FALSE,Maricopa,6000000268,6000002755
height,17029,31.505,MAC Field Scanner Field Plot 159 Season 2,FALSE,Maricopa,6000000268,6000002755
height,17030,31.505,MAC Field Scanner Field Plot 159 Season 2,FALSE,Maricopa,6000000268,6000002755
height,17031,31.505,MAC Field Scanner Field Plot 159 Season 2,FALSE,Maricopa,6000000268,6000002755
height,17037,31.505,MAC Field Scanner Field Plot 159 Season 2,FALSE,Maricopa,6000000268,6000002755
height,17039,32.827,MAC Field Scanner Field Plot 159 Season 2,FALSE,Maricopa,6000000268,6000002755
height,17040,32.827,MAC Field Scanner Field Plot 159 Season 2,FALSE,Maricopa,6000000268,6000002755
height,17043,33.488,MAC Field Scanner Field Plot 159 Season 2,FALSE,Maricopa,6000000268,6000002755
height,17047,34.149,MAC Field Scanner Field Plot 159 Season 2,FALSE,Maricopa,6000000268,6000002755
height,17049,34.149,MAC Field Scanner Field Plot 159 Season 2,FALSE,Maricopa,6000000268,6000002755
height,17050,34.149,MAC Field Scanner Field Plot 159 Season 2,FALSE,Maricopa,6000000268,6000002755
height,17051,46.047,MAC Field Scanner Field Plot 159 Season 2,FALSE,Maricopa,6000000268,6000002755
height,17052,49.352,MAC Field Scanner Field Plot 159 Season 2,FALSE,Maricopa,6000000268,6000002755
height,17053,53.318,MAC Field Scanner Field Plot 159 Season 2,FALSE,Maricopa,6000000268,6000002755
height,17054,57.284,MAC Field Scanner Field Plot 159 Season 2,FALSE,Maricopa,6000000268,6000002755
height,17056,61.25,MAC Field Scanner Field Plot 159 Season 2,FALSE,Maricopa,6000000268,6000002755
height,17058,65.877,MAC Field Scanner Field Plot 159 Season 2,FALSE,Maricopa,6000000268,6000002755
height,17061,71.826,MAC Field Scanner Field Plot 159 Season 2,FALSE,Maricopa,6000000268,6000002755
height,17067,88.351,MAC Field Scanner Field Plot 159 Season 2,FALSE,Maricopa,6000000268,6000002755
height,17069,90.334,MAC Field Scanner Field Plot 159 Season 2,FALSE,Maricopa,6000000268,6000002755
height,17070,90.334,MAC Field Scanner Field Plot 159 Season 2,FALSE,Maricopa,6000000268,6000002755
height,17022,31.505,MAC Field Scanner Field Plot 158 Season 2,FALSE,Maricopa,6000000268,6000002754
height,17025,32.166,MAC Field Scanner Field Plot 158 Season 2,FALSE,Maricopa,6000000268,6000002754
height,17026,32.166,MAC Field Scanner Field Plot 158 Season 2,FALSE,Maricopa,6000000268,6000002754
height,17027,32.166,MAC Field Scanner Field Plot 158 Season 2,FALSE,Maricopa,6000000268,6000002754
height,17028,31.505,MAC Field Scanner Field Plot 158 Season 2,FALSE,Maricopa,6000000268,6000002754
height,17029,32.166,MAC Field Scanner Field Plot 158 Season 2,FALSE,Maricopa,6000000268,6000002754
height,17030,32.166,MAC Field Scanner Field Plot 158 Season 2,FALSE,Maricopa,6000000268,6000002754
height,17031,32.166,MAC Field Scanner Field Plot 158 Season 2,FALSE,Maricopa,6000000268,6000002754
height,17037,31.505,MAC Field Scanner Field Plot 158 Season 2,FALSE,Maricopa,6000000268,6000002754
height,17039,32.827,MAC Field Scanner Field Plot 158 Season 2,FALSE,Maricopa,6000000268,6000002754
height,17040,33.488,MAC Field Scanner Field Plot 158 Season 2,FALSE,Maricopa,6000000268,6000002754
height,17043,33.488,MAC Field Scanner Field Plot 158 Season 2,FALSE,Maricopa,6000000268,6000002754
height,17047,34.149,MAC Field Scanner Field Plot 158 Season 2,FALSE,Maricopa,6000000268,6000002754
height,17049,34.149,MAC Field Scanner Field Plot 158 Season 2,FALSE,Maricopa,6000000268,6000002754
height,17050,34.149,MAC Field Scanner Field Plot 158 Season 2,FALSE,Maricopa,6000000268,6000002754
height,17051,48.691,MAC Field Scanner Field Plot 158 Season 2,FALSE,Maricopa,6000000268,6000002754
height,17052,51.996,MAC Field Scanner Field Plot 158 Season 2,FALSE,Maricopa,6000000268,6000002754
height,17053,54.64,MAC Field Scanner Field Plot 158 Season 2,FALSE,Maricopa,6000000268,6000002754
height,17054,57.945,MAC Field Scanner Field Plot 158 Season 2,FALSE,Maricopa,6000000268,6000002754
height,17056,61.25,MAC Field Scanner Field Plot 158 Season 2,FALSE,Maricopa,6000000268,6000002754
height,17057,63.894,MAC Field Scanner Field Plot 158 Season 2,FALSE,Maricopa,6000000268,6000002754
height,17058,65.877,MAC Field Scanner Field Plot 158 Season 2,FALSE,Maricopa,6000000268,6000002754
height,17061,72.487,MAC Field Scanner Field Plot 158 Season 2,FALSE,Maricopa,6000000268,6000002754
height,17064,77.775,MAC Field Scanner Field Plot 158 Season 2,FALSE,Maricopa,6000000268,6000002754
height,17067,83.724,MAC Field Scanner Field Plot 158 Season 2,FALSE,Maricopa,6000000268,6000002754
height,17069,85.707,MAC Field Scanner Field Plot 158 Season 2,FALSE,Maricopa,6000000268,6000002754
height,17070,87.029,MAC Field Scanner Field Plot 158 Season 2,FALSE,Maricopa,6000000268,6000002754
height,17022,30.844,MAC Field Scanner Field Plot 526 Season 2,FALSE,Maricopa,6000000268,6000003122
height,17024,30.844,MAC Field Scanner Field Plot 526 Season 2,FALSE,Maricopa,6000000268,6000003122
height,17042,32.827,MAC Field Scanner Field Plot 526 Season 2,FALSE,Maricopa,6000000268,6000003122
height,17049,33.488,MAC Field Scanner Field Plot 526 Season 2,FALSE,Maricopa,6000000268,6000003122
height,17053,53.979,MAC Field Scanner Field Plot 526 Season 2,FALSE,Maricopa,6000000268,6000003122
height,17056,63.894,MAC Field Scanner Field Plot 526 Season 2,FALSE,Maricopa,6000000268,6000003122
height,17059,69.182,MAC Field Scanner Field Plot 526 Season 2,FALSE,Maricopa,6000000268,6000003122
height,17061,71.165,MAC Field Scanner Field Plot 526 Season 2,FALSE,Maricopa,6000000268,6000003122
height,17064,75.131,MAC Field Scanner Field Plot 526 Season 2,FALSE,Maricopa,6000000268,6000003122
height,17071,87.029,MAC Field Scanner Field Plot 526 Season 2,FALSE,Maricopa,6000000268,6000003122
height,17022,32.166,MAC Field Scanner Field Plot 527 Season 2,FALSE,Maricopa,6000000268,6000003123
height,17024,32.166,MAC Field Scanner Field Plot 527 Season 2,FALSE,Maricopa,6000000268,6000003123
height,17042,32.827,MAC Field Scanner Field Plot 527 Season 2,FALSE,Maricopa,6000000268,6000003123
height,17049,33.488,MAC Field Scanner Field Plot 527 Season 2,FALSE,Maricopa,6000000268,6000003123
height,17053,51.335,MAC Field Scanner Field Plot 527 Season 2,FALSE,Maricopa,6000000268,6000003123
height,17056,60.589,MAC Field Scanner Field Plot 527 Season 2,FALSE,Maricopa,6000000268,6000003123
height,17061,67.86,MAC Field Scanner Field Plot 527 Season 2,FALSE,Maricopa,6000000268,6000003123
height,17064,69.843,MAC Field Scanner Field Plot 527 Season 2,FALSE,Maricopa,6000000268,6000003123
height,17071,81.741,MAC Field Scanner Field Plot 527 Season 2,FALSE,Maricopa,6000000268,6000003123
height,17027,30.844,MAC Field Scanner Field Plot 328 Season 2,FALSE,Maricopa,6000000269,6000002924
height,17028,30.844,MAC Field Scanner Field Plot 328 Season 2,FALSE,Maricopa,6000000269,6000002924
height,17047,33.488,MAC Field Scanner Field Plot 328 Season 2,FALSE,Maricopa,6000000269,6000002924
height,17051,55.962,MAC Field Scanner Field Plot 328 Season 2,FALSE,Maricopa,6000000269,6000002924
height,17052,57.945,MAC Field Scanner Field Plot 328 Season 2,FALSE,Maricopa,6000000269,6000002924
height,17069,81.741,MAC Field Scanner Field Plot 328 Season 2,FALSE,Maricopa,6000000269,6000002924
height,17070,83.724,MAC Field Scanner Field Plot 328 Season 2,FALSE,Maricopa,6000000269,6000002924
height,17027,32.166,MAC Field Scanner Field Plot 329 Season 2,FALSE,Maricopa,6000000269,6000002925
height,17028,32.166,MAC Field Scanner Field Plot 329 Season 2,FALSE,Maricopa,6000000269,6000002925
height,17047,32.827,MAC Field Scanner Field Plot 329 Season 2,FALSE,Maricopa,6000000269,6000002925
height,17051,55.962,MAC Field Scanner Field Plot 329 Season 2,FALSE,Maricopa,6000000269,6000002925
height,17052,57.284,MAC Field Scanner Field Plot 329 Season 2,FALSE,Maricopa,6000000269,6000002925
height,17057,67.199,MAC Field Scanner Field Plot 329 Season 2,FALSE,Maricopa,6000000269,6000002925
height,17069,83.724,MAC Field Scanner Field Plot 329 Season 2,FALSE,Maricopa,6000000269,6000002925
height,17070,85.046,MAC Field Scanner Field Plot 329 Season 2,FALSE,Maricopa,6000000269,6000002925
height,17025,32.166,MAC Field Scanner Field Plot 808 Season 2,FALSE,Maricopa,6000000269,6000003404
height,17026,32.166,MAC Field Scanner Field Plot 808 Season 2,FALSE,Maricopa,6000000269,6000003404
height,17028,32.166,MAC Field Scanner Field Plot 808 Season 2,FALSE,Maricopa,6000000269,6000003404
height,17029,32.166,MAC Field Scanner Field Plot 808 Season 2,FALSE,Maricopa,6000000269,6000003404
height,17030,32.166,MAC Field Scanner Field Plot 808 Season 2,FALSE,Maricopa,6000000269,6000003404
height,17031,32.166,MAC Field Scanner Field Plot 808 Season 2,FALSE,Maricopa,6000000269,6000003404
height,17035,32.166,MAC Field Scanner Field Plot 808 Season 2,FALSE,Maricopa,6000000269,6000003404
height,17055,61.25,MAC Field Scanner Field Plot 808 Season 2,FALSE,Maricopa,6000000269,6000003404
height,17057,66.538,MAC Field Scanner Field Plot 808 Season 2,FALSE,Maricopa,6000000269,6000003404
height,17064,75.131,MAC Field Scanner Field Plot 808 Season 2,FALSE,Maricopa,6000000269,6000003404
height,17066,77.114,MAC Field Scanner Field Plot 808 Season 2,FALSE,Maricopa,6000000269,6000003404
height,17025,31.505,MAC Field Scanner Field Plot 809 Season 2,FALSE,Maricopa,6000000269,6000003405
height,17026,30.844,MAC Field Scanner Field Plot 809 Season 2,FALSE,Maricopa,6000000269,6000003405
height,17028,31.505,MAC Field Scanner Field Plot 809 Season 2,FALSE,Maricopa,6000000269,6000003405
height,17029,31.505,MAC Field Scanner Field Plot 809 Season 2,FALSE,Maricopa,6000000269,6000003405
height,17030,30.844,MAC Field Scanner Field Plot 809 Season 2,FALSE,Maricopa,6000000269,6000003405
height,17031,31.505,MAC Field Scanner Field Plot 809 Season 2,FALSE,Maricopa,6000000269,6000003405
height,17035,31.505,MAC Field Scanner Field Plot 809 Season 2,FALSE,Maricopa,6000000269,6000003405
height,17038,32.166,MAC Field Scanner Field Plot 809 Season 2,FALSE,Maricopa,6000000269,6000003405
height,17054,60.589,MAC Field Scanner Field Plot 809 Season 2,FALSE,Maricopa,6000000269,6000003405
height,17055,61.911,MAC Field Scanner Field Plot 809 Season 2,FALSE,Maricopa,6000000269,6000003405
height,17057,66.538,MAC Field Scanner Field Plot 809 Season 2,FALSE,Maricopa,6000000269,6000003405
height,17064,74.47,MAC Field Scanner Field Plot 809 Season 2,FALSE,Maricopa,6000000269,6000003405
height,17066,76.453,MAC Field Scanner Field Plot 809 Season 2,FALSE,Maricopa,6000000269,6000003405
height,17072,85.046,MAC Field Scanner Field Plot 809 Season 2,FALSE,Maricopa,6000000269,6000003405
height,17022,31.505,MAC Field Scanner Field Plot 174 Season 2,FALSE,Maricopa,6000000270,6000002770
height,17025,31.505,MAC Field Scanner Field Plot 174 Season 2,FALSE,Maricopa,6000000270,6000002770
height,17026,31.505,MAC Field Scanner Field Plot 174 Season 2,FALSE,Maricopa,6000000270,6000002770
height,17027,31.505,MAC Field Scanner Field Plot 174 Season 2,FALSE,Maricopa,6000000270,6000002770
height,17028,31.505,MAC Field Scanner Field Plot 174 Season 2,FALSE,Maricopa,6000000270,6000002770
height,17029,31.505,MAC Field Scanner Field Plot 174 Season 2,FALSE,Maricopa,6000000270,6000002770
height,17030,31.505,MAC Field Scanner Field Plot 174 Season 2,FALSE,Maricopa,6000000270,6000002770
height,17031,31.505,MAC Field Scanner Field Plot 174 Season 2,FALSE,Maricopa,6000000270,6000002770
height,17037,31.505,MAC Field Scanner Field Plot 174 Season 2,FALSE,Maricopa,6000000270,6000002770
height,17039,32.166,MAC Field Scanner Field Plot 174 Season 2,FALSE,Maricopa,6000000270,6000002770
height,17040,32.166,MAC Field Scanner Field Plot 174 Season 2,FALSE,Maricopa,6000000270,6000002770
height,17043,32.166,MAC Field Scanner Field Plot 174 Season 2,FALSE,Maricopa,6000000270,6000002770
height,17047,32.827,MAC Field Scanner Field Plot 174 Season 2,FALSE,Maricopa,6000000270,6000002770
height,17049,32.827,MAC Field Scanner Field Plot 174 Season 2,FALSE,Maricopa,6000000270,6000002770
height,17050,32.827,MAC Field Scanner Field Plot 174 Season 2,FALSE,Maricopa,6000000270,6000002770
height,17051,63.894,MAC Field Scanner Field Plot 174 Season 2,FALSE,Maricopa,6000000270,6000002770
height,17052,48.03,MAC Field Scanner Field Plot 174 Season 2,FALSE,Maricopa,6000000270,6000002770
height,17053,50.013,MAC Field Scanner Field Plot 174 Season 2,FALSE,Maricopa,6000000270,6000002770
height,17054,51.996,MAC Field Scanner Field Plot 174 Season 2,FALSE,Maricopa,6000000270,6000002770
height,17056,55.301,MAC Field Scanner Field Plot 174 Season 2,FALSE,Maricopa,6000000270,6000002770
height,17057,59.267,MAC Field Scanner Field Plot 174 Season 2,FALSE,Maricopa,6000000270,6000002770
height,17058,59.928,MAC Field Scanner Field Plot 174 Season 2,FALSE,Maricopa,6000000270,6000002770
height,17061,65.877,MAC Field Scanner Field Plot 174 Season 2,FALSE,Maricopa,6000000270,6000002770
height,17064,68.521,MAC Field Scanner Field Plot 174 Season 2,FALSE,Maricopa,6000000270,6000002770
height,17067,71.826,MAC Field Scanner Field Plot 174 Season 2,FALSE,Maricopa,6000000270,6000002770
height,17069,73.148,MAC Field Scanner Field Plot 174 Season 2,FALSE,Maricopa,6000000270,6000002770
height,17070,73.809,MAC Field Scanner Field Plot 174 Season 2,FALSE,Maricopa,6000000270,6000002770
height,17022,32.166,MAC Field Scanner Field Plot 175 Season 2,FALSE,Maricopa,6000000270,6000002771
height,17025,32.166,MAC Field Scanner Field Plot 175 Season 2,FALSE,Maricopa,6000000270,6000002771
height,17026,32.166,MAC Field Scanner Field Plot 175 Season 2,FALSE,Maricopa,6000000270,6000002771
height,17027,32.166,MAC Field Scanner Field Plot 175 Season 2,FALSE,Maricopa,6000000270,6000002771
height,17028,32.166,MAC Field Scanner Field Plot 175 Season 2,FALSE,Maricopa,6000000270,6000002771
height,17029,32.166,MAC Field Scanner Field Plot 175 Season 2,FALSE,Maricopa,6000000270,6000002771
height,17030,32.166,MAC Field Scanner Field Plot 175 Season 2,FALSE,Maricopa,6000000270,6000002771
height,17031,32.166,MAC Field Scanner Field Plot 175 Season 2,FALSE,Maricopa,6000000270,6000002771
height,17037,32.166,MAC Field Scanner Field Plot 175 Season 2,FALSE,Maricopa,6000000270,6000002771
height,17039,32.827,MAC Field Scanner Field Plot 175 Season 2,FALSE,Maricopa,6000000270,6000002771
height,17040,32.827,MAC Field Scanner Field Plot 175 Season 2,FALSE,Maricopa,6000000270,6000002771
height,17043,32.827,MAC Field Scanner Field Plot 175 Season 2,FALSE,Maricopa,6000000270,6000002771
height,17047,32.827,MAC Field Scanner Field Plot 175 Season 2,FALSE,Maricopa,6000000270,6000002771
height,17049,32.827,MAC Field Scanner Field Plot 175 Season 2,FALSE,Maricopa,6000000270,6000002771
height,17050,32.827,MAC Field Scanner Field Plot 175 Season 2,FALSE,Maricopa,6000000270,6000002771
height,17051,38.115,MAC Field Scanner Field Plot 175 Season 2,FALSE,Maricopa,6000000270,6000002771
height,17052,39.437,MAC Field Scanner Field Plot 175 Season 2,FALSE,Maricopa,6000000270,6000002771
height,17053,47.369,MAC Field Scanner Field Plot 175 Season 2,FALSE,Maricopa,6000000270,6000002771
height,17054,49.352,MAC Field Scanner Field Plot 175 Season 2,FALSE,Maricopa,6000000270,6000002771
height,17056,52.657,MAC Field Scanner Field Plot 175 Season 2,FALSE,Maricopa,6000000270,6000002771
height,17057,55.962,MAC Field Scanner Field Plot 175 Season 2,FALSE,Maricopa,6000000270,6000002771
height,17058,57.945,MAC Field Scanner Field Plot 175 Season 2,FALSE,Maricopa,6000000270,6000002771
height,17061,63.233,MAC Field Scanner Field Plot 175 Season 2,FALSE,Maricopa,6000000270,6000002771
height,17064,66.538,MAC Field Scanner Field Plot 175 Season 2,FALSE,Maricopa,6000000270,6000002771
height,17067,67.86,MAC Field Scanner Field Plot 175 Season 2,FALSE,Maricopa,6000000270,6000002771
height,17069,69.182,MAC Field Scanner Field Plot 175 Season 2,FALSE,Maricopa,6000000270,6000002771
height,17070,71.165,MAC Field Scanner Field Plot 175 Season 2,FALSE,Maricopa,6000000270,6000002771
height,17071,73.148,MAC Field Scanner Field Plot 175 Season 2,FALSE,Maricopa,6000000270,6000002771
height,17021,31.505,MAC Field Scanner Field Plot 684 Season 2,FALSE,Maricopa,6000000270,6000003280
height,17024,32.166,MAC Field Scanner Field Plot 684 Season 2,FALSE,Maricopa,6000000270,6000003280
height,17025,31.505,MAC Field Scanner Field Plot 684 Season 2,FALSE,Maricopa,6000000270,6000003280
height,17026,32.166,MAC Field Scanner Field Plot 684 Season 2,FALSE,Maricopa,6000000270,6000003280
height,17029,31.505,MAC Field Scanner Field Plot 684 Season 2,FALSE,Maricopa,6000000270,6000003280
height,17030,31.505,MAC Field Scanner Field Plot 684 Season 2,FALSE,Maricopa,6000000270,6000003280
height,17031,31.505,MAC Field Scanner Field Plot 684 Season 2,FALSE,Maricopa,6000000270,6000003280
height,17037,32.166,MAC Field Scanner Field Plot 684 Season 2,FALSE,Maricopa,6000000270,6000003280
height,17038,32.166,MAC Field Scanner Field Plot 684 Season 2,FALSE,Maricopa,6000000270,6000003280
height,17042,32.166,MAC Field Scanner Field Plot 684 Season 2,FALSE,Maricopa,6000000270,6000003280
height,17046,32.827,MAC Field Scanner Field Plot 684 Season 2,FALSE,Maricopa,6000000270,6000003280
height,17048,32.827,MAC Field Scanner Field Plot 684 Season 2,FALSE,Maricopa,6000000270,6000003280
height,17049,32.166,MAC Field Scanner Field Plot 684 Season 2,FALSE,Maricopa,6000000270,6000003280
height,17050,47.369,MAC Field Scanner Field Plot 684 Season 2,FALSE,Maricopa,6000000270,6000003280
height,17051,50.013,MAC Field Scanner Field Plot 684 Season 2,FALSE,Maricopa,6000000270,6000003280
height,17052,52.657,MAC Field Scanner Field Plot 684 Season 2,FALSE,Maricopa,6000000270,6000003280
height,17055,57.945,MAC Field Scanner Field Plot 684 Season 2,FALSE,Maricopa,6000000270,6000003280
height,17056,60.589,MAC Field Scanner Field Plot 684 Season 2,FALSE,Maricopa,6000000270,6000003280
height,17057,62.572,MAC Field Scanner Field Plot 684 Season 2,FALSE,Maricopa,6000000270,6000003280
height,17059,65.216,MAC Field Scanner Field Plot 684 Season 2,FALSE,Maricopa,6000000270,6000003280
height,17064,68.521,MAC Field Scanner Field Plot 684 Season 2,FALSE,Maricopa,6000000270,6000003280
height,17066,71.826,MAC Field Scanner Field Plot 684 Season 2,FALSE,Maricopa,6000000270,6000003280
height,17068,73.148,MAC Field Scanner Field Plot 684 Season 2,FALSE,Maricopa,6000000270,6000003280
height,17071,74.47,MAC Field Scanner Field Plot 684 Season 2,FALSE,Maricopa,6000000270,6000003280
height,17072,75.131,MAC Field Scanner Field Plot 684 Season 2,FALSE,Maricopa,6000000270,6000003280
height,17021,31.505,MAC Field Scanner Field Plot 685 Season 2,FALSE,Maricopa,6000000270,6000003281
height,17024,31.505,MAC Field Scanner Field Plot 685 Season 2,FALSE,Maricopa,6000000270,6000003281
height,17025,31.505,MAC Field Scanner Field Plot 685 Season 2,FALSE,Maricopa,6000000270,6000003281
height,17026,31.505,MAC Field Scanner Field Plot 685 Season 2,FALSE,Maricopa,6000000270,6000003281
height,17027,31.505,MAC Field Scanner Field Plot 685 Season 2,FALSE,Maricopa,6000000270,6000003281
height,17029,31.505,MAC Field Scanner Field Plot 685 Season 2,FALSE,Maricopa,6000000270,6000003281
height,17030,31.505,MAC Field Scanner Field Plot 685 Season 2,FALSE,Maricopa,6000000270,6000003281
height,17031,31.505,MAC Field Scanner Field Plot 685 Season 2,FALSE,Maricopa,6000000270,6000003281
height,17037,31.505,MAC Field Scanner Field Plot 685 Season 2,FALSE,Maricopa,6000000270,6000003281
height,17038,34.149,MAC Field Scanner Field Plot 685 Season 2,FALSE,Maricopa,6000000270,6000003281
height,17040,40.098,MAC Field Scanner Field Plot 685 Season 2,FALSE,Maricopa,6000000270,6000003281
height,17042,34.149,MAC Field Scanner Field Plot 685 Season 2,FALSE,Maricopa,6000000270,6000003281
height,17046,34.149,MAC Field Scanner Field Plot 685 Season 2,FALSE,Maricopa,6000000270,6000003281
height,17048,34.81,MAC Field Scanner Field Plot 685 Season 2,FALSE,Maricopa,6000000270,6000003281
height,17049,34.149,MAC Field Scanner Field Plot 685 Season 2,FALSE,Maricopa,6000000270,6000003281
height,17050,51.996,MAC Field Scanner Field Plot 685 Season 2,FALSE,Maricopa,6000000270,6000003281
height,17051,55.301,MAC Field Scanner Field Plot 685 Season 2,FALSE,Maricopa,6000000270,6000003281
height,17052,56.623,MAC Field Scanner Field Plot 685 Season 2,FALSE,Maricopa,6000000270,6000003281
height,17054,59.267,MAC Field Scanner Field Plot 685 Season 2,FALSE,Maricopa,6000000270,6000003281
height,17055,63.233,MAC Field Scanner Field Plot 685 Season 2,FALSE,Maricopa,6000000270,6000003281
height,17056,65.216,MAC Field Scanner Field Plot 685 Season 2,FALSE,Maricopa,6000000270,6000003281
height,17057,67.199,MAC Field Scanner Field Plot 685 Season 2,FALSE,Maricopa,6000000270,6000003281
height,17059,69.843,MAC Field Scanner Field Plot 685 Season 2,FALSE,Maricopa,6000000270,6000003281
height,17064,73.148,MAC Field Scanner Field Plot 685 Season 2,FALSE,Maricopa,6000000270,6000003281
height,17066,74.47,MAC Field Scanner Field Plot 685 Season 2,FALSE,Maricopa,6000000270,6000003281
height,17068,75.792,MAC Field Scanner Field Plot 685 Season 2,FALSE,Maricopa,6000000270,6000003281
height,17069,76.453,MAC Field Scanner Field Plot 685 Season 2,FALSE,Maricopa,6000000270,6000003281
height,17071,77.775,MAC Field Scanner Field Plot 685 Season 2,FALSE,Maricopa,6000000270,6000003281
height,17072,77.775,MAC Field Scanner Field Plot 685 Season 2,FALSE,Maricopa,6000000270,6000003281
height,17071,78.436,MAC Field Scanner Field Plot 357 Season 2,FALSE,Maricopa,6000000271,6000002953
height,17052,53.979,MAC Field Scanner Field Plot 578 Season 2,FALSE,Maricopa,6000000271,6000003174
height,17052,48.691,MAC Field Scanner Field Plot 579 Season 2,FALSE,Maricopa,6000000271,6000003175
height,17071,72.487,MAC Field Scanner Field Plot 362 Season 2,FALSE,Maricopa,6000000272,6000002958
height,17024,32.827,MAC Field Scanner Field Plot 363 Season 2,FALSE,Maricopa,6000000272,6000002959
height,17040,32.827,MAC Field Scanner Field Plot 363 Season 2,FALSE,Maricopa,6000000272,6000002959
height,17064,62.572,MAC Field Scanner Field Plot 363 Season 2,FALSE,Maricopa,6000000272,6000002959
height,17071,81.08,MAC Field Scanner Field Plot 363 Season 2,FALSE,Maricopa,6000000272,6000002959
height,17021,31.505,MAC Field Scanner Field Plot 733 Season 2,FALSE,Maricopa,6000000272,6000003329
height,17023,31.505,MAC Field Scanner Field Plot 733 Season 2,FALSE,Maricopa,6000000272,6000003329
height,17024,30.844,MAC Field Scanner Field Plot 733 Season 2,FALSE,Maricopa,6000000272,6000003329
height,17025,31.505,MAC Field Scanner Field Plot 733 Season 2,FALSE,Maricopa,6000000272,6000003329
height,17026,31.505,MAC Field Scanner Field Plot 733 Season 2,FALSE,Maricopa,6000000272,6000003329
height,17027,30.844,MAC Field Scanner Field Plot 733 Season 2,FALSE,Maricopa,6000000272,6000003329
height,17028,30.844,MAC Field Scanner Field Plot 733 Season 2,FALSE,Maricopa,6000000272,6000003329
height,17029,30.844,MAC Field Scanner Field Plot 733 Season 2,FALSE,Maricopa,6000000272,6000003329
height,17030,31.505,MAC Field Scanner Field Plot 733 Season 2,FALSE,Maricopa,6000000272,6000003329
height,17031,31.505,MAC Field Scanner Field Plot 733 Season 2,FALSE,Maricopa,6000000272,6000003329
height,17036,31.505,MAC Field Scanner Field Plot 733 Season 2,FALSE,Maricopa,6000000272,6000003329
height,17037,31.505,MAC Field Scanner Field Plot 733 Season 2,FALSE,Maricopa,6000000272,6000003329
height,17038,34.149,MAC Field Scanner Field Plot 733 Season 2,FALSE,Maricopa,6000000272,6000003329
height,17040,33.488,MAC Field Scanner Field Plot 733 Season 2,FALSE,Maricopa,6000000272,6000003329
height,17042,34.149,MAC Field Scanner Field Plot 733 Season 2,FALSE,Maricopa,6000000272,6000003329
height,17046,34.149,MAC Field Scanner Field Plot 733 Season 2,FALSE,Maricopa,6000000272,6000003329
height,17048,33.488,MAC Field Scanner Field Plot 733 Season 2,FALSE,Maricopa,6000000272,6000003329
height,17049,34.149,MAC Field Scanner Field Plot 733 Season 2,FALSE,Maricopa,6000000272,6000003329
height,17050,34.149,MAC Field Scanner Field Plot 733 Season 2,FALSE,Maricopa,6000000272,6000003329
height,17051,34.81,MAC Field Scanner Field Plot 733 Season 2,FALSE,Maricopa,6000000272,6000003329
height,17052,36.132,MAC Field Scanner Field Plot 733 Season 2,FALSE,Maricopa,6000000272,6000003329
height,17054,43.403,MAC Field Scanner Field Plot 733 Season 2,FALSE,Maricopa,6000000272,6000003329
height,17055,48.691,MAC Field Scanner Field Plot 733 Season 2,FALSE,Maricopa,6000000272,6000003329
height,17056,52.657,MAC Field Scanner Field Plot 733 Season 2,FALSE,Maricopa,6000000272,6000003329
height,17057,56.623,MAC Field Scanner Field Plot 733 Season 2,FALSE,Maricopa,6000000272,6000003329
height,17059,60.589,MAC Field Scanner Field Plot 733 Season 2,FALSE,Maricopa,6000000272,6000003329
height,17064,66.538,MAC Field Scanner Field Plot 733 Season 2,FALSE,Maricopa,6000000272,6000003329
height,17066,69.182,MAC Field Scanner Field Plot 733 Season 2,FALSE,Maricopa,6000000272,6000003329
height,17068,70.504,MAC Field Scanner Field Plot 733 Season 2,FALSE,Maricopa,6000000272,6000003329
height,17069,71.165,MAC Field Scanner Field Plot 733 Season 2,FALSE,Maricopa,6000000272,6000003329
height,17071,70.504,MAC Field Scanner Field Plot 733 Season 2,FALSE,Maricopa,6000000272,6000003329
height,17072,73.148,MAC Field Scanner Field Plot 733 Season 2,FALSE,Maricopa,6000000272,6000003329
height,17021,31.505,MAC Field Scanner Field Plot 732 Season 2,FALSE,Maricopa,6000000272,6000003328
height,17023,30.844,MAC Field Scanner Field Plot 732 Season 2,FALSE,Maricopa,6000000272,6000003328
height,17024,30.844,MAC Field Scanner Field Plot 732 Season 2,FALSE,Maricopa,6000000272,6000003328
height,17025,30.844,MAC Field Scanner Field Plot 732 Season 2,FALSE,Maricopa,6000000272,6000003328
height,17026,31.505,MAC Field Scanner Field Plot 732 Season 2,FALSE,Maricopa,6000000272,6000003328
height,17027,30.844,MAC Field Scanner Field Plot 732 Season 2,FALSE,Maricopa,6000000272,6000003328
height,17028,30.844,MAC Field Scanner Field Plot 732 Season 2,FALSE,Maricopa,6000000272,6000003328
height,17029,30.844,MAC Field Scanner Field Plot 732 Season 2,FALSE,Maricopa,6000000272,6000003328
height,17030,31.505,MAC Field Scanner Field Plot 732 Season 2,FALSE,Maricopa,6000000272,6000003328
height,17031,30.844,MAC Field Scanner Field Plot 732 Season 2,FALSE,Maricopa,6000000272,6000003328
height,17036,31.505,MAC Field Scanner Field Plot 732 Season 2,FALSE,Maricopa,6000000272,6000003328
height,17037,31.505,MAC Field Scanner Field Plot 732 Season 2,FALSE,Maricopa,6000000272,6000003328
height,17038,32.827,MAC Field Scanner Field Plot 732 Season 2,FALSE,Maricopa,6000000272,6000003328
height,17040,32.166,MAC Field Scanner Field Plot 732 Season 2,FALSE,Maricopa,6000000272,6000003328
height,17042,32.827,MAC Field Scanner Field Plot 732 Season 2,FALSE,Maricopa,6000000272,6000003328
height,17046,33.488,MAC Field Scanner Field Plot 732 Season 2,FALSE,Maricopa,6000000272,6000003328
height,17048,32.827,MAC Field Scanner Field Plot 732 Season 2,FALSE,Maricopa,6000000272,6000003328
height,17049,33.488,MAC Field Scanner Field Plot 732 Season 2,FALSE,Maricopa,6000000272,6000003328
height,17050,32.827,MAC Field Scanner Field Plot 732 Season 2,FALSE,Maricopa,6000000272,6000003328
height,17051,32.827,MAC Field Scanner Field Plot 732 Season 2,FALSE,Maricopa,6000000272,6000003328
height,17052,32.827,MAC Field Scanner Field Plot 732 Season 2,FALSE,Maricopa,6000000272,6000003328
height,17054,32.827,MAC Field Scanner Field Plot 732 Season 2,FALSE,Maricopa,6000000272,6000003328
height,17055,33.488,MAC Field Scanner Field Plot 732 Season 2,FALSE,Maricopa,6000000272,6000003328
height,17056,32.827,MAC Field Scanner Field Plot 732 Season 2,FALSE,Maricopa,6000000272,6000003328
height,17057,33.488,MAC Field Scanner Field Plot 732 Season 2,FALSE,Maricopa,6000000272,6000003328
height,17059,39.437,MAC Field Scanner Field Plot 732 Season 2,FALSE,Maricopa,6000000272,6000003328
height,17064,50.674,MAC Field Scanner Field Plot 732 Season 2,FALSE,Maricopa,6000000272,6000003328
height,17066,54.64,MAC Field Scanner Field Plot 732 Season 2,FALSE,Maricopa,6000000272,6000003328
height,17068,57.945,MAC Field Scanner Field Plot 732 Season 2,FALSE,Maricopa,6000000272,6000003328
height,17069,57.945,MAC Field Scanner Field Plot 732 Season 2,FALSE,Maricopa,6000000272,6000003328
height,17071,60.589,MAC Field Scanner Field Plot 732 Season 2,FALSE,Maricopa,6000000272,6000003328
height,17072,63.233,MAC Field Scanner Field Plot 732 Season 2,FALSE,Maricopa,6000000272,6000003328
height,17026,31.505,MAC Field Scanner Field Plot 234 Season 2,FALSE,Maricopa,6000000273,6000002830
height,17027,31.505,MAC Field Scanner Field Plot 234 Season 2,FALSE,Maricopa,6000000273,6000002830
height,17029,31.505,MAC Field Scanner Field Plot 234 Season 2,FALSE,Maricopa,6000000273,6000002830
height,17030,31.505,MAC Field Scanner Field Plot 234 Season 2,FALSE,Maricopa,6000000273,6000002830
height,17031,32.166,MAC Field Scanner Field Plot 234 Season 2,FALSE,Maricopa,6000000273,6000002830
height,17038,34.149,MAC Field Scanner Field Plot 234 Season 2,FALSE,Maricopa,6000000273,6000002830
height,17056,71.165,MAC Field Scanner Field Plot 234 Season 2,FALSE,Maricopa,6000000273,6000002830
height,17058,74.47,MAC Field Scanner Field Plot 234 Season 2,FALSE,Maricopa,6000000273,6000002830
height,17067,82.402,MAC Field Scanner Field Plot 234 Season 2,FALSE,Maricopa,6000000273,6000002830
height,17026,31.505,MAC Field Scanner Field Plot 235 Season 2,FALSE,Maricopa,6000000273,6000002831
height,17029,31.505,MAC Field Scanner Field Plot 235 Season 2,FALSE,Maricopa,6000000273,6000002831
height,17030,31.505,MAC Field Scanner Field Plot 235 Season 2,FALSE,Maricopa,6000000273,6000002831
height,17038,32.827,MAC Field Scanner Field Plot 235 Season 2,FALSE,Maricopa,6000000273,6000002831
height,17058,74.47,MAC Field Scanner Field Plot 235 Season 2,FALSE,Maricopa,6000000273,6000002831
height,17067,81.08,MAC Field Scanner Field Plot 235 Season 2,FALSE,Maricopa,6000000273,6000002831
height,17021,31.505,MAC Field Scanner Field Plot 767 Season 2,FALSE,Maricopa,6000000273,6000003363
height,17024,31.505,MAC Field Scanner Field Plot 767 Season 2,FALSE,Maricopa,6000000273,6000003363
height,17027,31.505,MAC Field Scanner Field Plot 767 Season 2,FALSE,Maricopa,6000000273,6000003363
height,17031,31.505,MAC Field Scanner Field Plot 767 Season 2,FALSE,Maricopa,6000000273,6000003363
height,17037,42.742,MAC Field Scanner Field Plot 767 Season 2,FALSE,Maricopa,6000000273,6000003363
height,17042,32.827,MAC Field Scanner Field Plot 767 Season 2,FALSE,Maricopa,6000000273,6000003363
height,17046,33.488,MAC Field Scanner Field Plot 767 Season 2,FALSE,Maricopa,6000000273,6000003363
height,17048,33.488,MAC Field Scanner Field Plot 767 Season 2,FALSE,Maricopa,6000000273,6000003363
height,17049,33.488,MAC Field Scanner Field Plot 767 Season 2,FALSE,Maricopa,6000000273,6000003363
height,17050,59.267,MAC Field Scanner Field Plot 767 Season 2,FALSE,Maricopa,6000000273,6000003363
height,17051,61.911,MAC Field Scanner Field Plot 767 Season 2,FALSE,Maricopa,6000000273,6000003363
height,17052,63.233,MAC Field Scanner Field Plot 767 Season 2,FALSE,Maricopa,6000000273,6000003363
height,17054,66.538,MAC Field Scanner Field Plot 767 Season 2,FALSE,Maricopa,6000000273,6000003363
height,17059,73.148,MAC Field Scanner Field Plot 767 Season 2,FALSE,Maricopa,6000000273,6000003363
height,17064,78.436,MAC Field Scanner Field Plot 767 Season 2,FALSE,Maricopa,6000000273,6000003363
height,17068,81.08,MAC Field Scanner Field Plot 767 Season 2,FALSE,Maricopa,6000000273,6000003363
height,17069,81.08,MAC Field Scanner Field Plot 767 Season 2,FALSE,Maricopa,6000000273,6000003363
height,17021,30.844,MAC Field Scanner Field Plot 766 Season 2,FALSE,Maricopa,6000000273,6000003362
height,17023,31.505,MAC Field Scanner Field Plot 766 Season 2,FALSE,Maricopa,6000000273,6000003362
height,17024,31.505,MAC Field Scanner Field Plot 766 Season 2,FALSE,Maricopa,6000000273,6000003362
height,17027,31.505,MAC Field Scanner Field Plot 766 Season 2,FALSE,Maricopa,6000000273,6000003362
height,17031,31.505,MAC Field Scanner Field Plot 766 Season 2,FALSE,Maricopa,6000000273,6000003362
height,17036,31.505,MAC Field Scanner Field Plot 766 Season 2,FALSE,Maricopa,6000000273,6000003362
height,17037,31.505,MAC Field Scanner Field Plot 766 Season 2,FALSE,Maricopa,6000000273,6000003362
height,17040,32.827,MAC Field Scanner Field Plot 766 Season 2,FALSE,Maricopa,6000000273,6000003362
height,17042,32.827,MAC Field Scanner Field Plot 766 Season 2,FALSE,Maricopa,6000000273,6000003362
height,17046,33.488,MAC Field Scanner Field Plot 766 Season 2,FALSE,Maricopa,6000000273,6000003362
height,17048,32.827,MAC Field Scanner Field Plot 766 Season 2,FALSE,Maricopa,6000000273,6000003362
height,17049,33.488,MAC Field Scanner Field Plot 766 Season 2,FALSE,Maricopa,6000000273,6000003362
height,17050,57.284,MAC Field Scanner Field Plot 766 Season 2,FALSE,Maricopa,6000000273,6000003362
height,17051,59.928,MAC Field Scanner Field Plot 766 Season 2,FALSE,Maricopa,6000000273,6000003362
height,17052,61.911,MAC Field Scanner Field Plot 766 Season 2,FALSE,Maricopa,6000000273,6000003362
height,17054,63.894,MAC Field Scanner Field Plot 766 Season 2,FALSE,Maricopa,6000000273,6000003362
height,17056,70.504,MAC Field Scanner Field Plot 766 Season 2,FALSE,Maricopa,6000000273,6000003362
height,17059,73.148,MAC Field Scanner Field Plot 766 Season 2,FALSE,Maricopa,6000000273,6000003362
height,17064,77.775,MAC Field Scanner Field Plot 766 Season 2,FALSE,Maricopa,6000000273,6000003362
height,17068,80.419,MAC Field Scanner Field Plot 766 Season 2,FALSE,Maricopa,6000000273,6000003362
height,17069,81.08,MAC Field Scanner Field Plot 766 Season 2,FALSE,Maricopa,6000000273,6000003362
height,17022,30.183,MAC Field Scanner Field Plot 61 Season 2,FALSE,Maricopa,6000000274,6000002657
height,17028,30.183,MAC Field Scanner Field Plot 61 Season 2,FALSE,Maricopa,6000000274,6000002657
height,17037,30.844,MAC Field Scanner Field Plot 61 Season 2,FALSE,Maricopa,6000000274,6000002657
height,17041,32.827,MAC Field Scanner Field Plot 61 Season 2,FALSE,Maricopa,6000000274,6000002657
height,17043,32.827,MAC Field Scanner Field Plot 61 Season 2,FALSE,Maricopa,6000000274,6000002657
height,17049,32.827,MAC Field Scanner Field Plot 61 Season 2,FALSE,Maricopa,6000000274,6000002657
height,17050,32.827,MAC Field Scanner Field Plot 61 Season 2,FALSE,Maricopa,6000000274,6000002657
height,17053,45.386,MAC Field Scanner Field Plot 61 Season 2,FALSE,Maricopa,6000000274,6000002657
height,17054,48.691,MAC Field Scanner Field Plot 61 Season 2,FALSE,Maricopa,6000000274,6000002657
height,17061,67.199,MAC Field Scanner Field Plot 61 Season 2,FALSE,Maricopa,6000000274,6000002657
height,17022,30.844,MAC Field Scanner Field Plot 60 Season 2,FALSE,Maricopa,6000000274,6000002656
height,17028,30.844,MAC Field Scanner Field Plot 60 Season 2,FALSE,Maricopa,6000000274,6000002656
height,17037,30.844,MAC Field Scanner Field Plot 60 Season 2,FALSE,Maricopa,6000000274,6000002656
height,17039,32.166,MAC Field Scanner Field Plot 60 Season 2,FALSE,Maricopa,6000000274,6000002656
height,17041,32.166,MAC Field Scanner Field Plot 60 Season 2,FALSE,Maricopa,6000000274,6000002656
height,17043,32.166,MAC Field Scanner Field Plot 60 Season 2,FALSE,Maricopa,6000000274,6000002656
height,17047,32.827,MAC Field Scanner Field Plot 60 Season 2,FALSE,Maricopa,6000000274,6000002656
height,17049,33.488,MAC Field Scanner Field Plot 60 Season 2,FALSE,Maricopa,6000000274,6000002656
height,17050,33.488,MAC Field Scanner Field Plot 60 Season 2,FALSE,Maricopa,6000000274,6000002656
height,17051,51.996,MAC Field Scanner Field Plot 60 Season 2,FALSE,Maricopa,6000000274,6000002656
height,17052,53.979,MAC Field Scanner Field Plot 60 Season 2,FALSE,Maricopa,6000000274,6000002656
height,17053,55.962,MAC Field Scanner Field Plot 60 Season 2,FALSE,Maricopa,6000000274,6000002656
height,17054,59.928,MAC Field Scanner Field Plot 60 Season 2,FALSE,Maricopa,6000000274,6000002656
height,17061,73.809,MAC Field Scanner Field Plot 60 Season 2,FALSE,Maricopa,6000000274,6000002656
height,17064,77.775,MAC Field Scanner Field Plot 60 Season 2,FALSE,Maricopa,6000000274,6000002656
height,17069,82.402,MAC Field Scanner Field Plot 60 Season 2,FALSE,Maricopa,6000000274,6000002656
height,17070,83.063,MAC Field Scanner Field Plot 60 Season 2,FALSE,Maricopa,6000000274,6000002656
height,17022,31.505,MAC Field Scanner Field Plot 819 Season 2,FALSE,Maricopa,6000000274,6000003415
height,17023,73.809,MAC Field Scanner Field Plot 819 Season 2,FALSE,Maricopa,6000000274,6000003415
height,17025,31.505,MAC Field Scanner Field Plot 819 Season 2,FALSE,Maricopa,6000000274,6000003415
height,17026,30.844,MAC Field Scanner Field Plot 819 Season 2,FALSE,Maricopa,6000000274,6000003415
height,17028,31.505,MAC Field Scanner Field Plot 819 Season 2,FALSE,Maricopa,6000000274,6000003415
height,17029,31.505,MAC Field Scanner Field Plot 819 Season 2,FALSE,Maricopa,6000000274,6000003415
height,17030,32.166,MAC Field Scanner Field Plot 819 Season 2,FALSE,Maricopa,6000000274,6000003415
height,17031,31.505,MAC Field Scanner Field Plot 819 Season 2,FALSE,Maricopa,6000000274,6000003415
height,17038,32.166,MAC Field Scanner Field Plot 819 Season 2,FALSE,Maricopa,6000000274,6000003415
height,17054,34.149,MAC Field Scanner Field Plot 819 Season 2,FALSE,Maricopa,6000000274,6000003415
height,17055,38.776,MAC Field Scanner Field Plot 819 Season 2,FALSE,Maricopa,6000000274,6000003415
height,17057,45.386,MAC Field Scanner Field Plot 819 Season 2,FALSE,Maricopa,6000000274,6000003415
height,17063,81.08,MAC Field Scanner Field Plot 819 Season 2,FALSE,Maricopa,6000000274,6000003415
height,17064,59.928,MAC Field Scanner Field Plot 819 Season 2,FALSE,Maricopa,6000000274,6000003415
height,17066,63.233,MAC Field Scanner Field Plot 819 Season 2,FALSE,Maricopa,6000000274,6000003415
height,17067,85.707,MAC Field Scanner Field Plot 819 Season 2,FALSE,Maricopa,6000000274,6000003415
height,17072,83.063,MAC Field Scanner Field Plot 819 Season 2,FALSE,Maricopa,6000000274,6000003415
height,17022,31.505,MAC Field Scanner Field Plot 818 Season 2,FALSE,Maricopa,6000000274,6000003414
height,17023,32.166,MAC Field Scanner Field Plot 818 Season 2,FALSE,Maricopa,6000000274,6000003414
height,17025,32.166,MAC Field Scanner Field Plot 818 Season 2,FALSE,Maricopa,6000000274,6000003414
height,17026,32.166,MAC Field Scanner Field Plot 818 Season 2,FALSE,Maricopa,6000000274,6000003414
height,17027,32.166,MAC Field Scanner Field Plot 818 Season 2,FALSE,Maricopa,6000000274,6000003414
height,17028,32.166,MAC Field Scanner Field Plot 818 Season 2,FALSE,Maricopa,6000000274,6000003414
height,17029,32.166,MAC Field Scanner Field Plot 818 Season 2,FALSE,Maricopa,6000000274,6000003414
height,17030,32.166,MAC Field Scanner Field Plot 818 Season 2,FALSE,Maricopa,6000000274,6000003414
height,17031,32.166,MAC Field Scanner Field Plot 818 Season 2,FALSE,Maricopa,6000000274,6000003414
height,17038,36.132,MAC Field Scanner Field Plot 818 Season 2,FALSE,Maricopa,6000000274,6000003414
height,17054,52.657,MAC Field Scanner Field Plot 818 Season 2,FALSE,Maricopa,6000000274,6000003414
height,17055,55.962,MAC Field Scanner Field Plot 818 Season 2,FALSE,Maricopa,6000000274,6000003414
height,17057,57.945,MAC Field Scanner Field Plot 818 Season 2,FALSE,Maricopa,6000000274,6000003414
height,17063,43.403,MAC Field Scanner Field Plot 818 Season 2,FALSE,Maricopa,6000000274,6000003414
height,17064,73.148,MAC Field Scanner Field Plot 818 Season 2,FALSE,Maricopa,6000000274,6000003414
height,17066,66.538,MAC Field Scanner Field Plot 818 Season 2,FALSE,Maricopa,6000000274,6000003414
height,17067,47.369,MAC Field Scanner Field Plot 818 Season 2,FALSE,Maricopa,6000000274,6000003414
height,17069,85.046,MAC Field Scanner Field Plot 818 Season 2,FALSE,Maricopa,6000000274,6000003414
height,17072,87.69,MAC Field Scanner Field Plot 818 Season 2,FALSE,Maricopa,6000000274,6000003414
height,17024,31.505,MAC Field Scanner Field Plot 413 Season 2,FALSE,Maricopa,6000000275,6000003009
height,17025,31.505,MAC Field Scanner Field Plot 413 Season 2,FALSE,Maricopa,6000000275,6000003009
height,17026,31.505,MAC Field Scanner Field Plot 413 Season 2,FALSE,Maricopa,6000000275,6000003009
height,17028,31.505,MAC Field Scanner Field Plot 413 Season 2,FALSE,Maricopa,6000000275,6000003009
height,17029,31.505,MAC Field Scanner Field Plot 413 Season 2,FALSE,Maricopa,6000000275,6000003009
height,17030,31.505,MAC Field Scanner Field Plot 413 Season 2,FALSE,Maricopa,6000000275,6000003009
height,17036,31.505,MAC Field Scanner Field Plot 413 Season 2,FALSE,Maricopa,6000000275,6000003009
height,17038,34.149,MAC Field Scanner Field Plot 413 Season 2,FALSE,Maricopa,6000000275,6000003009
height,17040,34.149,MAC Field Scanner Field Plot 413 Season 2,FALSE,Maricopa,6000000275,6000003009
height,17046,33.488,MAC Field Scanner Field Plot 413 Season 2,FALSE,Maricopa,6000000275,6000003009
height,17051,56.623,MAC Field Scanner Field Plot 413 Season 2,FALSE,Maricopa,6000000275,6000003009
height,17052,59.267,MAC Field Scanner Field Plot 413 Season 2,FALSE,Maricopa,6000000275,6000003009
height,17054,64.555,MAC Field Scanner Field Plot 413 Season 2,FALSE,Maricopa,6000000275,6000003009
height,17055,67.86,MAC Field Scanner Field Plot 413 Season 2,FALSE,Maricopa,6000000275,6000003009
height,17056,69.843,MAC Field Scanner Field Plot 413 Season 2,FALSE,Maricopa,6000000275,6000003009
height,17058,70.504,MAC Field Scanner Field Plot 413 Season 2,FALSE,Maricopa,6000000275,6000003009
height,17061,75.131,MAC Field Scanner Field Plot 413 Season 2,FALSE,Maricopa,6000000275,6000003009
height,17067,78.436,MAC Field Scanner Field Plot 413 Season 2,FALSE,Maricopa,6000000275,6000003009
height,17069,77.775,MAC Field Scanner Field Plot 413 Season 2,FALSE,Maricopa,6000000275,6000003009
height,17070,77.775,MAC Field Scanner Field Plot 413 Season 2,FALSE,Maricopa,6000000275,6000003009
height,17024,32.166,MAC Field Scanner Field Plot 412 Season 2,FALSE,Maricopa,6000000275,6000003008
height,17025,31.505,MAC Field Scanner Field Plot 412 Season 2,FALSE,Maricopa,6000000275,6000003008
height,17026,31.505,MAC Field Scanner Field Plot 412 Season 2,FALSE,Maricopa,6000000275,6000003008
height,17028,32.166,MAC Field Scanner Field Plot 412 Season 2,FALSE,Maricopa,6000000275,6000003008
height,17029,32.166,MAC Field Scanner Field Plot 412 Season 2,FALSE,Maricopa,6000000275,6000003008
height,17030,32.166,MAC Field Scanner Field Plot 412 Season 2,FALSE,Maricopa,6000000275,6000003008
height,17036,32.166,MAC Field Scanner Field Plot 412 Season 2,FALSE,Maricopa,6000000275,6000003008
height,17038,32.827,MAC Field Scanner Field Plot 412 Season 2,FALSE,Maricopa,6000000275,6000003008
height,17040,32.827,MAC Field Scanner Field Plot 412 Season 2,FALSE,Maricopa,6000000275,6000003008
height,17046,33.488,MAC Field Scanner Field Plot 412 Season 2,FALSE,Maricopa,6000000275,6000003008
height,17049,33.488,MAC Field Scanner Field Plot 412 Season 2,FALSE,Maricopa,6000000275,6000003008
height,17051,48.03,MAC Field Scanner Field Plot 412 Season 2,FALSE,Maricopa,6000000275,6000003008
height,17052,51.335,MAC Field Scanner Field Plot 412 Season 2,FALSE,Maricopa,6000000275,6000003008
height,17053,53.979,MAC Field Scanner Field Plot 412 Season 2,FALSE,Maricopa,6000000275,6000003008
height,17054,56.623,MAC Field Scanner Field Plot 412 Season 2,FALSE,Maricopa,6000000275,6000003008
height,17055,60.589,MAC Field Scanner Field Plot 412 Season 2,FALSE,Maricopa,6000000275,6000003008
height,17056,62.572,MAC Field Scanner Field Plot 412 Season 2,FALSE,Maricopa,6000000275,6000003008
height,17058,65.216,MAC Field Scanner Field Plot 412 Season 2,FALSE,Maricopa,6000000275,6000003008
height,17061,69.843,MAC Field Scanner Field Plot 412 Season 2,FALSE,Maricopa,6000000275,6000003008
height,17067,73.809,MAC Field Scanner Field Plot 412 Season 2,FALSE,Maricopa,6000000275,6000003008
height,17069,73.809,MAC Field Scanner Field Plot 412 Season 2,FALSE,Maricopa,6000000275,6000003008
height,17070,74.47,MAC Field Scanner Field Plot 412 Season 2,FALSE,Maricopa,6000000275,6000003008
height,17031,32.166,MAC Field Scanner Field Plot 565 Season 2,FALSE,Maricopa,6000000275,6000003161
height,17031,31.505,MAC Field Scanner Field Plot 564 Season 2,FALSE,Maricopa,6000000275,6000003160
height,17025,32.166,MAC Field Scanner Field Plot 110 Season 2,FALSE,Maricopa,6000000276,6000002706
height,17028,32.166,MAC Field Scanner Field Plot 110 Season 2,FALSE,Maricopa,6000000276,6000002706
height,17029,32.166,MAC Field Scanner Field Plot 110 Season 2,FALSE,Maricopa,6000000276,6000002706
height,17047,33.488,MAC Field Scanner Field Plot 110 Season 2,FALSE,Maricopa,6000000276,6000002706
height,17051,34.149,MAC Field Scanner Field Plot 110 Season 2,FALSE,Maricopa,6000000276,6000002706
height,17052,33.488,MAC Field Scanner Field Plot 110 Season 2,FALSE,Maricopa,6000000276,6000002706
height,17054,34.81,MAC Field Scanner Field Plot 110 Season 2,FALSE,Maricopa,6000000276,6000002706
height,17057,34.149,MAC Field Scanner Field Plot 110 Season 2,FALSE,Maricopa,6000000276,6000002706
height,17058,35.471,MAC Field Scanner Field Plot 110 Season 2,FALSE,Maricopa,6000000276,6000002706
height,17064,45.386,MAC Field Scanner Field Plot 110 Season 2,FALSE,Maricopa,6000000276,6000002706
height,17069,53.318,MAC Field Scanner Field Plot 110 Season 2,FALSE,Maricopa,6000000276,6000002706
height,17070,55.301,MAC Field Scanner Field Plot 110 Season 2,FALSE,Maricopa,6000000276,6000002706
height,17071,56.623,MAC Field Scanner Field Plot 110 Season 2,FALSE,Maricopa,6000000276,6000002706
height,17025,32.166,MAC Field Scanner Field Plot 111 Season 2,FALSE,Maricopa,6000000276,6000002707
height,17026,32.166,MAC Field Scanner Field Plot 111 Season 2,FALSE,Maricopa,6000000276,6000002707
height,17027,32.166,MAC Field Scanner Field Plot 111 Season 2,FALSE,Maricopa,6000000276,6000002707
height,17028,32.166,MAC Field Scanner Field Plot 111 Season 2,FALSE,Maricopa,6000000276,6000002707
height,17029,32.166,MAC Field Scanner Field Plot 111 Season 2,FALSE,Maricopa,6000000276,6000002707
height,17030,32.166,MAC Field Scanner Field Plot 111 Season 2,FALSE,Maricopa,6000000276,6000002707
height,17031,32.166,MAC Field Scanner Field Plot 111 Season 2,FALSE,Maricopa,6000000276,6000002707
height,17047,34.149,MAC Field Scanner Field Plot 111 Season 2,FALSE,Maricopa,6000000276,6000002707
height,17051,34.149,MAC Field Scanner Field Plot 111 Season 2,FALSE,Maricopa,6000000276,6000002707
height,17052,34.149,MAC Field Scanner Field Plot 111 Season 2,FALSE,Maricopa,6000000276,6000002707
height,17054,44.725,MAC Field Scanner Field Plot 111 Season 2,FALSE,Maricopa,6000000276,6000002707
height,17056,50.013,MAC Field Scanner Field Plot 111 Season 2,FALSE,Maricopa,6000000276,6000002707
height,17057,51.996,MAC Field Scanner Field Plot 111 Season 2,FALSE,Maricopa,6000000276,6000002707
height,17058,55.301,MAC Field Scanner Field Plot 111 Season 2,FALSE,Maricopa,6000000276,6000002707
height,17064,63.894,MAC Field Scanner Field Plot 111 Season 2,FALSE,Maricopa,6000000276,6000002707
height,17067,64.555,MAC Field Scanner Field Plot 111 Season 2,FALSE,Maricopa,6000000276,6000002707
height,17069,65.877,MAC Field Scanner Field Plot 111 Season 2,FALSE,Maricopa,6000000276,6000002707
height,17070,65.877,MAC Field Scanner Field Plot 111 Season 2,FALSE,Maricopa,6000000276,6000002707
height,17071,69.182,MAC Field Scanner Field Plot 111 Season 2,FALSE,Maricopa,6000000276,6000002707
height,17026,31.505,MAC Field Scanner Field Plot 447 Season 2,FALSE,Maricopa,6000000276,6000003043
height,17029,32.166,MAC Field Scanner Field Plot 447 Season 2,FALSE,Maricopa,6000000276,6000003043
height,17030,32.166,MAC Field Scanner Field Plot 447 Season 2,FALSE,Maricopa,6000000276,6000003043
height,17036,32.166,MAC Field Scanner Field Plot 447 Season 2,FALSE,Maricopa,6000000276,6000003043
height,17038,33.488,MAC Field Scanner Field Plot 447 Season 2,FALSE,Maricopa,6000000276,6000003043
height,17054,47.369,MAC Field Scanner Field Plot 447 Season 2,FALSE,Maricopa,6000000276,6000003043
height,17055,52.657,MAC Field Scanner Field Plot 447 Season 2,FALSE,Maricopa,6000000276,6000003043
height,17058,59.928,MAC Field Scanner Field Plot 447 Season 2,FALSE,Maricopa,6000000276,6000003043
height,17067,87.029,MAC Field Scanner Field Plot 447 Season 2,FALSE,Maricopa,6000000276,6000003043
height,17026,31.505,MAC Field Scanner Field Plot 446 Season 2,FALSE,Maricopa,6000000276,6000003042
height,17029,31.505,MAC Field Scanner Field Plot 446 Season 2,FALSE,Maricopa,6000000276,6000003042
height,17030,31.505,MAC Field Scanner Field Plot 446 Season 2,FALSE,Maricopa,6000000276,6000003042
height,17036,31.505,MAC Field Scanner Field Plot 446 Season 2,FALSE,Maricopa,6000000276,6000003042
height,17038,34.149,MAC Field Scanner Field Plot 446 Season 2,FALSE,Maricopa,6000000276,6000003042
height,17040,34.149,MAC Field Scanner Field Plot 446 Season 2,FALSE,Maricopa,6000000276,6000003042
height,17054,46.708,MAC Field Scanner Field Plot 446 Season 2,FALSE,Maricopa,6000000276,6000003042
height,17055,50.013,MAC Field Scanner Field Plot 446 Season 2,FALSE,Maricopa,6000000276,6000003042
height,17058,57.284,MAC Field Scanner Field Plot 446 Season 2,FALSE,Maricopa,6000000276,6000003042
height,17067,69.182,MAC Field Scanner Field Plot 446 Season 2,FALSE,Maricopa,6000000276,6000003042
height,17025,30.844,MAC Field Scanner Field Plot 91 Season 2,FALSE,Maricopa,6000000277,6000002687
height,17026,30.844,MAC Field Scanner Field Plot 91 Season 2,FALSE,Maricopa,6000000277,6000002687
height,17027,30.844,MAC Field Scanner Field Plot 91 Season 2,FALSE,Maricopa,6000000277,6000002687
height,17028,30.844,MAC Field Scanner Field Plot 91 Season 2,FALSE,Maricopa,6000000277,6000002687
height,17029,30.844,MAC Field Scanner Field Plot 91 Season 2,FALSE,Maricopa,6000000277,6000002687
height,17030,30.844,MAC Field Scanner Field Plot 91 Season 2,FALSE,Maricopa,6000000277,6000002687
height,17031,30.844,MAC Field Scanner Field Plot 91 Season 2,FALSE,Maricopa,6000000277,6000002687
height,17047,33.488,MAC Field Scanner Field Plot 91 Season 2,FALSE,Maricopa,6000000277,6000002687
height,17051,55.962,MAC Field Scanner Field Plot 91 Season 2,FALSE,Maricopa,6000000277,6000002687
height,17052,57.945,MAC Field Scanner Field Plot 91 Season 2,FALSE,Maricopa,6000000277,6000002687
height,17054,61.911,MAC Field Scanner Field Plot 91 Season 2,FALSE,Maricopa,6000000277,6000002687
height,17056,64.555,MAC Field Scanner Field Plot 91 Season 2,FALSE,Maricopa,6000000277,6000002687
height,17058,67.86,MAC Field Scanner Field Plot 91 Season 2,FALSE,Maricopa,6000000277,6000002687
height,17064,73.148,MAC Field Scanner Field Plot 91 Season 2,FALSE,Maricopa,6000000277,6000002687
height,17067,76.453,MAC Field Scanner Field Plot 91 Season 2,FALSE,Maricopa,6000000277,6000002687
height,17069,76.453,MAC Field Scanner Field Plot 91 Season 2,FALSE,Maricopa,6000000277,6000002687
height,17070,76.453,MAC Field Scanner Field Plot 91 Season 2,FALSE,Maricopa,6000000277,6000002687
height,17071,77.114,MAC Field Scanner Field Plot 91 Season 2,FALSE,Maricopa,6000000277,6000002687
height,17022,31.505,MAC Field Scanner Field Plot 90 Season 2,FALSE,Maricopa,6000000277,6000002686
height,17025,31.505,MAC Field Scanner Field Plot 90 Season 2,FALSE,Maricopa,6000000277,6000002686
height,17026,31.505,MAC Field Scanner Field Plot 90 Season 2,FALSE,Maricopa,6000000277,6000002686
height,17027,31.505,MAC Field Scanner Field Plot 90 Season 2,FALSE,Maricopa,6000000277,6000002686
height,17028,31.505,MAC Field Scanner Field Plot 90 Season 2,FALSE,Maricopa,6000000277,6000002686
height,17029,31.505,MAC Field Scanner Field Plot 90 Season 2,FALSE,Maricopa,6000000277,6000002686
height,17030,31.505,MAC Field Scanner Field Plot 90 Season 2,FALSE,Maricopa,6000000277,6000002686
height,17031,31.505,MAC Field Scanner Field Plot 90 Season 2,FALSE,Maricopa,6000000277,6000002686
height,17039,35.471,MAC Field Scanner Field Plot 90 Season 2,FALSE,Maricopa,6000000277,6000002686
height,17043,34.81,MAC Field Scanner Field Plot 90 Season 2,FALSE,Maricopa,6000000277,6000002686
height,17047,35.471,MAC Field Scanner Field Plot 90 Season 2,FALSE,Maricopa,6000000277,6000002686
height,17051,57.945,MAC Field Scanner Field Plot 90 Season 2,FALSE,Maricopa,6000000277,6000002686
height,17052,59.267,MAC Field Scanner Field Plot 90 Season 2,FALSE,Maricopa,6000000277,6000002686
height,17054,63.894,MAC Field Scanner Field Plot 90 Season 2,FALSE,Maricopa,6000000277,6000002686
height,17056,67.199,MAC Field Scanner Field Plot 90 Season 2,FALSE,Maricopa,6000000277,6000002686
height,17057,69.843,MAC Field Scanner Field Plot 90 Season 2,FALSE,Maricopa,6000000277,6000002686
height,17058,70.504,MAC Field Scanner Field Plot 90 Season 2,FALSE,Maricopa,6000000277,6000002686
height,17064,75.792,MAC Field Scanner Field Plot 90 Season 2,FALSE,Maricopa,6000000277,6000002686
height,17067,77.775,MAC Field Scanner Field Plot 90 Season 2,FALSE,Maricopa,6000000277,6000002686
height,17069,79.758,MAC Field Scanner Field Plot 90 Season 2,FALSE,Maricopa,6000000277,6000002686
height,17070,79.758,MAC Field Scanner Field Plot 90 Season 2,FALSE,Maricopa,6000000277,6000002686
height,17071,80.419,MAC Field Scanner Field Plot 90 Season 2,FALSE,Maricopa,6000000277,6000002686
